-0.8 2.18053
-0.8 2.22223
-0.8 2.21505
-0.779798 1.98207
-0.779798 2.02499
-0.779798 2.02453
-0.759596 1.86564
-0.759596 1.88183
-0.759596 1.85141
-0.739394 1.79854
-0.739394 1.72364
-0.739394 1.79601
-0.719192 1.66545
-0.719192 1.63418
-0.719192 1.68405
-0.69899 1.6319
-0.69899 1.59102
-0.69899 1.65028
-0.678788 1.5838
-0.678788 1.54035
-0.678788 1.52275
-0.658586 1.44466
-0.658586 1.4775
-0.658586 1.4181
-0.638384 1.39742
-0.638384 1.44552
-0.638384 1.42457
-0.618182 1.37123
-0.618182 1.34865
-0.618182 1.29829
-0.59798 1.27774
-0.59798 1.29046
-0.59798 1.31312
-0.577778 1.20931
-0.577778 1.20168
-0.577778 1.19816
-0.557576 1.15766
-0.557576 1.13217
-0.557576 1.18337
-0.537374 1.08625
-0.537374 1.15815
-0.537374 1.16447
-0.517172 1.10736
-0.517172 1.11254
-0.517172 1.10624
-0.49697 0.986688
-0.49697 0.994641
-0.49697 1.04136
-0.476768 0.937764
-0.476768 0.968765
-0.476768 1.00132
-0.456566 0.887172
-0.456566 0.932041
-0.456566 0.950913
-0.436364 0.902966
-0.436364 0.831723
-0.436364 0.899352
-0.416162 0.794262
-0.416162 0.854713
-0.416162 0.842716
-0.39596 0.823194
-0.39596 0.809067
-0.39596 0.765704
-0.375758 0.732899
-0.375758 0.781646
-0.375758 0.709421
-0.355556 0.700309
-0.355556 0.699775
-0.355556 0.707102
-0.335354 0.681907
-0.335354 0.661187
-0.335354 0.715013
-0.315152 0.647507
-0.315152 0.637082
-0.315152 0.633185
-0.294949 0.603431
-0.294949 0.611353
-0.294949 0.632619
-0.274747 0.605218
-0.274747 0.606601
-0.274747 0.594848
-0.254545 0.563217
-0.254545 0.577487
-0.254545 0.538851
-0.234343 0.46499
-0.234343 0.536531
-0.234343 0.47121
-0.214141 0.488602
-0.214141 0.429228
-0.214141 0.461422
-0.193939 0.473287
-0.193939 0.406812
-0.193939 0.42714
-0.173737 0.461062
-0.173737 0.368585
-0.173737 0.426967
-0.153535 0.337027
-0.153535 0.374116
-0.153535 0.413109
-0.133333 0.390219
-0.133333 0.371041
-0.133333 0.405964
-0.113131 0.302766
-0.113131 0.359503
-0.113131 0.329348
-0.0929293 0.266176
-0.0929293 0.331507
-0.0929293 0.301565
-0.0727273 0.331391
-0.0727273 0.295681
-0.0727273 0.326126
-0.0525252 0.237028
-0.0525252 0.237086
-0.0525252 0.279284
-0.0323232 0.240178
-0.0323232 0.280716
-0.0323232 0.262026
-0.0121212 0.208467
-0.0121212 0.238446
-0.0121212 0.184355
0.00808081 0.234164
0.00808081 0.235022
0.00808081 0.192122
0.0282828 0.212306
0.0282828 0.141665
0.0282828 0.143673
0.0484849 0.198565
0.0484849 0.108587
0.0484849 0.107903
0.0686869 0.140859
0.0686869 0.0925486
0.0686869 0.0991864
0.0888889 0.0742778
0.0888889 0.135266
0.0888889 0.100838
0.109091 0.0939891
0.109091 0.0750981
0.109091 0.0695804
0.129293 0.0882473
0.129293 0.08099
0.129293 0.0714316
0.149495 0.0357327
0.149495 0.0962052
0.149495 0.0872083
0.169697 0.0605528
0.169697 0.0828222
0.169697 0.0556882
0.189899 0.00738141
0.189899 0.0782851
0.189899 0.00703045
0.210101 0.0601788
0.210101 0.0257082
0.210101 -0.00918364
0.230303 -0.00614022
0.230303 0.0318431
0.230303 0.0345593
0.250505 0.0312561
0.250505 0.0537909
0.250505 -0.00792361
0.270707 -0.00966526
0.270707 0.0297677
0.270707 -0.030427
0.290909 -0.0382848
0.290909 -0.0368443
0.290909 -0.0373814
0.311111 -0.0341514
0.311111 -0.0447352
0.311111 0.0125663
0.331313 0.0161788
0.331313 -0.0270629
0.331313 0.00822874
0.351515 -0.0290523
0.351515 -0.0546878
0.351515 -0.0692635
0.371717 0.0049838
0.371717 -0.0784355
0.371717 -0.021195
0.391919 -0.0139101
0.391919 0.00147427
0.391919 -0.0695545
0.412121 -0.0887771
0.412121 -0.0148643
0.412121 -0.0914963
0.432323 -0.0422261
0.432323 -0.0100077
0.432323 -0.0670193
0.452525 -0.0523214
0.452525 -0.0353134
0.452525 -0.0236523
0.472727 -0.0807822
0.472727 -0.0970028
0.472727 -0.099487
0.492929 -0.0345231
0.492929 -0.0606836
0.492929 -0.040755
0.513131 -0.0574873
0.513131 -0.0972559
0.513131 -0.0908623
0.533333 -0.0135928
0.533333 -0.0680103
0.533333 -0.100729
0.553535 -0.0809467
0.553535 -0.0792956
0.553535 -0.084145
0.573737 -0.0192449
0.573737 -0.0150914
0.573737 -0.0429334
0.593939 -0.0847968
0.593939 -0.066559
0.593939 -0.0836432
0.614141 -0.0375261
0.614141 -0.0086617
0.614141 -0.0267653
0.634343 1.52454e-05
0.634343 -0.0128971
0.634343 -0.0594775
0.654545 -0.0763356
0.654545 -0.0192507
0.654545 -0.0903436
0.674747 -0.00812214
0.674747 -0.00757586
0.674747 -0.0175035
0.694949 -0.0198388
0.694949 0.00414565
0.694949 -0.00747275
0.715152 -0.0789859
0.715152 -0.0378957
0.715152 0.0121607
0.735354 -0.0498948
0.735354 0.0164707
0.735354 -0.0709709
0.755556 -0.045342
0.755556 0.0124723
0.755556 -0.0350054
0.775758 0.0374485
0.775758 0.00295644
0.775758 0.0195494
0.79596 -0.0182191
0.79596 0.00122121
0.79596 -0.0429299
0.816162 0.0421612
0.816162 0.0462782
0.816162 0.0371928
0.836364 0.00428615
0.836364 0.0232046
0.836364 0.0221334
0.856566 -0.0309038
0.856566 -0.0185895
0.856566 -0.0033547
0.876768 0.0315033
0.876768 0.0360811
0.876768 0.0176296
0.89697 0.057338
0.89697 0.0350442
0.89697 -0.0159095
0.917172 0.0248558
0.917172 0.0376949
0.917172 -0.00348063
0.937374 0.00191249
0.937374 0.0964039
0.937374 0.0701336
0.957576 0.0895953
0.957576 0.0670818
0.957576 0.0917835
0.977778 0.089743
0.977778 0.0163765
0.977778 0.0775753
0.99798 0.0603897
0.99798 0.0509107
0.99798 0.110416
1.01818 0.121607
1.01818 0.0817654
1.01818 0.125877
1.03838 0.0776717
1.03838 0.0672253
1.03838 0.0837846
1.05859 0.0419994
1.05859 0.0614031
1.05859 0.124051
1.07879 0.101348
1.07879 0.0481119
1.07879 0.0709978
1.09899 0.0483261
1.09899 0.0707481
1.09899 0.13361
1.11919 0.0581893
1.11919 0.0926386
1.11919 0.0615738
1.13939 0.100074
1.13939 0.0504689
1.13939 0.0720394
1.1596 0.0665328
1.1596 0.108624
1.1596 0.071019
1.1798 -0.010542
1.1798 -0.00437723
1.1798 0.0684552
1.2 -0.172693
1.2 -0.152682
1.2 -0.131599
