-0.8 1.17412
-0.8 1.17412
-0.8 1.17412
-0.779798 1.15803
-0.779798 1.15803
-0.779798 1.15803
-0.759596 1.14194
-0.759596 1.14194
-0.759596 1.14194
-0.739394 1.12586
-0.739394 1.12586
-0.739394 1.12586
-0.719192 1.10977
-0.719192 1.10977
-0.719192 1.10977
-0.69899 1.09368
-0.69899 1.09368
-0.69899 1.09368
-0.678788 1.07759
-0.678788 1.07759
-0.678788 1.07759
-0.658586 1.0615
-0.658586 1.0615
-0.658586 1.0615
-0.638384 1.04542
-0.638384 1.04542
-0.638384 1.04542
-0.618182 1.02933
-0.618182 1.02933
-0.618182 1.02933
-0.59798 1.01324
-0.59798 1.01324
-0.59798 1.01324
-0.577778 0.997152
-0.577778 0.997152
-0.577778 0.997152
-0.557576 0.981064
-0.557576 0.981064
-0.557576 0.981064
-0.537374 0.964976
-0.537374 0.964976
-0.537374 0.964976
-0.517172 0.948888
-0.517172 0.948888
-0.517172 0.948888
-0.49697 0.9328
-0.49697 0.9328
-0.49697 0.9328
-0.476768 0.916712
-0.476768 0.916712
-0.476768 0.916712
-0.456566 0.900624
-0.456566 0.900624
-0.456566 0.900624
-0.436364 0.884536
-0.436364 0.884536
-0.436364 0.884536
-0.416162 0.868448
-0.416162 0.868448
-0.416162 0.868448
-0.39596 0.85236
-0.39596 0.85236
-0.39596 0.85236
-0.375758 0.836272
-0.375758 0.836272
-0.375758 0.836272
-0.355556 0.820184
-0.355556 0.820184
-0.355556 0.820184
-0.335354 0.804096
-0.335354 0.804096
-0.335354 0.804096
-0.315152 0.788008
-0.315152 0.788008
-0.315152 0.788008
-0.294949 0.77192
-0.294949 0.77192
-0.294949 0.77192
-0.274747 0.755832
-0.274747 0.755832
-0.274747 0.755832
-0.254545 0.739744
-0.254545 0.739744
-0.254545 0.739744
-0.234343 0.723656
-0.234343 0.723656
-0.234343 0.723656
-0.214141 0.707569
-0.214141 0.707569
-0.214141 0.707569
-0.193939 0.691481
-0.193939 0.691481
-0.193939 0.691481
-0.173737 0.675393
-0.173737 0.675393
-0.173737 0.675393
-0.153535 0.659305
-0.153535 0.659305
-0.153535 0.659305
-0.133333 0.643217
-0.133333 0.643217
-0.133333 0.643217
-0.113131 0.627129
-0.113131 0.627129
-0.113131 0.627129
-0.0929293 0.611041
-0.0929293 0.611041
-0.0929293 0.611041
-0.0727273 0.594953
-0.0727273 0.594953
-0.0727273 0.594953
-0.0525252 0.578865
-0.0525252 0.578865
-0.0525252 0.578865
-0.0323232 0.562777
-0.0323232 0.562777
-0.0323232 0.562777
-0.0121212 0.546689
-0.0121212 0.546689
-0.0121212 0.546689
0.00808081 0.530601
0.00808081 0.530601
0.00808081 0.530601
0.0282828 0.514513
0.0282828 0.514513
0.0282828 0.514513
0.0484849 0.498425
0.0484849 0.498425
0.0484849 0.498425
0.0686869 0.482337
0.0686869 0.482337
0.0686869 0.482337
0.0888889 0.466249
0.0888889 0.466249
0.0888889 0.466249
0.109091 0.450161
0.109091 0.450161
0.109091 0.450161
0.129293 0.434073
0.129293 0.434073
0.129293 0.434073
0.149495 0.417985
0.149495 0.417985
0.149495 0.417985
0.169697 0.401897
0.169697 0.401897
0.169697 0.401897
0.189899 0.385809
0.189899 0.385809
0.189899 0.385809
0.210101 0.369721
0.210101 0.369721
0.210101 0.369721
0.230303 0.353634
0.230303 0.353634
0.230303 0.353634
0.250505 0.337546
0.250505 0.337546
0.250505 0.337546
0.270707 0.321458
0.270707 0.321458
0.270707 0.321458
0.290909 0.30537
0.290909 0.30537
0.290909 0.30537
0.311111 0.289282
0.311111 0.289282
0.311111 0.289282
0.331313 0.273194
0.331313 0.273194
0.331313 0.273194
0.351515 0.257106
0.351515 0.257106
0.351515 0.257106
0.371717 0.241018
0.371717 0.241018
0.371717 0.241018
0.391919 0.22493
0.391919 0.22493
0.391919 0.22493
0.412121 0.208842
0.412121 0.208842
0.412121 0.208842
0.432323 0.192754
0.432323 0.192754
0.432323 0.192754
0.452525 0.176666
0.452525 0.176666
0.452525 0.176666
0.472727 0.160578
0.472727 0.160578
0.472727 0.160578
0.492929 0.14449
0.492929 0.14449
0.492929 0.14449
0.513131 0.128402
0.513131 0.128402
0.513131 0.128402
0.533333 0.112314
0.533333 0.112314
0.533333 0.112314
0.553535 0.0962262
0.553535 0.0962262
0.553535 0.0962262
0.573737 0.0801383
0.573737 0.0801383
0.573737 0.0801383
0.593939 0.0640503
0.593939 0.0640503
0.593939 0.0640503
0.614141 0.0479624
0.614141 0.0479624
0.614141 0.0479624
0.634343 0.0318744
0.634343 0.0318744
0.634343 0.0318744
0.654545 0.0157864
0.654545 0.0157864
0.654545 0.0157864
0.674747 -0.000301517
0.674747 -0.000301517
0.674747 -0.000301517
0.694949 -0.0163895
0.694949 -0.0163895
0.694949 -0.0163895
0.715152 -0.0324774
0.715152 -0.0324774
0.715152 -0.0324774
0.735354 -0.0485654
0.735354 -0.0485654
0.735354 -0.0485654
0.755556 -0.0646533
0.755556 -0.0646533
0.755556 -0.0646533
0.775758 -0.0807413
0.775758 -0.0807413
0.775758 -0.0807413
0.79596 -0.0968293
0.79596 -0.0968293
0.79596 -0.0968293
0.816162 -0.112917
0.816162 -0.112917
0.816162 -0.112917
0.836364 -0.129005
0.836364 -0.129005
0.836364 -0.129005
0.856566 -0.145093
0.856566 -0.145093
0.856566 -0.145093
0.876768 -0.161181
0.876768 -0.161181
0.876768 -0.161181
0.89697 -0.177269
0.89697 -0.177269
0.89697 -0.177269
0.917172 -0.193357
0.917172 -0.193357
0.917172 -0.193357
0.937374 -0.209445
0.937374 -0.209445
0.937374 -0.209445
0.957576 -0.225533
0.957576 -0.225533
0.957576 -0.225533
0.977778 -0.241621
0.977778 -0.241621
0.977778 -0.241621
0.99798 -0.257709
0.99798 -0.257709
0.99798 -0.257709
1.01818 -0.273797
1.01818 -0.273797
1.01818 -0.273797
1.03838 -0.289885
1.03838 -0.289885
1.03838 -0.289885
1.05859 -0.305973
1.05859 -0.305973
1.05859 -0.305973
1.07879 -0.322061
1.07879 -0.322061
1.07879 -0.322061
1.09899 -0.338149
1.09899 -0.338149
1.09899 -0.338149
1.11919 -0.354237
1.11919 -0.354237
1.11919 -0.354237
1.13939 -0.370325
1.13939 -0.370325
1.13939 -0.370325
1.1596 -0.386412
1.1596 -0.386412
1.1596 -0.386412
1.1798 -0.4025
1.1798 -0.4025
1.1798 -0.4025
1.2 -0.418588
1.2 -0.418588
1.2 -0.418588
