-0.8 2.08588
-0.8 2.08588
-0.8 2.08588
-0.779798 1.98508
-0.779798 1.98508
-0.779798 1.98508
-0.759596 1.88955
-0.759596 1.88955
-0.759596 1.88955
-0.739394 1.79901
-0.739394 1.79901
-0.739394 1.79901
-0.719192 1.71316
-0.719192 1.71316
-0.719192 1.71316
-0.69899 1.63172
-0.69899 1.63172
-0.69899 1.63172
-0.678788 1.55442
-0.678788 1.55442
-0.678788 1.55442
-0.658586 1.48102
-0.658586 1.48102
-0.658586 1.48102
-0.638384 1.41128
-0.638384 1.41128
-0.638384 1.41128
-0.618182 1.34496
-0.618182 1.34496
-0.618182 1.34496
-0.59798 1.28184
-0.59798 1.28184
-0.59798 1.28184
-0.577778 1.22173
-0.577778 1.22173
-0.577778 1.22173
-0.557576 1.16443
-0.557576 1.16443
-0.557576 1.16443
-0.537374 1.10975
-0.537374 1.10975
-0.537374 1.10975
-0.517172 1.05753
-0.517172 1.05753
-0.517172 1.05753
-0.49697 1.00759
-0.49697 1.00759
-0.49697 1.00759
-0.476768 0.959789
-0.476768 0.959789
-0.476768 0.959789
-0.456566 0.913981
-0.456566 0.913981
-0.456566 0.913981
-0.436364 0.870032
-0.436364 0.870032
-0.436364 0.870032
-0.416162 0.827818
-0.416162 0.827818
-0.416162 0.827818
-0.39596 0.787223
-0.39596 0.787223
-0.39596 0.787223
-0.375758 0.748139
-0.375758 0.748139
-0.375758 0.748139
-0.355556 0.710467
-0.355556 0.710467
-0.355556 0.710467
-0.335354 0.674116
-0.335354 0.674116
-0.335354 0.674116
-0.315152 0.639003
-0.315152 0.639003
-0.315152 0.639003
-0.294949 0.605051
-0.294949 0.605051
-0.294949 0.605051
-0.274747 0.572193
-0.274747 0.572193
-0.274747 0.572193
-0.254545 0.540364
-0.254545 0.540364
-0.254545 0.540364
-0.234343 0.509511
-0.234343 0.509511
-0.234343 0.509511
-0.214141 0.479583
-0.214141 0.479583
-0.214141 0.479583
-0.193939 0.450538
-0.193939 0.450538
-0.193939 0.450538
-0.173737 0.422337
-0.173737 0.422337
-0.173737 0.422337
-0.153535 0.394948
-0.153535 0.394948
-0.153535 0.394948
-0.133333 0.368345
-0.133333 0.368345
-0.133333 0.368345
-0.113131 0.342505
-0.113131 0.342505
-0.113131 0.342505
-0.0929293 0.317409
-0.0929293 0.317409
-0.0929293 0.317409
-0.0727273 0.293046
-0.0727273 0.293046
-0.0727273 0.293046
-0.0525252 0.269404
-0.0525252 0.269404
-0.0525252 0.269404
-0.0323232 0.246479
-0.0323232 0.246479
-0.0323232 0.246479
-0.0121212 0.224267
-0.0121212 0.224267
-0.0121212 0.224267
0.00808081 0.20277
0.00808081 0.20277
0.00808081 0.20277
0.0282828 0.181992
0.0282828 0.181992
0.0282828 0.181992
0.0484849 0.161937
0.0484849 0.161937
0.0484849 0.161937
0.0686869 0.142615
0.0686869 0.142615
0.0686869 0.142615
0.0888889 0.124036
0.0888889 0.124036
0.0888889 0.124036
0.109091 0.106212
0.109091 0.106212
0.109091 0.106212
0.129293 0.0891567
0.129293 0.0891567
0.129293 0.0891567
0.149495 0.0728844
0.149495 0.0728844
0.149495 0.0728844
0.169697 0.0574108
0.169697 0.0574108
0.169697 0.0574108
0.189899 0.0427519
0.189899 0.0427519
0.189899 0.0427519
0.210101 0.0289239
0.210101 0.0289239
0.210101 0.0289239
0.230303 0.0159432
0.230303 0.0159432
0.230303 0.0159432
0.250505 0.00382593
0.250505 0.00382593
0.250505 0.00382593
0.270707 -0.00741259
0.270707 -0.00741259
0.270707 -0.00741259
0.290909 -0.0177577
0.290909 -0.0177577
0.290909 -0.0177577
0.311111 -0.027196
0.311111 -0.027196
0.311111 -0.027196
0.331313 -0.0357154
0.331313 -0.0357154
0.331313 -0.0357154
0.351515 -0.0433055
0.351515 -0.0433055
0.351515 -0.0433055
0.371717 -0.0499582
0.371717 -0.0499582
0.371717 -0.0499582
0.391919 -0.0556672
0.391919 -0.0556672
0.391919 -0.0556672
0.412121 -0.0604292
0.412121 -0.0604292
0.412121 -0.0604292
0.432323 -0.0642435
0.432323 -0.0642435
0.432323 -0.0642435
0.452525 -0.0671126
0.452525 -0.0671126
0.452525 -0.0671126
0.472727 -0.0690424
0.472727 -0.0690424
0.472727 -0.0690424
0.492929 -0.0700425
0.492929 -0.0700425
0.492929 -0.0700425
0.513131 -0.0701266
0.513131 -0.0701266
0.513131 -0.0701266
0.533333 -0.0693124
0.533333 -0.0693124
0.533333 -0.0693124
0.553535 -0.0676226
0.553535 -0.0676226
0.553535 -0.0676226
0.573737 -0.0650842
0.573737 -0.0650842
0.573737 -0.0650842
0.593939 -0.0617297
0.593939 -0.0617297
0.593939 -0.0617297
0.614141 -0.057597
0.614141 -0.057597
0.614141 -0.057597
0.634343 -0.0527295
0.634343 -0.0527295
0.634343 -0.0527295
0.654545 -0.0471767
0.654545 -0.0471767
0.654545 -0.0471767
0.674747 -0.0409943
0.674747 -0.0409943
0.674747 -0.0409943
0.694949 -0.0342446
0.694949 -0.0342446
0.694949 -0.0342446
0.715152 -0.0269968
0.715152 -0.0269968
0.715152 -0.0269968
0.735354 -0.019327
0.735354 -0.019327
0.735354 -0.019327
0.755556 -0.0113189
0.755556 -0.0113189
0.755556 -0.0113189
0.775758 -0.00306387
0.775758 -0.00306387
0.775758 -0.00306387
0.79596 0.00533886
0.79596 0.00533886
0.79596 0.00533886
0.816162 0.0137817
0.816162 0.0137817
0.816162 0.0137817
0.836364 0.0221487
0.836364 0.0221487
0.836364 0.0221487
0.856566 0.0303148
0.856566 0.0303148
0.856566 0.0303148
0.876768 0.038146
0.876768 0.038146
0.876768 0.038146
0.89697 0.045499
0.89697 0.045499
0.89697 0.045499
0.917172 0.0522206
0.917172 0.0522206
0.917172 0.0522206
0.937374 0.0581478
0.937374 0.0581478
0.937374 0.0581478
0.957576 0.0631074
0.957576 0.0631074
0.957576 0.0631074
0.977778 0.0669155
0.977778 0.0669155
0.977778 0.0669155
0.99798 0.0693774
0.99798 0.0693774
0.99798 0.0693774
1.01818 0.0702875
1.01818 0.0702875
1.01818 0.0702875
1.03838 0.0694287
1.03838 0.0694287
1.03838 0.0694287
1.05859 0.0665721
1.05859 0.0665721
1.05859 0.0665721
1.07879 0.0614769
1.07879 0.0614769
1.07879 0.0614769
1.09899 0.0538904
1.09899 0.0538904
1.09899 0.0538904
1.11919 0.0435468
1.11919 0.0435468
1.11919 0.0435468
1.13939 0.030168
1.13939 0.030168
1.13939 0.030168
1.1596 0.0134626
1.1596 0.0134626
1.1596 0.0134626
1.1798 -0.00687426
1.1798 -0.00687426
1.1798 -0.00687426
1.2 -0.031161
1.2 -0.031161
1.2 -0.031161
