-0.8 2.00514
-0.8 2.00514
-0.8 2.00514
-0.779798 1.9288
-0.779798 1.9288
-0.779798 1.9288
-0.759596 1.85425
-0.759596 1.85425
-0.759596 1.85425
-0.739394 1.78147
-0.739394 1.78147
-0.739394 1.78147
-0.719192 1.71045
-0.719192 1.71045
-0.719192 1.71045
-0.69899 1.64118
-0.69899 1.64118
-0.69899 1.64118
-0.678788 1.57362
-0.678788 1.57362
-0.678788 1.57362
-0.658586 1.50778
-0.658586 1.50778
-0.658586 1.50778
-0.638384 1.44362
-0.638384 1.44362
-0.638384 1.44362
-0.618182 1.38114
-0.618182 1.38114
-0.618182 1.38114
-0.59798 1.32031
-0.59798 1.32031
-0.59798 1.32031
-0.577778 1.26113
-0.577778 1.26113
-0.577778 1.26113
-0.557576 1.20356
-0.557576 1.20356
-0.557576 1.20356
-0.537374 1.1476
-0.537374 1.1476
-0.537374 1.1476
-0.517172 1.09323
-0.517172 1.09323
-0.517172 1.09323
-0.49697 1.04042
-0.49697 1.04042
-0.49697 1.04042
-0.476768 0.989169
-0.476768 0.989169
-0.476768 0.989169
-0.456566 0.939446
-0.456566 0.939446
-0.456566 0.939446
-0.436364 0.891238
-0.436364 0.891238
-0.436364 0.891238
-0.416162 0.844525
-0.416162 0.844525
-0.416162 0.844525
-0.39596 0.799289
-0.39596 0.799289
-0.39596 0.799289
-0.375758 0.755511
-0.375758 0.755511
-0.375758 0.755511
-0.355556 0.713172
-0.355556 0.713172
-0.355556 0.713172
-0.335354 0.672254
-0.335354 0.672254
-0.335354 0.672254
-0.315152 0.632736
-0.315152 0.632736
-0.315152 0.632736
-0.294949 0.594601
-0.294949 0.594601
-0.294949 0.594601
-0.274747 0.557827
-0.274747 0.557827
-0.274747 0.557827
-0.254545 0.522396
-0.254545 0.522396
-0.254545 0.522396
-0.234343 0.488288
-0.234343 0.488288
-0.234343 0.488288
-0.214141 0.455482
-0.214141 0.455482
-0.214141 0.455482
-0.193939 0.42396
-0.193939 0.42396
-0.193939 0.42396
-0.173737 0.393699
-0.173737 0.393699
-0.173737 0.393699
-0.153535 0.364681
-0.153535 0.364681
-0.153535 0.364681
-0.133333 0.336885
-0.133333 0.336885
-0.133333 0.336885
-0.113131 0.31029
-0.113131 0.31029
-0.113131 0.31029
-0.0929293 0.284875
-0.0929293 0.284875
-0.0929293 0.284875
-0.0727273 0.260619
-0.0727273 0.260619
-0.0727273 0.260619
-0.0525252 0.237501
-0.0525252 0.237501
-0.0525252 0.237501
-0.0323232 0.215501
-0.0323232 0.215501
-0.0323232 0.215501
-0.0121212 0.194595
-0.0121212 0.194595
-0.0121212 0.194595
0.00808081 0.174764
0.00808081 0.174764
0.00808081 0.174764
0.0282828 0.155986
0.0282828 0.155986
0.0282828 0.155986
0.0484849 0.138237
0.0484849 0.138237
0.0484849 0.138237
0.0686869 0.121498
0.0686869 0.121498
0.0686869 0.121498
0.0888889 0.105745
0.0888889 0.105745
0.0888889 0.105745
0.109091 0.0909556
0.109091 0.0909556
0.109091 0.0909556
0.129293 0.0771084
0.129293 0.0771084
0.129293 0.0771084
0.149495 0.0641805
0.149495 0.0641805
0.149495 0.0641805
0.169697 0.0521491
0.169697 0.0521491
0.169697 0.0521491
0.189899 0.0409914
0.189899 0.0409914
0.189899 0.0409914
0.210101 0.0306844
0.210101 0.0306844
0.210101 0.0306844
0.230303 0.021205
0.230303 0.021205
0.230303 0.021205
0.250505 0.0125299
0.250505 0.0125299
0.250505 0.0125299
0.270707 0.00463569
0.270707 0.00463569
0.270707 0.00463569
0.290909 -0.00250121
0.290909 -0.00250121
0.290909 -0.00250121
0.311111 -0.00890452
0.311111 -0.00890452
0.311111 -0.00890452
0.331313 -0.0145981
0.331313 -0.0145981
0.331313 -0.0145981
0.351515 -0.0196059
0.351515 -0.0196059
0.351515 -0.0196059
0.371717 -0.0239522
0.371717 -0.0239522
0.371717 -0.0239522
0.391919 -0.0276612
0.391919 -0.0276612
0.391919 -0.0276612
0.412121 -0.0307574
0.412121 -0.0307574
0.412121 -0.0307574
0.432323 -0.0332654
0.432323 -0.0332654
0.432323 -0.0332654
0.452525 -0.0352098
0.452525 -0.0352098
0.452525 -0.0352098
0.472727 -0.0366157
0.472727 -0.0366157
0.472727 -0.0366157
0.492929 -0.0375079
0.492929 -0.0375079
0.492929 -0.0375079
0.513131 -0.0379118
0.513131 -0.0379118
0.513131 -0.0379118
0.533333 -0.0378525
0.533333 -0.0378525
0.533333 -0.0378525
0.553535 -0.0373556
0.553535 -0.0373556
0.553535 -0.0373556
0.573737 -0.0364468
0.573737 -0.0364468
0.573737 -0.0364468
0.593939 -0.0351516
0.593939 -0.0351516
0.593939 -0.0351516
0.614141 -0.0334961
0.614141 -0.0334961
0.614141 -0.0334961
0.634343 -0.0315063
0.634343 -0.0315063
0.634343 -0.0315063
0.654545 -0.0292084
0.654545 -0.0292084
0.654545 -0.0292084
0.674747 -0.0266288
0.674747 -0.0266288
0.674747 -0.0266288
0.694949 -0.0237938
0.694949 -0.0237938
0.694949 -0.0237938
0.715152 -0.0207302
0.715152 -0.0207302
0.715152 -0.0207302
0.735354 -0.0174648
0.735354 -0.0174648
0.735354 -0.0174648
0.755556 -0.0140244
0.755556 -0.0140244
0.755556 -0.0140244
0.775758 -0.0104361
0.775758 -0.0104361
0.775758 -0.0104361
0.79596 -0.00672716
0.79596 -0.00672716
0.79596 -0.00672716
0.816162 -0.00292492
0.816162 -0.00292492
0.816162 -0.00292492
0.836364 0.000943106
0.836364 0.000943106
0.836364 0.000943106
0.856566 0.00484927
0.856566 0.00484927
0.856566 0.00484927
0.876768 0.00876577
0.876768 0.00876577
0.876768 0.00876577
0.89697 0.0126647
0.89697 0.0126647
0.89697 0.0126647
0.917172 0.0165179
0.917172 0.0165179
0.917172 0.0165179
0.937374 0.0202971
0.937374 0.0202971
0.937374 0.0202971
0.957576 0.0239741
0.957576 0.0239741
0.957576 0.0239741
0.977778 0.0275202
0.977778 0.0275202
0.977778 0.0275202
0.99798 0.0309068
0.99798 0.0309068
0.99798 0.0309068
1.01818 0.034105
1.01818 0.034105
1.01818 0.034105
1.03838 0.037086
1.03838 0.037086
1.03838 0.037086
1.05859 0.0398205
1.05859 0.0398205
1.05859 0.0398205
1.07879 0.0422793
1.07879 0.0422793
1.07879 0.0422793
1.09899 0.0444331
1.09899 0.0444331
1.09899 0.0444331
1.11919 0.0462523
1.11919 0.0462523
1.11919 0.0462523
1.13939 0.0477071
1.13939 0.0477071
1.13939 0.0477071
1.1596 0.0487678
1.1596 0.0487678
1.1596 0.0487678
1.1798 0.0494044
1.1798 0.0494044
1.1798 0.0494044
1.2 0.0495867
1.2 0.0495867
1.2 0.0495867
