-0.8 2.01298
-0.8 2.01298
-0.8 2.01298
-0.779798 1.93505
-0.779798 1.93505
-0.779798 1.93505
-0.759596 1.85907
-0.759596 1.85907
-0.759596 1.85907
-0.739394 1.78499
-0.739394 1.78499
-0.739394 1.78499
-0.719192 1.7128
-0.719192 1.7128
-0.719192 1.7128
-0.69899 1.64248
-0.69899 1.64248
-0.69899 1.64248
-0.678788 1.574
-0.678788 1.574
-0.678788 1.574
-0.658586 1.50734
-0.658586 1.50734
-0.658586 1.50734
-0.638384 1.44248
-0.638384 1.44248
-0.638384 1.44248
-0.618182 1.37939
-0.618182 1.37939
-0.618182 1.37939
-0.59798 1.31805
-0.59798 1.31805
-0.59798 1.31805
-0.577778 1.25844
-0.577778 1.25844
-0.577778 1.25844
-0.557576 1.20053
-0.557576 1.20053
-0.557576 1.20053
-0.537374 1.1443
-0.537374 1.1443
-0.537374 1.1443
-0.517172 1.08973
-0.517172 1.08973
-0.517172 1.08973
-0.49697 1.03679
-0.49697 1.03679
-0.49697 1.03679
-0.476768 0.985468
-0.476768 0.985468
-0.476768 0.985468
-0.456566 0.935731
-0.456566 0.935731
-0.456566 0.935731
-0.436364 0.887559
-0.436364 0.887559
-0.436364 0.887559
-0.416162 0.840928
-0.416162 0.840928
-0.416162 0.840928
-0.39596 0.795817
-0.39596 0.795817
-0.39596 0.795817
-0.375758 0.752201
-0.375758 0.752201
-0.375758 0.752201
-0.355556 0.710057
-0.355556 0.710057
-0.355556 0.710057
-0.335354 0.669363
-0.335354 0.669363
-0.335354 0.669363
-0.315152 0.630095
-0.315152 0.630095
-0.315152 0.630095
-0.294949 0.59223
-0.294949 0.59223
-0.294949 0.59223
-0.274747 0.555745
-0.274747 0.555745
-0.274747 0.555745
-0.254545 0.520617
-0.254545 0.520617
-0.254545 0.520617
-0.234343 0.486822
-0.234343 0.486822
-0.234343 0.486822
-0.214141 0.454338
-0.214141 0.454338
-0.214141 0.454338
-0.193939 0.423141
-0.193939 0.423141
-0.193939 0.423141
-0.173737 0.393209
-0.173737 0.393209
-0.173737 0.393209
-0.153535 0.364517
-0.153535 0.364517
-0.153535 0.364517
-0.133333 0.337044
-0.133333 0.337044
-0.133333 0.337044
-0.113131 0.310765
-0.113131 0.310765
-0.113131 0.310765
-0.0929293 0.285659
-0.0929293 0.285659
-0.0929293 0.285659
-0.0727273 0.2617
-0.0727273 0.2617
-0.0727273 0.2617
-0.0525252 0.238868
-0.0525252 0.238868
-0.0525252 0.238868
-0.0323232 0.217137
-0.0323232 0.217137
-0.0323232 0.217137
-0.0121212 0.196486
-0.0121212 0.196486
-0.0121212 0.196486
0.00808081 0.176891
0.00808081 0.176891
0.00808081 0.176891
0.0282828 0.158329
0.0282828 0.158329
0.0282828 0.158329
0.0484849 0.140776
0.0484849 0.140776
0.0484849 0.140776
0.0686869 0.12421
0.0686869 0.12421
0.0686869 0.12421
0.0888889 0.108608
0.0888889 0.108608
0.0888889 0.108608
0.109091 0.093946
0.109091 0.093946
0.109091 0.093946
0.129293 0.0802013
0.129293 0.0802013
0.129293 0.0802013
0.149495 0.0673507
0.149495 0.0673507
0.149495 0.0673507
0.169697 0.0553712
0.169697 0.0553712
0.169697 0.0553712
0.189899 0.0442395
0.189899 0.0442395
0.189899 0.0442395
0.210101 0.0339325
0.210101 0.0339325
0.210101 0.0339325
0.230303 0.0244271
0.230303 0.0244271
0.230303 0.0244271
0.250505 0.0157002
0.250505 0.0157002
0.250505 0.0157002
0.270707 0.00772855
0.270707 0.00772855
0.270707 0.00772855
0.290909 0.000489125
0.290909 0.000489125
0.290909 0.000489125
0.311111 -0.00604124
0.311111 -0.00604124
0.311111 -0.00604124
0.331313 -0.0118857
0.331313 -0.0118857
0.331313 -0.0118857
0.351515 -0.0170673
0.351515 -0.0170673
0.351515 -0.0170673
0.371717 -0.0216093
0.371717 -0.0216093
0.371717 -0.0216093
0.391919 -0.0255348
0.391919 -0.0255348
0.391919 -0.0255348
0.412121 -0.0288669
0.412121 -0.0288669
0.412121 -0.0288669
0.432323 -0.0316287
0.432323 -0.0316287
0.432323 -0.0316287
0.452525 -0.0338434
0.452525 -0.0338434
0.452525 -0.0338434
0.472727 -0.0355341
0.472727 -0.0355341
0.472727 -0.0355341
0.492929 -0.0367239
0.492929 -0.0367239
0.492929 -0.0367239
0.513131 -0.0374361
0.513131 -0.0374361
0.513131 -0.0374361
0.533333 -0.0376936
0.533333 -0.0376936
0.533333 -0.0376936
0.553535 -0.0375197
0.553535 -0.0375197
0.553535 -0.0375197
0.573737 -0.0369374
0.573737 -0.0369374
0.573737 -0.0369374
0.593939 -0.03597
0.593939 -0.03597
0.593939 -0.03597
0.614141 -0.0346405
0.614141 -0.0346405
0.614141 -0.0346405
0.634343 -0.032972
0.634343 -0.032972
0.634343 -0.032972
0.654545 -0.0309878
0.654545 -0.0309878
0.654545 -0.0309878
0.674747 -0.0287109
0.674747 -0.0287109
0.674747 -0.0287109
0.694949 -0.0261645
0.694949 -0.0261645
0.694949 -0.0261645
0.715152 -0.0233717
0.715152 -0.0233717
0.715152 -0.0233717
0.735354 -0.0203556
0.735354 -0.0203556
0.735354 -0.0203556
0.755556 -0.0171394
0.755556 -0.0171394
0.755556 -0.0171394
0.775758 -0.0137462
0.775758 -0.0137462
0.775758 -0.0137462
0.79596 -0.0101992
0.79596 -0.0101992
0.79596 -0.0101992
0.816162 -0.00652139
0.816162 -0.00652139
0.816162 -0.00652139
0.836364 -0.00273602
0.836364 -0.00273602
0.836364 -0.00273602
0.856566 0.00113382
0.856566 0.00113382
0.856566 0.00113382
0.876768 0.00506498
0.876768 0.00506498
0.876768 0.00506498
0.89697 0.00903435
0.89697 0.00903435
0.89697 0.00903435
0.917172 0.0130188
0.917172 0.0130188
0.917172 0.0130188
0.937374 0.0169951
0.937374 0.0169951
0.937374 0.0169951
0.957576 0.0209403
0.957576 0.0209403
0.957576 0.0209403
0.977778 0.0248311
0.977778 0.0248311
0.977778 0.0248311
0.99798 0.0286444
0.99798 0.0286444
0.99798 0.0286444
1.01818 0.0323572
1.01818 0.0323572
1.01818 0.0323572
1.03838 0.0359462
1.03838 0.0359462
1.03838 0.0359462
1.05859 0.0393883
1.05859 0.0393883
1.05859 0.0393883
1.07879 0.0426604
1.07879 0.0426604
1.07879 0.0426604
1.09899 0.0457394
1.09899 0.0457394
1.09899 0.0457394
1.11919 0.0486021
1.11919 0.0486021
1.11919 0.0486021
1.13939 0.0512254
1.13939 0.0512254
1.13939 0.0512254
1.1596 0.0535862
1.1596 0.0535862
1.1596 0.0535862
1.1798 0.0556613
1.1798 0.0556613
1.1798 0.0556613
1.2 0.0574277
1.2 0.0574277
1.2 0.0574277
