-0.8 1.83156
-0.8 1.83156
-0.8 1.83156
-0.779798 1.77562
-0.779798 1.77562
-0.779798 1.77562
-0.759596 1.7205
-0.759596 1.7205
-0.759596 1.7205
-0.739394 1.6662
-0.739394 1.6662
-0.739394 1.6662
-0.719192 1.6127
-0.719192 1.6127
-0.719192 1.6127
-0.69899 1.56002
-0.69899 1.56002
-0.69899 1.56002
-0.678788 1.50816
-0.678788 1.50816
-0.678788 1.50816
-0.658586 1.4571
-0.658586 1.4571
-0.658586 1.4571
-0.638384 1.40686
-0.638384 1.40686
-0.638384 1.40686
-0.618182 1.35744
-0.618182 1.35744
-0.618182 1.35744
-0.59798 1.30882
-0.59798 1.30882
-0.59798 1.30882
-0.577778 1.26102
-0.577778 1.26102
-0.577778 1.26102
-0.557576 1.21403
-0.557576 1.21403
-0.557576 1.21403
-0.537374 1.16786
-0.537374 1.16786
-0.537374 1.16786
-0.517172 1.1225
-0.517172 1.1225
-0.517172 1.1225
-0.49697 1.07795
-0.49697 1.07795
-0.49697 1.07795
-0.476768 1.03421
-0.476768 1.03421
-0.476768 1.03421
-0.456566 0.991291
-0.456566 0.991291
-0.456566 0.991291
-0.436364 0.949182
-0.436364 0.949182
-0.436364 0.949182
-0.416162 0.907886
-0.416162 0.907886
-0.416162 0.907886
-0.39596 0.867404
-0.39596 0.867404
-0.39596 0.867404
-0.375758 0.827734
-0.375758 0.827734
-0.375758 0.827734
-0.355556 0.788878
-0.355556 0.788878
-0.355556 0.788878
-0.335354 0.750835
-0.335354 0.750835
-0.335354 0.750835
-0.315152 0.713605
-0.315152 0.713605
-0.315152 0.713605
-0.294949 0.677188
-0.294949 0.677188
-0.294949 0.677188
-0.274747 0.641584
-0.274747 0.641584
-0.274747 0.641584
-0.254545 0.606793
-0.254545 0.606793
-0.254545 0.606793
-0.234343 0.572816
-0.234343 0.572816
-0.234343 0.572816
-0.214141 0.539652
-0.214141 0.539652
-0.214141 0.539652
-0.193939 0.507301
-0.193939 0.507301
-0.193939 0.507301
-0.173737 0.475763
-0.173737 0.475763
-0.173737 0.475763
-0.153535 0.445038
-0.153535 0.445038
-0.153535 0.445038
-0.133333 0.415126
-0.133333 0.415126
-0.133333 0.415126
-0.113131 0.386028
-0.113131 0.386028
-0.113131 0.386028
-0.0929293 0.357743
-0.0929293 0.357743
-0.0929293 0.357743
-0.0727273 0.330271
-0.0727273 0.330271
-0.0727273 0.330271
-0.0525252 0.303612
-0.0525252 0.303612
-0.0525252 0.303612
-0.0323232 0.277766
-0.0323232 0.277766
-0.0323232 0.277766
-0.0121212 0.252733
-0.0121212 0.252733
-0.0121212 0.252733
0.00808081 0.228514
0.00808081 0.228514
0.00808081 0.228514
0.0282828 0.205107
0.0282828 0.205107
0.0282828 0.205107
0.0484849 0.182514
0.0484849 0.182514
0.0484849 0.182514
0.0686869 0.160734
0.0686869 0.160734
0.0686869 0.160734
0.0888889 0.139767
0.0888889 0.139767
0.0888889 0.139767
0.109091 0.119613
0.109091 0.119613
0.109091 0.119613
0.129293 0.100273
0.129293 0.100273
0.129293 0.100273
0.149495 0.0817453
0.149495 0.0817453
0.149495 0.0817453
0.169697 0.0640311
0.169697 0.0640311
0.169697 0.0640311
0.189899 0.04713
0.189899 0.04713
0.189899 0.04713
0.210101 0.031042
0.210101 0.031042
0.210101 0.031042
0.230303 0.0157672
0.230303 0.0157672
0.230303 0.0157672
0.250505 0.00130556
0.250505 0.00130556
0.250505 0.00130556
0.270707 -0.0123429
0.270707 -0.0123429
0.270707 -0.0123429
0.290909 -0.0251783
0.290909 -0.0251783
0.290909 -0.0251783
0.311111 -0.0372004
0.311111 -0.0372004
0.311111 -0.0372004
0.331313 -0.0484095
0.331313 -0.0484095
0.331313 -0.0484095
0.351515 -0.0588053
0.351515 -0.0588053
0.351515 -0.0588053
0.371717 -0.068388
0.371717 -0.068388
0.371717 -0.068388
0.391919 -0.0771576
0.391919 -0.0771576
0.391919 -0.0771576
0.412121 -0.085114
0.412121 -0.085114
0.412121 -0.085114
0.432323 -0.0922572
0.432323 -0.0922572
0.432323 -0.0922572
0.452525 -0.0985873
0.452525 -0.0985873
0.452525 -0.0985873
0.472727 -0.104104
0.472727 -0.104104
0.472727 -0.104104
0.492929 -0.108808
0.492929 -0.108808
0.492929 -0.108808
0.513131 -0.112699
0.513131 -0.112699
0.513131 -0.112699
0.533333 -0.115776
0.533333 -0.115776
0.533333 -0.115776
0.553535 -0.11804
0.553535 -0.11804
0.553535 -0.11804
0.573737 -0.119492
0.573737 -0.119492
0.573737 -0.119492
0.593939 -0.12013
0.593939 -0.12013
0.593939 -0.12013
0.614141 -0.119954
0.614141 -0.119954
0.614141 -0.119954
0.634343 -0.118966
0.634343 -0.118966
0.634343 -0.118966
0.654545 -0.117165
0.654545 -0.117165
0.654545 -0.117165
0.674747 -0.11455
0.674747 -0.11455
0.674747 -0.11455
0.694949 -0.111122
0.694949 -0.111122
0.694949 -0.111122
0.715152 -0.106881
0.715152 -0.106881
0.715152 -0.106881
0.735354 -0.101827
0.735354 -0.101827
0.735354 -0.101827
0.755556 -0.0959598
0.755556 -0.0959598
0.755556 -0.0959598
0.775758 -0.0892794
0.775758 -0.0892794
0.775758 -0.0892794
0.79596 -0.0817859
0.79596 -0.0817859
0.79596 -0.0817859
0.816162 -0.0734791
0.816162 -0.0734791
0.816162 -0.0734791
0.836364 -0.0643593
0.836364 -0.0643593
0.836364 -0.0643593
0.856566 -0.0544262
0.856566 -0.0544262
0.856566 -0.0544262
0.876768 -0.04368
0.876768 -0.04368
0.876768 -0.04368
0.89697 -0.0321207
0.89697 -0.0321207
0.89697 -0.0321207
0.917172 -0.0197482
0.917172 -0.0197482
0.917172 -0.0197482
0.937374 -0.00656253
0.937374 -0.00656253
0.937374 -0.00656253
0.957576 0.00743629
0.957576 0.00743629
0.957576 0.00743629
0.977778 0.0222483
0.977778 0.0222483
0.977778 0.0222483
0.99798 0.0378734
0.99798 0.0378734
0.99798 0.0378734
1.01818 0.0543117
1.01818 0.0543117
1.01818 0.0543117
1.03838 0.0715631
1.03838 0.0715631
1.03838 0.0715631
1.05859 0.0896277
1.05859 0.0896277
1.05859 0.0896277
1.07879 0.108505
1.07879 0.108505
1.07879 0.108505
1.09899 0.128196
1.09899 0.128196
1.09899 0.128196
1.11919 0.1487
1.11919 0.1487
1.11919 0.1487
1.13939 0.170018
1.13939 0.170018
1.13939 0.170018
1.1596 0.192148
1.1596 0.192148
1.1596 0.192148
1.1798 0.215092
1.1798 0.215092
1.1798 0.215092
1.2 0.238848
1.2 0.238848
1.2 0.238848
