-0.799999 2.20938
-0.799599 2.18183
-0.799199 2.16948
-0.798799 2.15986
-0.798399 2.15164
-0.797999 2.14432
-0.797599 2.13764
-0.797198 2.13145
-0.796798 2.12564
-0.796398 2.12015
-0.795998 2.11492
-0.795598 2.10991
-0.795198 2.1051
-0.794798 2.10046
-0.794398 2.09596
-0.793998 2.09161
-0.793598 2.08738
-0.793198 2.08325
-0.792798 2.07923
-0.792397 2.0753
-0.791997 2.07146
-0.791597 2.0677
-0.791197 2.06401
-0.790797 2.06038
-0.790397 2.05683
-0.789997 2.05333
-0.789597 2.04989
-0.789197 2.0465
-0.788797 2.04317
-0.788397 2.03988
-0.787997 2.03664
-0.787597 2.03344
-0.787196 2.03028
-0.786796 2.02716
-0.786396 2.02408
-0.785996 2.02104
-0.785596 2.01802
-0.785196 2.01505
-0.784796 2.0121
-0.784396 2.00918
-0.783996 2.0063
-0.783596 2.00344
-0.783196 2.00061
-0.782796 1.9978
-0.782395 1.99502
-0.781995 1.99227
-0.781595 1.98953
-0.781195 1.98683
-0.780795 1.98414
-0.780395 1.98147
-0.779995 1.97883
-0.779595 1.9762
-0.779195 1.9736
-0.778795 1.97101
-0.778395 1.96845
-0.777995 1.9659
-0.777595 1.96337
-0.777194 1.96085
-0.776794 1.95835
-0.776394 1.95587
-0.775994 1.95341
-0.775594 1.95096
-0.775194 1.94852
-0.774794 1.9461
-0.774394 1.9437
-0.773994 1.9413
-0.773594 1.93893
-0.773194 1.93656
-0.772794 1.93421
-0.772394 1.93187
-0.771993 1.92954
-0.771593 1.92723
-0.771193 1.92493
-0.770793 1.92264
-0.770393 1.92036
-0.769993 1.91809
-0.769593 1.91584
-0.769193 1.91359
-0.768793 1.91136
-0.768393 1.90913
-0.767993 1.90692
-0.767593 1.90471
-0.767192 1.90252
-0.766792 1.90034
-0.766392 1.89816
-0.765992 1.896
-0.765592 1.89384
-0.765192 1.8917
-0.764792 1.88956
-0.764392 1.88743
-0.763992 1.88531
-0.763592 1.8832
-0.763192 1.88109
-0.762792 1.879
-0.762392 1.87691
-0.761991 1.87483
-0.761591 1.87276
-0.761191 1.8707
-0.760791 1.86864
-0.760391 1.8666
-0.759991 1.86456
-0.759591 1.86252
-0.759191 1.8605
-0.758791 1.85848
-0.758391 1.85647
-0.757991 1.85446
-0.757591 1.85246
-0.75719 1.85047
-0.75679 1.84849
-0.75639 1.84651
-0.75599 1.84454
-0.75559 1.84257
-0.75519 1.84061
-0.75479 1.83866
-0.75439 1.83671
-0.75399 1.83477
-0.75359 1.83284
-0.75319 1.83091
-0.75279 1.82899
-0.75239 1.82707
-0.751989 1.82516
-0.751589 1.82325
-0.751189 1.82135
-0.750789 1.81946
-0.750389 1.81757
-0.749989 1.81568
-0.749589 1.81381
-0.749189 1.81193
-0.748789 1.81006
-0.748389 1.8082
-0.747989 1.80634
-0.747589 1.80449
-0.747188 1.80264
-0.746788 1.8008
-0.746388 1.79896
-0.745988 1.79713
-0.745588 1.7953
-0.745188 1.79348
-0.744788 1.79166
-0.744388 1.78984
-0.743988 1.78803
-0.743588 1.78623
-0.743188 1.78443
-0.742788 1.78263
-0.742388 1.78084
-0.741987 1.77905
-0.741587 1.77727
-0.741187 1.77549
-0.740787 1.77371
-0.740387 1.77194
-0.739987 1.77017
-0.739587 1.76841
-0.739187 1.76665
-0.738787 1.7649
-0.738387 1.76315
-0.737987 1.7614
-0.737587 1.75966
-0.737187 1.75792
-0.736786 1.75618
-0.736386 1.75445
-0.735986 1.75273
-0.735586 1.751
-0.735186 1.74928
-0.734786 1.74757
-0.734386 1.74585
-0.733986 1.74415
-0.733586 1.74244
-0.733186 1.74074
-0.732786 1.73904
-0.732386 1.73735
-0.731985 1.73565
-0.731585 1.73397
-0.731185 1.73228
-0.730785 1.7306
-0.730385 1.72892
-0.729985 1.72725
-0.729585 1.72558
-0.729185 1.72391
-0.728785 1.72225
-0.728385 1.72059
-0.727985 1.71893
-0.727585 1.71727
-0.727185 1.71562
-0.726784 1.71397
-0.726384 1.71233
-0.725984 1.71069
-0.725584 1.70905
-0.725184 1.70741
-0.724784 1.70578
-0.724384 1.70415
-0.723984 1.70252
-0.723584 1.7009
-0.723184 1.69928
-0.722784 1.69766
-0.722384 1.69604
-0.721983 1.69443
-0.721583 1.69282
-0.721183 1.69122
-0.720783 1.68961
-0.720383 1.68801
-0.719983 1.68641
-0.719583 1.68482
-0.719183 1.68322
-0.718783 1.68163
-0.718383 1.68005
-0.717983 1.67846
-0.717583 1.67688
-0.717183 1.6753
-0.716782 1.67373
-0.716382 1.67215
-0.715982 1.67058
-0.715582 1.66901
-0.715182 1.66745
-0.714782 1.66588
-0.714382 1.66432
-0.713982 1.66276
-0.713582 1.66121
-0.713182 1.65965
-0.712782 1.6581
-0.712382 1.65655
-0.711981 1.65501
-0.711581 1.65346
-0.711181 1.65192
-0.710781 1.65038
-0.710381 1.64885
-0.709981 1.64731
-0.709581 1.64578
-0.709181 1.64425
-0.708781 1.64272
-0.708381 1.6412
-0.707981 1.63968
-0.707581 1.63816
-0.707181 1.63664
-0.70678 1.63512
-0.70638 1.63361
-0.70598 1.6321
-0.70558 1.63059
-0.70518 1.62908
-0.70478 1.62758
-0.70438 1.62608
-0.70398 1.62458
-0.70358 1.62308
-0.70318 1.62158
-0.70278 1.62009
-0.70238 1.6186
-0.701979 1.61711
-0.701579 1.61562
-0.701179 1.61414
-0.700779 1.61265
-0.700379 1.61117
-0.699979 1.60969
-0.699579 1.60822
-0.699179 1.60674
-0.698779 1.60527
-0.698379 1.6038
-0.697979 1.60233
-0.697579 1.60086
-0.697179 1.5994
-0.696778 1.59793
-0.696378 1.59647
-0.695978 1.59502
-0.695578 1.59356
-0.695178 1.5921
-0.694778 1.59065
-0.694378 1.5892
-0.693978 1.58775
-0.693578 1.5863
-0.693178 1.58486
-0.692778 1.58341
-0.692378 1.58197
-0.691978 1.58053
-0.691577 1.5791
-0.691177 1.57766
-0.690777 1.57623
-0.690377 1.57479
-0.689977 1.57336
-0.689577 1.57193
-0.689177 1.57051
-0.688777 1.56908
-0.688377 1.56766
-0.687977 1.56624
-0.687577 1.56482
-0.687177 1.5634
-0.686776 1.56199
-0.686376 1.56057
-0.685976 1.55916
-0.685576 1.55775
-0.685176 1.55634
-0.684776 1.55493
-0.684376 1.55353
-0.683976 1.55212
-0.683576 1.55072
-0.683176 1.54932
-0.682776 1.54792
-0.682376 1.54652
-0.681976 1.54513
-0.681575 1.54373
-0.681175 1.54234
-0.680775 1.54095
-0.680375 1.53956
-0.679975 1.53818
-0.679575 1.53679
-0.679175 1.53541
-0.678775 1.53402
-0.678375 1.53264
-0.677975 1.53126
-0.677575 1.52989
-0.677175 1.52851
-0.676774 1.52714
-0.676374 1.52576
-0.675974 1.52439
-0.675574 1.52302
-0.675174 1.52166
-0.674774 1.52029
-0.674374 1.51892
-0.673974 1.51756
-0.673574 1.5162
-0.673174 1.51484
-0.672774 1.51348
-0.672374 1.51212
-0.671974 1.51077
-0.671573 1.50941
-0.671173 1.50806
-0.670773 1.50671
-0.670373 1.50536
-0.669973 1.50401
-0.669573 1.50267
-0.669173 1.50132
-0.668773 1.49998
-0.668373 1.49863
-0.667973 1.49729
-0.667573 1.49595
-0.667173 1.49462
-0.666772 1.49328
-0.666372 1.49194
-0.665972 1.49061
-0.665572 1.48928
-0.665172 1.48795
-0.664772 1.48662
-0.664372 1.48529
-0.663972 1.48396
-0.663572 1.48264
-0.663172 1.48131
-0.662772 1.47999
-0.662372 1.47867
-0.661972 1.47735
-0.661571 1.47603
-0.661171 1.47472
-0.660771 1.4734
-0.660371 1.47209
-0.659971 1.47078
-0.659571 1.46946
-0.659171 1.46815
-0.658771 1.46685
-0.658371 1.46554
-0.657971 1.46423
-0.657571 1.46293
-0.657171 1.46162
-0.65677 1.46032
-0.65637 1.45902
-0.65597 1.45772
-0.65557 1.45642
-0.65517 1.45513
-0.65477 1.45383
-0.65437 1.45254
-0.65397 1.45124
-0.65357 1.44995
-0.65317 1.44866
-0.65277 1.44737
-0.65237 1.44609
-0.65197 1.4448
-0.651569 1.44351
-0.651169 1.44223
-0.650769 1.44095
-0.650369 1.43967
-0.649969 1.43839
-0.649569 1.43711
-0.649169 1.43583
-0.648769 1.43455
-0.648369 1.43328
-0.647969 1.432
-0.647569 1.43073
-0.647169 1.42946
-0.646769 1.42819
-0.646368 1.42692
-0.645968 1.42565
-0.645568 1.42439
-0.645168 1.42312
-0.644768 1.42186
-0.644368 1.42059
-0.643968 1.41933
-0.643568 1.41807
-0.643168 1.41681
-0.642768 1.41555
-0.642368 1.4143
-0.641968 1.41304
-0.641567 1.41179
-0.641167 1.41053
-0.640767 1.40928
-0.640367 1.40803
-0.639967 1.40678
-0.639567 1.40553
-0.639167 1.40428
-0.638767 1.40304
-0.638367 1.40179
-0.637967 1.40055
-0.637567 1.39931
-0.637167 1.39806
-0.636767 1.39682
-0.636366 1.39558
-0.635966 1.39434
-0.635566 1.39311
-0.635166 1.39187
-0.634766 1.39064
-0.634366 1.3894
-0.633966 1.38817
-0.633566 1.38694
-0.633166 1.38571
-0.632766 1.38448
-0.632366 1.38325
-0.631966 1.38202
-0.631565 1.3808
-0.631165 1.37957
-0.630765 1.37835
-0.630365 1.37712
-0.629965 1.3759
-0.629565 1.37468
-0.629165 1.37346
-0.628765 1.37224
-0.628365 1.37102
-0.627965 1.36981
-0.627565 1.36859
-0.627165 1.36738
-0.626765 1.36617
-0.626364 1.36495
-0.625964 1.36374
-0.625564 1.36253
-0.625164 1.36132
-0.624764 1.36012
-0.624364 1.35891
-0.623964 1.3577
-0.623564 1.3565
-0.623164 1.35529
-0.622764 1.35409
-0.622364 1.35289
-0.621964 1.35169
-0.621563 1.35049
-0.621163 1.34929
-0.620763 1.34809
-0.620363 1.3469
-0.619963 1.3457
-0.619563 1.34451
-0.619163 1.34331
-0.618763 1.34212
-0.618363 1.34093
-0.617963 1.33974
-0.617563 1.33855
-0.617163 1.33736
-0.616763 1.33617
-0.616362 1.33499
-0.615962 1.3338
-0.615562 1.33262
-0.615162 1.33143
-0.614762 1.33025
-0.614362 1.32907
-0.613962 1.32789
-0.613562 1.32671
-0.613162 1.32553
-0.612762 1.32435
-0.612362 1.32318
-0.611962 1.322
-0.611562 1.32083
-0.611161 1.31965
-0.610761 1.31848
-0.610361 1.31731
-0.609961 1.31614
-0.609561 1.31497
-0.609161 1.3138
-0.608761 1.31263
-0.608361 1.31147
-0.607961 1.3103
-0.607561 1.30913
-0.607161 1.30797
-0.606761 1.30681
-0.60636 1.30565
-0.60596 1.30448
-0.60556 1.30332
-0.60516 1.30216
-0.60476 1.30101
-0.60436 1.29985
-0.60396 1.29869
-0.60356 1.29754
-0.60316 1.29638
-0.60276 1.29523
-0.60236 1.29408
-0.60196 1.29292
-0.60156 1.29177
-0.601159 1.29062
-0.600759 1.28947
-0.600359 1.28833
-0.599959 1.28718
-0.599559 1.28603
-0.599159 1.28489
-0.598759 1.28374
-0.598359 1.2826
-0.597959 1.28146
-0.597559 1.28031
-0.597159 1.27917
-0.596759 1.27803
-0.596358 1.27689
-0.595958 1.27576
-0.595558 1.27462
-0.595158 1.27348
-0.594758 1.27235
-0.594358 1.27121
-0.593958 1.27008
-0.593558 1.26894
-0.593158 1.26781
-0.592758 1.26668
-0.592358 1.26555
-0.591958 1.26442
-0.591558 1.26329
-0.591157 1.26217
-0.590757 1.26104
-0.590357 1.25991
-0.589957 1.25879
-0.589557 1.25766
-0.589157 1.25654
-0.588757 1.25542
-0.588357 1.2543
-0.587957 1.25318
-0.587557 1.25206
-0.587157 1.25094
-0.586757 1.24982
-0.586356 1.2487
-0.585956 1.24759
-0.585556 1.24647
-0.585156 1.24536
-0.584756 1.24424
-0.584356 1.24313
-0.583956 1.24202
-0.583556 1.24091
-0.583156 1.2398
-0.582756 1.23869
-0.582356 1.23758
-0.581956 1.23647
-0.581556 1.23536
-0.581155 1.23426
-0.580755 1.23315
-0.580355 1.23205
-0.579955 1.23094
-0.579555 1.22984
-0.579155 1.22874
-0.578755 1.22764
-0.578355 1.22654
-0.577955 1.22544
-0.577555 1.22434
-0.577155 1.22324
-0.576755 1.22214
-0.576354 1.22105
-0.575954 1.21995
-0.575554 1.21886
-0.575154 1.21776
-0.574754 1.21667
-0.574354 1.21558
-0.573954 1.21448
-0.573554 1.21339
-0.573154 1.2123
-0.572754 1.21122
-0.572354 1.21013
-0.571954 1.20904
-0.571554 1.20795
-0.571153 1.20687
-0.570753 1.20578
-0.570353 1.2047
-0.569953 1.20361
-0.569553 1.20253
-0.569153 1.20145
-0.568753 1.20037
-0.568353 1.19929
-0.567953 1.19821
-0.567553 1.19713
-0.567153 1.19605
-0.566753 1.19498
-0.566353 1.1939
-0.565952 1.19282
-0.565552 1.19175
-0.565152 1.19067
-0.564752 1.1896
-0.564352 1.18853
-0.563952 1.18746
-0.563552 1.18639
-0.563152 1.18532
-0.562752 1.18425
-0.562352 1.18318
-0.561952 1.18211
-0.561552 1.18104
-0.561151 1.17998
-0.560751 1.17891
-0.560351 1.17785
-0.559951 1.17678
-0.559551 1.17572
-0.559151 1.17466
-0.558751 1.1736
-0.558351 1.17254
-0.557951 1.17148
-0.557551 1.17042
-0.557151 1.16936
-0.556751 1.1683
-0.556351 1.16724
-0.55595 1.16619
-0.55555 1.16513
-0.55515 1.16408
-0.55475 1.16302
-0.55435 1.16197
-0.55395 1.16092
-0.55355 1.15986
-0.55315 1.15881
-0.55275 1.15776
-0.55235 1.15671
-0.55195 1.15566
-0.55155 1.15461
-0.551149 1.15357
-0.550749 1.15252
-0.550349 1.15147
-0.549949 1.15043
-0.549549 1.14939
-0.549149 1.14834
-0.548749 1.1473
-0.548349 1.14626
-0.547949 1.14521
-0.547549 1.14417
-0.547149 1.14313
-0.546749 1.14209
-0.546349 1.14106
-0.545948 1.14002
-0.545548 1.13898
-0.545148 1.13794
-0.544748 1.13691
-0.544348 1.13587
-0.543948 1.13484
-0.543548 1.13381
-0.543148 1.13277
-0.542748 1.13174
-0.542348 1.13071
-0.541948 1.12968
-0.541548 1.12865
-0.541147 1.12762
-0.540747 1.12659
-0.540347 1.12556
-0.539947 1.12453
-0.539547 1.12351
-0.539147 1.12248
-0.538747 1.12146
-0.538347 1.12043
-0.537947 1.11941
-0.537547 1.11839
-0.537147 1.11736
-0.536747 1.11634
-0.536347 1.11532
-0.535946 1.1143
-0.535546 1.11328
-0.535146 1.11226
-0.534746 1.11125
-0.534346 1.11023
-0.533946 1.10921
-0.533546 1.1082
-0.533146 1.10718
-0.532746 1.10617
-0.532346 1.10515
-0.531946 1.10414
-0.531546 1.10313
-0.531145 1.10212
-0.530745 1.1011
-0.530345 1.10009
-0.529945 1.09908
-0.529545 1.09807
-0.529145 1.09707
-0.528745 1.09606
-0.528345 1.09505
-0.527945 1.09405
-0.527545 1.09304
-0.527145 1.09203
-0.526745 1.09103
-0.526345 1.09003
-0.525944 1.08902
-0.525544 1.08802
-0.525144 1.08702
-0.524744 1.08602
-0.524344 1.08502
-0.523944 1.08402
-0.523544 1.08302
-0.523144 1.08202
-0.522744 1.08103
-0.522344 1.08003
-0.521944 1.07903
-0.521544 1.07804
-0.521144 1.07704
-0.520743 1.07605
-0.520343 1.07505
-0.519943 1.07406
-0.519543 1.07307
-0.519143 1.07208
-0.518743 1.07109
-0.518343 1.0701
-0.517943 1.06911
-0.517543 1.06812
-0.517143 1.06713
-0.516743 1.06614
-0.516343 1.06516
-0.515942 1.06417
-0.515542 1.06318
-0.515142 1.0622
-0.514742 1.06122
-0.514342 1.06023
-0.513942 1.05925
-0.513542 1.05827
-0.513142 1.05728
-0.512742 1.0563
-0.512342 1.05532
-0.511942 1.05434
-0.511542 1.05336
-0.511142 1.05239
-0.510741 1.05141
-0.510341 1.05043
-0.509941 1.04945
-0.509541 1.04848
-0.509141 1.0475
-0.508741 1.04653
-0.508341 1.04556
-0.507941 1.04458
-0.507541 1.04361
-0.507141 1.04264
-0.506741 1.04167
-0.506341 1.0407
-0.50594 1.03973
-0.50554 1.03876
-0.50514 1.03779
-0.50474 1.03682
-0.50434 1.03585
-0.50394 1.03489
-0.50354 1.03392
-0.50314 1.03295
-0.50274 1.03199
-0.50234 1.03102
-0.50194 1.03006
-0.50154 1.0291
-0.50114 1.02814
-0.500739 1.02717
-0.500339 1.02621
-0.499939 1.02525
-0.499539 1.02429
-0.499139 1.02333
-0.498739 1.02237
-0.498339 1.02142
-0.497939 1.02046
-0.497539 1.0195
-0.497139 1.01855
-0.496739 1.01759
-0.496339 1.01664
-0.495938 1.01568
-0.495538 1.01473
-0.495138 1.01377
-0.494738 1.01282
-0.494338 1.01187
-0.493938 1.01092
-0.493538 1.00997
-0.493138 1.00902
-0.492738 1.00807
-0.492338 1.00712
-0.491938 1.00617
-0.491538 1.00522
-0.491138 1.00428
-0.490737 1.00333
-0.490337 1.00239
-0.489937 1.00144
-0.489537 1.0005
-0.489137 0.999553
-0.488737 0.99861
-0.488337 0.997667
-0.487937 0.996725
-0.487537 0.995784
-0.487137 0.994843
-0.486737 0.993903
-0.486337 0.992963
-0.485937 0.992024
-0.485536 0.991086
-0.485136 0.990148
-0.484736 0.989211
-0.484336 0.988274
-0.483936 0.987339
-0.483536 0.986403
-0.483136 0.985468
-0.482736 0.984534
-0.482336 0.983601
-0.481936 0.982668
-0.481536 0.981736
-0.481136 0.980804
-0.480735 0.979873
-0.480335 0.978942
-0.479935 0.978012
-0.479535 0.977083
-0.479135 0.976154
-0.478735 0.975226
-0.478335 0.974299
-0.477935 0.973372
-0.477535 0.972445
-0.477135 0.971519
-0.476735 0.970594
-0.476335 0.96967
-0.475935 0.968746
-0.475534 0.967822
-0.475134 0.966899
-0.474734 0.965977
-0.474334 0.965056
-0.473934 0.964135
-0.473534 0.963214
-0.473134 0.962294
-0.472734 0.961375
-0.472334 0.960456
-0.471934 0.959538
-0.471534 0.958621
-0.471134 0.957704
-0.470733 0.956787
-0.470333 0.955871
-0.469933 0.954956
-0.469533 0.954042
-0.469133 0.953128
-0.468733 0.952214
-0.468333 0.951301
-0.467933 0.950389
-0.467533 0.949477
-0.467133 0.948566
-0.466733 0.947656
-0.466333 0.946746
-0.465933 0.945836
-0.465532 0.944927
-0.465132 0.944019
-0.464732 0.943112
-0.464332 0.942204
-0.463932 0.941298
-0.463532 0.940392
-0.463132 0.939487
-0.462732 0.938582
-0.462332 0.937678
-0.461932 0.936774
-0.461532 0.935871
-0.461132 0.934968
-0.460731 0.934066
-0.460331 0.933165
-0.459931 0.932264
-0.459531 0.931364
-0.459131 0.930464
-0.458731 0.929565
-0.458331 0.928667
-0.457931 0.927769
-0.457531 0.926871
-0.457131 0.925974
-0.456731 0.925078
-0.456331 0.924183
-0.455931 0.923287
-0.45553 0.922393
-0.45513 0.921499
-0.45473 0.920605
-0.45433 0.919713
-0.45393 0.91882
-0.45353 0.917928
-0.45313 0.917037
-0.45273 0.916147
-0.45233 0.915257
-0.45193 0.914367
-0.45153 0.913478
-0.45113 0.91259
-0.450729 0.911702
-0.450329 0.910815
-0.449929 0.909928
-0.449529 0.909042
-0.449129 0.908156
-0.448729 0.907271
-0.448329 0.906387
-0.447929 0.905503
-0.447529 0.904619
-0.447129 0.903736
-0.446729 0.902854
-0.446329 0.901972
-0.445929 0.901091
-0.445528 0.900211
-0.445128 0.899331
-0.444728 0.898451
-0.444328 0.897572
-0.443928 0.896694
-0.443528 0.895816
-0.443128 0.894939
-0.442728 0.894062
-0.442328 0.893186
-0.441928 0.89231
-0.441528 0.891435
-0.441128 0.89056
-0.440728 0.889686
-0.440327 0.888813
-0.439927 0.88794
-0.439527 0.887067
-0.439127 0.886196
-0.438727 0.885324
-0.438327 0.884454
-0.437927 0.883583
-0.437527 0.882714
-0.437127 0.881845
-0.436727 0.880976
-0.436327 0.880108
-0.435927 0.87924
-0.435526 0.878374
-0.435126 0.877507
-0.434726 0.876641
-0.434326 0.875776
-0.433926 0.874911
-0.433526 0.874047
-0.433126 0.873183
-0.432726 0.87232
-0.432326 0.871457
-0.431926 0.870595
-0.431526 0.869734
-0.431126 0.868873
-0.430726 0.868012
-0.430325 0.867152
-0.429925 0.866293
-0.429525 0.865434
-0.429125 0.864576
-0.428725 0.863718
-0.428325 0.862861
-0.427925 0.862004
-0.427525 0.861148
-0.427125 0.860292
-0.426725 0.859437
-0.426325 0.858582
-0.425925 0.857728
-0.425524 0.856875
-0.425124 0.856022
-0.424724 0.855169
-0.424324 0.854317
-0.423924 0.853466
-0.423524 0.852615
-0.423124 0.851765
-0.422724 0.850915
-0.422324 0.850065
-0.421924 0.849217
-0.421524 0.848368
-0.421124 0.847521
-0.420724 0.846673
-0.420323 0.845827
-0.419923 0.844981
-0.419523 0.844135
-0.419123 0.84329
-0.418723 0.842445
-0.418323 0.841601
-0.417923 0.840758
-0.417523 0.839915
-0.417123 0.839072
-0.416723 0.83823
-0.416323 0.837389
-0.415923 0.836548
-0.415522 0.835708
-0.415122 0.834868
-0.414722 0.834028
-0.414322 0.83319
-0.413922 0.832351
-0.413522 0.831514
-0.413122 0.830676
-0.412722 0.82984
-0.412322 0.829003
-0.411922 0.828168
-0.411522 0.827332
-0.411122 0.826498
-0.410722 0.825664
-0.410321 0.82483
-0.409921 0.823997
-0.409521 0.823164
-0.409121 0.822332
-0.408721 0.821501
-0.408321 0.82067
-0.407921 0.819839
-0.407521 0.819009
-0.407121 0.81818
-0.406721 0.817351
-0.406321 0.816522
-0.405921 0.815694
-0.40552 0.814867
-0.40512 0.81404
-0.40472 0.813213
-0.40432 0.812387
-0.40392 0.811562
-0.40352 0.810737
-0.40312 0.809913
-0.40272 0.809089
-0.40232 0.808265
-0.40192 0.807443
-0.40152 0.80662
-0.40112 0.805798
-0.40072 0.804977
-0.400319 0.804156
-0.399919 0.803336
-0.399519 0.802516
-0.399119 0.801697
-0.398719 0.800878
-0.398319 0.80006
-0.397919 0.799242
-0.397519 0.798425
-0.397119 0.797608
-0.396719 0.796792
-0.396319 0.795976
-0.395919 0.795161
-0.395519 0.794346
-0.395118 0.793532
-0.394718 0.792718
-0.394318 0.791905
-0.393918 0.791092
-0.393518 0.79028
-0.393118 0.789468
-0.392718 0.788657
-0.392318 0.787846
-0.391918 0.787036
-0.391518 0.786226
-0.391118 0.785417
-0.390718 0.784608
-0.390317 0.7838
-0.389917 0.782992
-0.389517 0.782185
-0.389117 0.781378
-0.388717 0.780572
-0.388317 0.779766
-0.387917 0.778961
-0.387517 0.778156
-0.387117 0.777352
-0.386717 0.776548
-0.386317 0.775745
-0.385917 0.774942
-0.385517 0.77414
-0.385116 0.773338
-0.384716 0.772537
-0.384316 0.771736
-0.383916 0.770936
-0.383516 0.770136
-0.383116 0.769337
-0.382716 0.768538
-0.382316 0.76774
-0.381916 0.766942
-0.381516 0.766145
-0.381116 0.765348
-0.380716 0.764552
-0.380315 0.763756
-0.379915 0.762961
-0.379515 0.762166
-0.379115 0.761371
-0.378715 0.760578
-0.378315 0.759784
-0.377915 0.758991
-0.377515 0.758199
-0.377115 0.757407
-0.376715 0.756616
-0.376315 0.755825
-0.375915 0.755034
-0.375515 0.754244
-0.375114 0.753455
-0.374714 0.752666
-0.374314 0.751877
-0.373914 0.751089
-0.373514 0.750302
-0.373114 0.749515
-0.372714 0.748728
-0.372314 0.747942
-0.371914 0.747157
-0.371514 0.746372
-0.371114 0.745587
-0.370714 0.744803
-0.370313 0.74402
-0.369913 0.743236
-0.369513 0.742454
-0.369113 0.741672
-0.368713 0.74089
-0.368313 0.740109
-0.367913 0.739328
-0.367513 0.738548
-0.367113 0.737768
-0.366713 0.736989
-0.366313 0.73621
-0.365913 0.735432
-0.365513 0.734654
-0.365112 0.733877
-0.364712 0.7331
-0.364312 0.732323
-0.363912 0.731548
-0.363512 0.730772
-0.363112 0.729997
-0.362712 0.729223
-0.362312 0.728449
-0.361912 0.727675
-0.361512 0.726902
-0.361112 0.72613
-0.360712 0.725358
-0.360312 0.724586
-0.359911 0.723815
-0.359511 0.723045
-0.359111 0.722274
-0.358711 0.721505
-0.358311 0.720736
-0.357911 0.719967
-0.357511 0.719199
-0.357111 0.718431
-0.356711 0.717664
-0.356311 0.716897
-0.355911 0.71613
-0.355511 0.715365
-0.35511 0.714599
-0.35471 0.713834
-0.35431 0.71307
-0.35391 0.712306
-0.35351 0.711542
-0.35311 0.710779
-0.35271 0.710017
-0.35231 0.709255
-0.35191 0.708493
-0.35151 0.707732
-0.35111 0.706972
-0.35071 0.706211
-0.35031 0.705452
-0.349909 0.704692
-0.349509 0.703934
-0.349109 0.703175
-0.348709 0.702418
-0.348309 0.70166
-0.347909 0.700903
-0.347509 0.700147
-0.347109 0.699391
-0.346709 0.698636
-0.346309 0.697881
-0.345909 0.697126
-0.345509 0.696372
-0.345108 0.695618
-0.344708 0.694865
-0.344308 0.694113
-0.343908 0.69336
-0.343508 0.692609
-0.343108 0.691857
-0.342708 0.691107
-0.342308 0.690356
-0.341908 0.689606
-0.341508 0.688857
-0.341108 0.688108
-0.340708 0.68736
-0.340308 0.686612
-0.339907 0.685864
-0.339507 0.685117
-0.339107 0.684371
-0.338707 0.683624
-0.338307 0.682879
-0.337907 0.682134
-0.337507 0.681389
-0.337107 0.680645
-0.336707 0.679901
-0.336307 0.679157
-0.335907 0.678415
-0.335507 0.677672
-0.335106 0.67693
-0.334706 0.676189
-0.334306 0.675448
-0.333906 0.674707
-0.333506 0.673967
-0.333106 0.673227
-0.332706 0.672488
-0.332306 0.671749
-0.331906 0.671011
-0.331506 0.670273
-0.331106 0.669536
-0.330706 0.668799
-0.330306 0.668063
-0.329905 0.667327
-0.329505 0.666591
-0.329105 0.665856
-0.328705 0.665122
-0.328305 0.664387
-0.327905 0.663654
-0.327505 0.662921
-0.327105 0.662188
-0.326705 0.661455
-0.326305 0.660724
-0.325905 0.659992
-0.325505 0.659261
-0.325104 0.658531
-0.324704 0.657801
-0.324304 0.657071
-0.323904 0.656342
-0.323504 0.655614
-0.323104 0.654885
-0.322704 0.654158
-0.322304 0.65343
-0.321904 0.652703
-0.321504 0.651977
-0.321104 0.651251
-0.320704 0.650526
-0.320304 0.649801
-0.319903 0.649076
-0.319503 0.648352
-0.319103 0.647628
-0.318703 0.646905
-0.318303 0.646182
-0.317903 0.64546
-0.317503 0.644738
-0.317103 0.644017
-0.316703 0.643296
-0.316303 0.642576
-0.315903 0.641856
-0.315503 0.641136
-0.315103 0.640417
-0.314702 0.639698
-0.314302 0.63898
-0.313902 0.638262
-0.313502 0.637545
-0.313102 0.636828
-0.312702 0.636112
-0.312302 0.635396
-0.311902 0.63468
-0.311502 0.633965
-0.311102 0.63325
-0.310702 0.632536
-0.310302 0.631822
-0.309901 0.631109
-0.309501 0.630396
-0.309101 0.629684
-0.308701 0.628972
-0.308301 0.628261
-0.307901 0.62755
-0.307501 0.626839
-0.307101 0.626129
-0.306701 0.625419
-0.306301 0.62471
-0.305901 0.624001
-0.305501 0.623293
-0.305101 0.622585
-0.3047 0.621877
-0.3043 0.62117
-0.3039 0.620464
-0.3035 0.619758
-0.3031 0.619052
-0.3027 0.618347
-0.3023 0.617642
-0.3019 0.616937
-0.3015 0.616234
-0.3011 0.61553
-0.3007 0.614827
-0.3003 0.614125
-0.299899 0.613422
-0.299499 0.612721
-0.299099 0.612019
-0.298699 0.611319
-0.298299 0.610618
-0.297899 0.609918
-0.297499 0.609219
-0.297099 0.60852
-0.296699 0.607821
-0.296299 0.607123
-0.295899 0.606425
-0.295499 0.605728
-0.295099 0.605031
-0.294698 0.604335
-0.294298 0.603639
-0.293898 0.602944
-0.293498 0.602248
-0.293098 0.601554
-0.292698 0.60086
-0.292298 0.600166
-0.291898 0.599473
-0.291498 0.59878
-0.291098 0.598087
-0.290698 0.597395
-0.290298 0.596704
-0.289897 0.596013
-0.289497 0.595322
-0.289097 0.594632
-0.288697 0.593942
-0.288297 0.593253
-0.287897 0.592564
-0.287497 0.591875
-0.287097 0.591187
-0.286697 0.5905
-0.286297 0.589812
-0.285897 0.589126
-0.285497 0.588439
-0.285097 0.587754
-0.284696 0.587068
-0.284296 0.586383
-0.283896 0.585699
-0.283496 0.585015
-0.283096 0.584331
-0.282696 0.583648
-0.282296 0.582965
-0.281896 0.582282
-0.281496 0.5816
-0.281096 0.580919
-0.280696 0.580238
-0.280296 0.579557
-0.279895 0.578877
-0.279495 0.578197
-0.279095 0.577518
-0.278695 0.576839
-0.278295 0.576161
-0.277895 0.575483
-0.277495 0.574805
-0.277095 0.574128
-0.276695 0.573451
-0.276295 0.572775
-0.275895 0.572099
-0.275495 0.571423
-0.275095 0.570748
-0.274694 0.570074
-0.274294 0.5694
-0.273894 0.568726
-0.273494 0.568053
-0.273094 0.56738
-0.272694 0.566708
-0.272294 0.566036
-0.271894 0.565364
-0.271494 0.564693
-0.271094 0.564022
-0.270694 0.563352
-0.270294 0.562682
-0.269894 0.562013
-0.269493 0.561344
-0.269093 0.560675
-0.268693 0.560007
-0.268293 0.559339
-0.267893 0.558672
-0.267493 0.558005
-0.267093 0.557339
-0.266693 0.556673
-0.266293 0.556007
-0.265893 0.555342
-0.265493 0.554677
-0.265093 0.554013
-0.264692 0.553349
-0.264292 0.552686
-0.263892 0.552023
-0.263492 0.55136
-0.263092 0.550698
-0.262692 0.550037
-0.262292 0.549375
-0.261892 0.548714
-0.261492 0.548054
-0.261092 0.547394
-0.260692 0.546734
-0.260292 0.546075
-0.259892 0.545417
-0.259491 0.544758
-0.259091 0.5441
-0.258691 0.543443
-0.258291 0.542786
-0.257891 0.542129
-0.257491 0.541473
-0.257091 0.540817
-0.256691 0.540162
-0.256291 0.539507
-0.255891 0.538853
-0.255491 0.538199
-0.255091 0.537545
-0.25469 0.536892
-0.25429 0.536239
-0.25389 0.535587
-0.25349 0.534935
-0.25309 0.534283
-0.25269 0.533632
-0.25229 0.532982
-0.25189 0.532331
-0.25149 0.531681
-0.25109 0.531032
-0.25069 0.530383
-0.25029 0.529735
-0.24989 0.529086
-0.249489 0.528439
-0.249089 0.527791
-0.248689 0.527145
-0.248289 0.526498
-0.247889 0.525852
-0.247489 0.525206
-0.247089 0.524561
-0.246689 0.523916
-0.246289 0.523272
-0.245889 0.522628
-0.245489 0.521985
-0.245089 0.521342
-0.244688 0.520699
-0.244288 0.520057
-0.243888 0.519415
-0.243488 0.518773
-0.243088 0.518132
-0.242688 0.517492
-0.242288 0.516852
-0.241888 0.516212
-0.241488 0.515573
-0.241088 0.514934
-0.240688 0.514295
-0.240288 0.513657
-0.239888 0.513019
-0.239487 0.512382
-0.239087 0.511745
-0.238687 0.511109
-0.238287 0.510473
-0.237887 0.509837
-0.237487 0.509202
-0.237087 0.508568
-0.236687 0.507933
-0.236287 0.507299
-0.235887 0.506666
-0.235487 0.506033
-0.235087 0.5054
-0.234687 0.504768
-0.234286 0.504136
-0.233886 0.503505
-0.233486 0.502874
-0.233086 0.502243
-0.232686 0.501613
-0.232286 0.500983
-0.231886 0.500354
-0.231486 0.499725
-0.231086 0.499096
-0.230686 0.498468
-0.230286 0.497841
-0.229886 0.497213
-0.229485 0.496587
-0.229085 0.49596
-0.228685 0.495334
-0.228285 0.494708
-0.227885 0.494083
-0.227485 0.493458
-0.227085 0.492834
-0.226685 0.49221
-0.226285 0.491587
-0.225885 0.490963
-0.225485 0.490341
-0.225085 0.489718
-0.224685 0.489097
-0.224284 0.488475
-0.223884 0.487854
-0.223484 0.487233
-0.223084 0.486613
-0.222684 0.485993
-0.222284 0.485374
-0.221884 0.484755
-0.221484 0.484136
-0.221084 0.483518
-0.220684 0.4829
-0.220284 0.482283
-0.219884 0.481666
-0.219483 0.481049
-0.219083 0.480433
-0.218683 0.479817
-0.218283 0.479202
-0.217883 0.478587
-0.217483 0.477973
-0.217083 0.477358
-0.216683 0.476745
-0.216283 0.476132
-0.215883 0.475519
-0.215483 0.474906
-0.215083 0.474294
-0.214683 0.473682
-0.214282 0.473071
-0.213882 0.47246
-0.213482 0.47185
-0.213082 0.47124
-0.212682 0.47063
-0.212282 0.470021
-0.211882 0.469412
-0.211482 0.468804
-0.211082 0.468196
-0.210682 0.467588
-0.210282 0.466981
-0.209882 0.466374
-0.209481 0.465768
-0.209081 0.465162
-0.208681 0.464557
-0.208281 0.463952
-0.207881 0.463347
-0.207481 0.462742
-0.207081 0.462139
-0.206681 0.461535
-0.206281 0.460932
-0.205881 0.460329
-0.205481 0.459727
-0.205081 0.459125
-0.204681 0.458524
-0.20428 0.457922
-0.20388 0.457322
-0.20348 0.456722
-0.20308 0.456122
-0.20268 0.455522
-0.20228 0.454923
-0.20188 0.454325
-0.20148 0.453726
-0.20108 0.453128
-0.20068 0.452531
-0.20028 0.451934
-0.19988 0.451337
-0.199479 0.450741
-0.199079 0.450145
-0.198679 0.44955
-0.198279 0.448955
-0.197879 0.44836
-0.197479 0.447766
-0.197079 0.447172
-0.196679 0.446579
-0.196279 0.445986
-0.195879 0.445393
-0.195479 0.444801
-0.195079 0.444209
-0.194679 0.443618
-0.194278 0.443027
-0.193878 0.442436
-0.193478 0.441846
-0.193078 0.441256
-0.192678 0.440667
-0.192278 0.440078
-0.191878 0.439489
-0.191478 0.438901
-0.191078 0.438313
-0.190678 0.437726
-0.190278 0.437139
-0.189878 0.436552
-0.189478 0.435966
-0.189077 0.43538
-0.188677 0.434795
-0.188277 0.43421
-0.187877 0.433625
-0.187477 0.433041
-0.187077 0.432457
-0.186677 0.431874
-0.186277 0.431291
-0.185877 0.430708
-0.185477 0.430126
-0.185077 0.429544
-0.184677 0.428963
-0.184276 0.428382
-0.183876 0.427801
-0.183476 0.427221
-0.183076 0.426641
-0.182676 0.426062
-0.182276 0.425483
-0.181876 0.424904
-0.181476 0.424326
-0.181076 0.423748
-0.180676 0.423171
-0.180276 0.422594
-0.179876 0.422017
-0.179476 0.421441
-0.179075 0.420865
-0.178675 0.42029
-0.178275 0.419714
-0.177875 0.41914
-0.177475 0.418566
-0.177075 0.417992
-0.176675 0.417418
-0.176275 0.416845
-0.175875 0.416273
-0.175475 0.4157
-0.175075 0.415128
-0.174675 0.414557
-0.174274 0.413986
-0.173874 0.413415
-0.173474 0.412845
-0.173074 0.412275
-0.172674 0.411705
-0.172274 0.411136
-0.171874 0.410568
-0.171474 0.409999
-0.171074 0.409431
-0.170674 0.408864
-0.170274 0.408297
-0.169874 0.40773
-0.169474 0.407164
-0.169073 0.406598
-0.168673 0.406032
-0.168273 0.405467
-0.167873 0.404902
-0.167473 0.404338
-0.167073 0.403774
-0.166673 0.40321
-0.166273 0.402647
-0.165873 0.402084
-0.165473 0.401522
-0.165073 0.40096
-0.164673 0.400398
-0.164272 0.399837
-0.163872 0.399276
-0.163472 0.398716
-0.163072 0.398156
-0.162672 0.397596
-0.162272 0.397037
-0.161872 0.396478
-0.161472 0.395919
-0.161072 0.395361
-0.160672 0.394803
-0.160272 0.394246
-0.159872 0.393689
-0.159472 0.393133
-0.159071 0.392577
-0.158671 0.392021
-0.158271 0.391465
-0.157871 0.39091
-0.157471 0.390356
-0.157071 0.389802
-0.156671 0.389248
-0.156271 0.388694
-0.155871 0.388141
-0.155471 0.387589
-0.155071 0.387037
-0.154671 0.386485
-0.15427 0.385933
-0.15387 0.385382
-0.15347 0.384831
-0.15307 0.384281
-0.15267 0.383731
-0.15227 0.383182
-0.15187 0.382633
-0.15147 0.382084
-0.15107 0.381536
-0.15067 0.380988
-0.15027 0.38044
-0.14987 0.379893
-0.14947 0.379346
-0.149069 0.3788
-0.148669 0.378254
-0.148269 0.377708
-0.147869 0.377163
-0.147469 0.376618
-0.147069 0.376073
-0.146669 0.375529
-0.146269 0.374986
-0.145869 0.374442
-0.145469 0.373899
-0.145069 0.373357
-0.144669 0.372815
-0.144269 0.372273
-0.143868 0.371732
-0.143468 0.371191
-0.143068 0.37065
-0.142668 0.37011
-0.142268 0.36957
-0.141868 0.369031
-0.141468 0.368491
-0.141068 0.367953
-0.140668 0.367415
-0.140268 0.366877
-0.139868 0.366339
-0.139468 0.365802
-0.139067 0.365265
-0.138667 0.364729
-0.138267 0.364193
-0.137867 0.363657
-0.137467 0.363122
-0.137067 0.362587
-0.136667 0.362053
-0.136267 0.361519
-0.135867 0.360985
-0.135467 0.360452
-0.135067 0.359919
-0.134667 0.359386
-0.134267 0.358854
-0.133866 0.358323
-0.133466 0.357791
-0.133066 0.35726
-0.132666 0.35673
-0.132266 0.3562
-0.131866 0.35567
-0.131466 0.35514
-0.131066 0.354611
-0.130666 0.354083
-0.130266 0.353554
-0.129866 0.353026
-0.129466 0.352499
-0.129065 0.351972
-0.128665 0.351445
-0.128265 0.350919
-0.127865 0.350393
-0.127465 0.349867
-0.127065 0.349342
-0.126665 0.348817
-0.126265 0.348292
-0.125865 0.347768
-0.125465 0.347245
-0.125065 0.346721
-0.124665 0.346198
-0.124265 0.345676
-0.123864 0.345154
-0.123464 0.344632
-0.123064 0.34411
-0.122664 0.343589
-0.122264 0.343069
-0.121864 0.342548
-0.121464 0.342029
-0.121064 0.341509
-0.120664 0.34099
-0.120264 0.340471
-0.119864 0.339953
-0.119464 0.339435
-0.119063 0.338917
-0.118663 0.3384
-0.118263 0.337883
-0.117863 0.337367
-0.117463 0.336851
-0.117063 0.336335
-0.116663 0.33582
-0.116263 0.335305
-0.115863 0.33479
-0.115463 0.334276
-0.115063 0.333762
-0.114663 0.333249
-0.114263 0.332736
-0.113862 0.332223
-0.113462 0.331711
-0.113062 0.331199
-0.112662 0.330687
-0.112262 0.330176
-0.111862 0.329665
-0.111462 0.329155
-0.111062 0.328645
-0.110662 0.328135
-0.110262 0.327626
-0.109862 0.327117
-0.109462 0.326609
-0.109062 0.3261
-0.108661 0.325593
-0.108261 0.325085
-0.107861 0.324578
-0.107461 0.324072
-0.107061 0.323565
-0.106661 0.32306
-0.106261 0.322554
-0.105861 0.322049
-0.105461 0.321544
-0.105061 0.32104
-0.104661 0.320536
-0.104261 0.320032
-0.10386 0.319529
-0.10346 0.319026
-0.10306 0.318524
-0.10266 0.318022
-0.10226 0.31752
-0.10186 0.317019
-0.10146 0.316518
-0.10106 0.316017
-0.10066 0.315517
-0.10026 0.315017
-0.0998597 0.314518
-0.0994596 0.314018
-0.0990595 0.31352
-0.0986594 0.313021
-0.0982594 0.312523
-0.0978593 0.312026
-0.0974592 0.311529
-0.0970591 0.311032
-0.096659 0.310535
-0.096259 0.310039
-0.0958589 0.309543
-0.0954588 0.309048
-0.0950587 0.308553
-0.0946586 0.308059
-0.0942586 0.307564
-0.0938585 0.30707
-0.0934584 0.306577
-0.0930583 0.306084
-0.0926582 0.305591
-0.0922582 0.305099
-0.0918581 0.304607
-0.091458 0.304115
-0.0910579 0.303624
-0.0906578 0.303133
-0.0902578 0.302643
-0.0898577 0.302153
-0.0894576 0.301663
-0.0890575 0.301173
-0.0886574 0.300684
-0.0882574 0.300196
-0.0878573 0.299708
-0.0874572 0.29922
-0.0870571 0.298732
-0.086657 0.298245
-0.086257 0.297758
-0.0858569 0.297272
-0.0854568 0.296786
-0.0850567 0.2963
-0.0846566 0.295815
-0.0842566 0.29533
-0.0838565 0.294846
-0.0834564 0.294361
-0.0830563 0.293878
-0.0826562 0.293394
-0.0822562 0.292911
-0.0818561 0.292429
-0.081456 0.291946
-0.0810559 0.291464
-0.0806559 0.290983
-0.0802558 0.290502
-0.0798557 0.290021
-0.0794556 0.28954
-0.0790555 0.28906
-0.0786555 0.288581
-0.0782554 0.288101
-0.0778553 0.287622
-0.0774552 0.287144
-0.0770551 0.286665
-0.0766551 0.286188
-0.076255 0.28571
-0.0758549 0.285233
-0.0754548 0.284756
-0.0750547 0.28428
-0.0746547 0.283804
-0.0742546 0.283328
-0.0738545 0.282853
-0.0734544 0.282378
-0.0730543 0.281904
-0.0726543 0.281429
-0.0722542 0.280956
-0.0718541 0.280482
-0.071454 0.280009
-0.0710539 0.279536
-0.0706539 0.279064
-0.0702538 0.278592
-0.0698537 0.278121
-0.0694536 0.277649
-0.0690535 0.277179
-0.0686535 0.276708
-0.0682534 0.276238
-0.0678533 0.275768
-0.0674532 0.275299
-0.0670531 0.27483
-0.0666531 0.274361
-0.066253 0.273893
-0.0658529 0.273425
-0.0654528 0.272958
-0.0650527 0.27249
-0.0646527 0.272024
-0.0642526 0.271557
-0.0638525 0.271091
-0.0634524 0.270626
-0.0630523 0.27016
-0.0626523 0.269695
-0.0622522 0.269231
-0.0618521 0.268766
-0.061452 0.268303
-0.0610519 0.267839
-0.0606519 0.267376
-0.0602518 0.266913
-0.0598517 0.266451
-0.0594516 0.265989
-0.0590516 0.265527
-0.0586515 0.265066
-0.0582514 0.264605
-0.0578513 0.264144
-0.0574512 0.263684
-0.0570512 0.263224
-0.0566511 0.262765
-0.056251 0.262306
-0.0558509 0.261847
-0.0554508 0.261389
-0.0550508 0.260931
-0.0546507 0.260473
-0.0542506 0.260016
-0.0538505 0.259559
-0.0534504 0.259102
-0.0530504 0.258646
-0.0526503 0.25819
-0.0522502 0.257735
-0.0518501 0.25728
-0.05145 0.256825
-0.05105 0.256371
-0.0506499 0.255917
-0.0502498 0.255463
-0.0498497 0.25501
-0.0494496 0.254557
-0.0490496 0.254105
-0.0486495 0.253652
-0.0482494 0.253201
-0.0478493 0.252749
-0.0474492 0.252298
-0.0470492 0.251847
-0.0466491 0.251397
-0.046249 0.250947
-0.0458489 0.250498
-0.0454488 0.250048
-0.0450488 0.249599
-0.0446487 0.249151
-0.0442486 0.248703
-0.0438485 0.248255
-0.0434484 0.247807
-0.0430484 0.24736
-0.0426483 0.246914
-0.0422482 0.246467
-0.0418481 0.246021
-0.041448 0.245576
-0.041048 0.24513
-0.0406479 0.244686
-0.0402478 0.244241
-0.0398477 0.243797
-0.0394477 0.243353
-0.0390476 0.24291
-0.0386475 0.242466
-0.0382474 0.242024
-0.0378473 0.241581
-0.0374473 0.241139
-0.0370472 0.240698
-0.0366471 0.240256
-0.036247 0.239816
-0.0358469 0.239375
-0.0354469 0.238935
-0.0350468 0.238495
-0.0346467 0.238055
-0.0342466 0.237616
-0.0338465 0.237178
-0.0334465 0.236739
-0.0330464 0.236301
-0.0326463 0.235864
-0.0322462 0.235426
-0.0318461 0.234989
-0.0314461 0.234553
-0.031046 0.234116
-0.0306459 0.233681
-0.0302458 0.233245
-0.0298457 0.23281
-0.0294457 0.232375
-0.0290456 0.231941
-0.0286455 0.231507
-0.0282454 0.231073
-0.0278453 0.23064
-0.0274453 0.230207
-0.0270452 0.229774
-0.0266451 0.229342
-0.026245 0.22891
-0.0258449 0.228478
-0.0254449 0.228047
-0.0250448 0.227616
-0.0246447 0.227186
-0.0242446 0.226756
-0.0238445 0.226326
-0.0234445 0.225897
-0.0230444 0.225467
-0.0226443 0.225039
-0.0222442 0.22461
-0.0218441 0.224183
-0.0214441 0.223755
-0.021044 0.223328
-0.0206439 0.222901
-0.0202438 0.222474
-0.0198437 0.222048
-0.0194437 0.221622
-0.0190436 0.221197
-0.0186435 0.220772
-0.0182434 0.220347
-0.0178434 0.219923
-0.0174433 0.219499
-0.0170432 0.219075
-0.0166431 0.218652
-0.016243 0.218229
-0.015843 0.217806
-0.0154429 0.217384
-0.0150428 0.216962
-0.0146427 0.21654
-0.0142426 0.216119
-0.0138426 0.215698
-0.0134425 0.215278
-0.0130424 0.214858
-0.0126423 0.214438
-0.0122422 0.214019
-0.0118422 0.2136
-0.0114421 0.213181
-0.011042 0.212763
-0.0106419 0.212345
-0.0102418 0.211927
-0.00984176 0.21151
-0.00944168 0.211093
-0.0090416 0.210677
-0.00864152 0.21026
-0.00824144 0.209845
-0.00784136 0.209429
-0.00744128 0.209014
-0.0070412 0.208599
-0.00664112 0.208185
-0.00624104 0.207771
-0.00584096 0.207357
-0.00544088 0.206944
-0.0050408 0.206531
-0.00464072 0.206118
-0.00424064 0.205706
-0.00384056 0.205294
-0.00344048 0.204882
-0.00304041 0.204471
-0.00264033 0.20406
-0.00224025 0.20365
-0.00184017 0.20324
-0.00144009 0.20283
-0.00104001 0.202421
-0.000639927 0.202011
-0.000239848 0.201603
0.000160232 0.201194
0.000560311 0.200786
0.000960391 0.200379
0.00136047 0.199971
0.00176055 0.199564
0.00216063 0.199158
0.00256071 0.198752
0.00296079 0.198346
0.00336087 0.19794
0.00376095 0.197535
0.00416103 0.19713
0.00456111 0.196726
0.00496119 0.196322
0.00536127 0.195918
0.00576135 0.195514
0.00616143 0.195111
0.00656151 0.194709
0.00696159 0.194306
0.00736166 0.193904
0.00776174 0.193503
0.00816182 0.193101
0.0085619 0.1927
0.00896198 0.1923
0.00936206 0.1919
0.00976214 0.1915
0.0101622 0.1911
0.0105623 0.190701
0.0109624 0.190302
0.0113625 0.189904
0.0117625 0.189506
0.0121626 0.189108
0.0125627 0.18871
0.0129628 0.188313
0.0133629 0.187917
0.0137629 0.18752
0.014163 0.187124
0.0145631 0.186729
0.0149632 0.186333
0.0153633 0.185938
0.0157633 0.185544
0.0161634 0.185149
0.0165635 0.184755
0.0169636 0.184362
0.0173637 0.183969
0.0177637 0.183576
0.0181638 0.183183
0.0185639 0.182791
0.018964 0.182399
0.0193641 0.182008
0.0197641 0.181617
0.0201642 0.181226
0.0205643 0.180836
0.0209644 0.180446
0.0213645 0.180056
0.0217645 0.179667
0.0221646 0.179278
0.0225647 0.178889
0.0229648 0.178501
0.0233648 0.178113
0.0237649 0.177725
0.024165 0.177338
0.0245651 0.176951
0.0249652 0.176564
0.0253652 0.176178
0.0257653 0.175792
0.0261654 0.175407
0.0265655 0.175022
0.0269656 0.174637
0.0273656 0.174252
0.0277657 0.173868
0.0281658 0.173485
0.0285659 0.173101
0.028966 0.172718
0.029366 0.172335
0.0297661 0.171953
0.0301662 0.171571
0.0305663 0.171189
0.0309664 0.170808
0.0313664 0.170427
0.0317665 0.170046
0.0321666 0.169666
0.0325667 0.169286
0.0329668 0.168907
0.0333668 0.168527
0.0337669 0.168149
0.034167 0.16777
0.0345671 0.167392
0.0349672 0.167014
0.0353672 0.166637
0.0357673 0.166259
0.0361674 0.165883
0.0365675 0.165506
0.0369676 0.16513
0.0373676 0.164754
0.0377677 0.164379
0.0381678 0.164004
0.0385679 0.163629
0.038968 0.163255
0.039368 0.162881
0.0397681 0.162507
0.0401682 0.162134
0.0405683 0.161761
0.0409684 0.161388
0.0413684 0.161016
0.0417685 0.160644
0.0421686 0.160272
0.0425687 0.159901
0.0429688 0.15953
0.0433688 0.15916
0.0437689 0.158789
0.044169 0.15842
0.0445691 0.15805
0.0449691 0.157681
0.0453692 0.157312
0.0457693 0.156944
0.0461694 0.156575
0.0465695 0.156208
0.0469695 0.15584
0.0473696 0.155473
0.0477697 0.155106
0.0481698 0.15474
0.0485699 0.154374
0.0489699 0.154008
0.04937 0.153643
0.0497701 0.153278
0.0501702 0.152913
0.0505703 0.152549
0.0509703 0.152185
0.0513704 0.151821
0.0517705 0.151458
0.0521706 0.151095
0.0525707 0.150732
0.0529707 0.15037
0.0533708 0.150008
0.0537709 0.149647
0.054171 0.149285
0.0545711 0.148925
0.0549711 0.148564
0.0553712 0.148204
0.0557713 0.147844
0.0561714 0.147484
0.0565715 0.147125
0.0569715 0.146766
0.0573716 0.146408
0.0577717 0.14605
0.0581718 0.145692
0.0585719 0.145335
0.0589719 0.144977
0.059372 0.144621
0.0597721 0.144264
0.0601722 0.143908
0.0605723 0.143552
0.0609723 0.143197
0.0613724 0.142842
0.0617725 0.142487
0.0621726 0.142133
0.0625727 0.141779
0.0629727 0.141425
0.0633728 0.141072
0.0637729 0.140719
0.064173 0.140366
0.0645731 0.140014
0.0649731 0.139662
0.0653732 0.13931
0.0657733 0.138959
0.0661734 0.138608
0.0665734 0.138258
0.0669735 0.137907
0.0673736 0.137558
0.0677737 0.137208
0.0681738 0.136859
0.0685738 0.13651
0.0689739 0.136161
0.069374 0.135813
0.0697741 0.135465
0.0701742 0.135118
0.0705742 0.134771
0.0709743 0.134424
0.0713744 0.134077
0.0717745 0.133731
0.0721746 0.133385
0.0725746 0.13304
0.0729747 0.132695
0.0733748 0.13235
0.0737749 0.132005
0.074175 0.131661
0.074575 0.131318
0.0749751 0.130974
0.0753752 0.130631
0.0757753 0.130288
0.0761754 0.129946
0.0765754 0.129604
0.0769755 0.129262
0.0773756 0.128921
0.0777757 0.12858
0.0781758 0.128239
0.0785758 0.127899
0.0789759 0.127559
0.079376 0.127219
0.0797761 0.12688
0.0801762 0.126541
0.0805762 0.126202
0.0809763 0.125864
0.0813764 0.125526
0.0817765 0.125188
0.0821766 0.124851
0.0825766 0.124514
0.0829767 0.124177
0.0833768 0.123841
0.0837769 0.123505
0.084177 0.123169
0.084577 0.122834
0.0849771 0.122499
0.0853772 0.122165
0.0857773 0.12183
0.0861773 0.121496
0.0865774 0.121163
0.0869775 0.12083
0.0873776 0.120497
0.0877777 0.120164
0.0881777 0.119832
0.0885778 0.1195
0.0889779 0.119169
0.089378 0.118837
0.0897781 0.118506
0.0901781 0.118176
0.0905782 0.117846
0.0909783 0.117516
0.0913784 0.117186
0.0917785 0.116857
0.0921785 0.116528
0.0925786 0.1162
0.0929787 0.115872
0.0933788 0.115544
0.0937789 0.115216
0.0941789 0.114889
0.094579 0.114562
0.0949791 0.114236
0.0953792 0.11391
0.0957793 0.113584
0.0961793 0.113259
0.0965794 0.112933
0.0969795 0.112609
0.0973796 0.112284
0.0977797 0.11196
0.0981797 0.111636
0.0985798 0.111313
0.0989799 0.11099
0.09938 0.110667
0.0997801 0.110345
0.10018 0.110022
0.10058 0.109701
0.10098 0.109379
0.10138 0.109058
0.10178 0.108737
0.102181 0.108417
0.102581 0.108097
0.102981 0.107777
0.103381 0.107458
0.103781 0.107139
0.104181 0.10682
0.104581 0.106502
0.104981 0.106184
0.105381 0.105866
0.105781 0.105548
0.106181 0.105231
0.106581 0.104915
0.106981 0.104598
0.107382 0.104282
0.107782 0.103966
0.108182 0.103651
0.108582 0.103336
0.108982 0.103021
0.109382 0.102707
0.109782 0.102393
0.110182 0.102079
0.110582 0.101766
0.110982 0.101453
0.111382 0.10114
0.111782 0.100828
0.112183 0.100516
0.112583 0.100204
0.112983 0.0998926
0.113383 0.0995816
0.113783 0.0992709
0.114183 0.0989605
0.114583 0.0986505
0.114983 0.0983408
0.115383 0.0980314
0.115783 0.0977224
0.116183 0.0974137
0.116583 0.0971053
0.116983 0.0967973
0.117384 0.0964896
0.117784 0.0961823
0.118184 0.0958752
0.118584 0.0955685
0.118984 0.0952622
0.119384 0.0949561
0.119784 0.0946505
0.120184 0.0943451
0.120584 0.0940401
0.120984 0.0937354
0.121384 0.093431
0.121784 0.093127
0.122185 0.0928233
0.122585 0.0925199
0.122985 0.0922169
0.123385 0.0919142
0.123785 0.0916118
0.124185 0.0913098
0.124585 0.0910081
0.124985 0.0907067
0.125385 0.0904057
0.125785 0.090105
0.126185 0.0898046
0.126585 0.0895046
0.126985 0.0892049
0.127386 0.0889055
0.127786 0.0886065
0.128186 0.0883077
0.128586 0.0880094
0.128986 0.0877113
0.129386 0.0874136
0.129786 0.0871162
0.130186 0.0868192
0.130586 0.0865224
0.130986 0.086226
0.131386 0.08593
0.131786 0.0856342
0.132187 0.0853389
0.132587 0.0850438
0.132987 0.084749
0.133387 0.0844546
0.133787 0.0841606
0.134187 0.0838668
0.134587 0.0835734
0.134987 0.0832803
0.135387 0.0829876
0.135787 0.0826952
0.136187 0.0824031
0.136587 0.0821113
0.136987 0.0818199
0.137388 0.0815288
0.137788 0.081238
0.138188 0.0809476
0.138588 0.0806575
0.138988 0.0803677
0.139388 0.0800782
0.139788 0.0797891
0.140188 0.0795003
0.140588 0.0792119
0.140988 0.0789237
0.141388 0.0786359
0.141788 0.0783485
0.142188 0.0780613
0.142589 0.0777745
0.142989 0.077488
0.143389 0.0772019
0.143789 0.0769161
0.144189 0.0766306
0.144589 0.0763454
0.144989 0.0760606
0.145389 0.075776
0.145789 0.0754919
0.146189 0.075208
0.146589 0.0749245
0.146989 0.0746413
0.14739 0.0743584
0.14779 0.0740759
0.14819 0.0737937
0.14859 0.0735118
0.14899 0.0732303
0.14939 0.0729491
0.14979 0.0726682
0.15019 0.0723876
0.15059 0.0721074
0.15099 0.0718274
0.15139 0.0715479
0.15179 0.0712686
0.15219 0.0709897
0.152591 0.0707111
0.152991 0.0704328
0.153391 0.0701549
0.153791 0.0698773
0.154191 0.0696
0.154591 0.069323
0.154991 0.0690464
0.155391 0.0687701
0.155791 0.0684941
0.156191 0.0682185
0.156591 0.0679431
0.156991 0.0676681
0.157392 0.0673935
0.157792 0.0671191
0.158192 0.0668451
0.158592 0.0665714
0.158992 0.0662981
0.159392 0.066025
0.159792 0.0657523
0.160192 0.0654799
0.160592 0.0652079
0.160992 0.0649362
0.161392 0.0646648
0.161792 0.0643937
0.162192 0.0641229
0.162593 0.0638525
0.162993 0.0635824
0.163393 0.0633126
0.163793 0.0630432
0.164193 0.0627741
0.164593 0.0625053
0.164993 0.0622368
0.165393 0.0619687
0.165793 0.0617009
0.166193 0.0614334
0.166593 0.0611662
0.166993 0.0608994
0.167394 0.0606329
0.167794 0.0603667
0.168194 0.0601008
0.168594 0.0598353
0.168994 0.0595701
0.169394 0.0593052
0.169794 0.0590406
0.170194 0.0587764
0.170594 0.0585125
0.170994 0.0582489
0.171394 0.0579856
0.171794 0.0577227
0.172194 0.0574601
0.172595 0.0571978
0.172995 0.0569358
0.173395 0.0566742
0.173795 0.0564128
0.174195 0.0561519
0.174595 0.0558912
0.174995 0.0556308
0.175395 0.0553708
0.175795 0.0551111
0.176195 0.0548518
0.176595 0.0545927
0.176995 0.054334
0.177396 0.0540756
0.177796 0.0538175
0.178196 0.0535598
0.178596 0.0533023
0.178996 0.0530452
0.179396 0.0527884
0.179796 0.052532
0.180196 0.0522759
0.180596 0.05202
0.180996 0.0517646
0.181396 0.0515094
0.181796 0.0512546
0.182196 0.051
0.182597 0.0507458
0.182997 0.050492
0.183397 0.0502384
0.183797 0.0499852
0.184197 0.0497323
0.184597 0.0494797
0.184997 0.0492274
0.185397 0.0489755
0.185797 0.0487239
0.186197 0.0484726
0.186597 0.0482216
0.186997 0.047971
0.187397 0.0477207
0.187798 0.0474707
0.188198 0.047221
0.188598 0.0469716
0.188998 0.0467226
0.189398 0.0464739
0.189798 0.0462255
0.190198 0.0459774
0.190598 0.0457297
0.190998 0.0454822
0.191398 0.0452351
0.191798 0.0449883
0.192198 0.0447419
0.192599 0.0444957
0.192999 0.0442499
0.193399 0.0440044
0.193799 0.0437592
0.194199 0.0435144
0.194599 0.0432698
0.194999 0.0430256
0.195399 0.0427817
0.195799 0.0425382
0.196199 0.0422949
0.196599 0.042052
0.196999 0.0418094
0.197399 0.0415671
0.1978 0.0413251
0.1982 0.0410835
0.1986 0.0408421
0.199 0.0406011
0.1994 0.0403604
0.1998 0.0401201
0.2002 0.03988
0.2006 0.0396403
0.201 0.0394009
0.2014 0.0391618
0.2018 0.038923
0.2022 0.0386846
0.202601 0.0384464
0.203001 0.0382086
0.203401 0.0379712
0.203801 0.037734
0.204201 0.0374971
0.204601 0.0372606
0.205001 0.0370244
0.205401 0.0367885
0.205801 0.0365529
0.206201 0.0363177
0.206601 0.0360827
0.207001 0.0358481
0.207401 0.0356138
0.207802 0.0353799
0.208202 0.0351462
0.208602 0.0349129
0.209002 0.0346798
0.209402 0.0344471
0.209802 0.0342148
0.210202 0.0339827
0.210602 0.0337509
0.211002 0.0335195
0.211402 0.0332884
0.211802 0.0330576
0.212202 0.0328271
0.212603 0.032597
0.213003 0.0323671
0.213403 0.0321376
0.213803 0.0319084
0.214203 0.0316795
0.214603 0.031451
0.215003 0.0312227
0.215403 0.0309948
0.215803 0.0307672
0.216203 0.0305399
0.216603 0.0303129
0.217003 0.0300863
0.217403 0.0298599
0.217804 0.0296339
0.218204 0.0294082
0.218604 0.0291828
0.219004 0.0289577
0.219404 0.028733
0.219804 0.0285085
0.220204 0.0282844
0.220604 0.0280606
0.221004 0.0278371
0.221404 0.027614
0.221804 0.0273911
0.222204 0.0271686
0.222604 0.0269463
0.223005 0.0267244
0.223405 0.0265028
0.223805 0.0262816
0.224205 0.0260606
0.224605 0.02584
0.225005 0.0256197
0.225405 0.0253996
0.225805 0.02518
0.226205 0.0249606
0.226605 0.0247415
0.227005 0.0245228
0.227405 0.0243044
0.227806 0.0240862
0.228206 0.0238684
0.228606 0.023651
0.229006 0.0234338
0.229406 0.023217
0.229806 0.0230004
0.230206 0.0227842
0.230606 0.0225683
0.231006 0.0223527
0.231406 0.0221374
0.231806 0.0219225
0.232206 0.0217078
0.232606 0.0214935
0.233007 0.0212795
0.233407 0.0210658
0.233807 0.0208524
0.234207 0.0206393
0.234607 0.0204266
0.235007 0.0202142
0.235407 0.020002
0.235807 0.0197902
0.236207 0.0195787
0.236607 0.0193675
0.237007 0.0191567
0.237407 0.0189461
0.237808 0.0187359
0.238208 0.018526
0.238608 0.0183163
0.239008 0.018107
0.239408 0.0178981
0.239808 0.0176894
0.240208 0.017481
0.240608 0.017273
0.241008 0.0170653
0.241408 0.0168579
0.241808 0.0166508
0.242208 0.016444
0.242608 0.0162375
0.243009 0.0160313
0.243409 0.0158255
0.243809 0.0156199
0.244209 0.0154147
0.244609 0.0152098
0.245009 0.0150052
0.245409 0.0148009
0.245809 0.014597
0.246209 0.0143933
0.246609 0.01419
0.247009 0.0139869
0.247409 0.0137842
0.24781 0.0135818
0.24821 0.0133797
0.24861 0.0131779
0.24901 0.0129765
0.24941 0.0127753
0.24981 0.0125745
0.25021 0.0123739
0.25061 0.0121737
0.25101 0.0119738
0.25141 0.0117742
0.25181 0.0115749
0.25221 0.0113759
0.25261 0.0111773
0.253011 0.0109789
0.253411 0.0107809
0.253811 0.0105832
0.254211 0.0103857
0.254611 0.0101886
0.255011 0.00999185
0.255411 0.00979537
0.255811 0.0095992
0.256211 0.00940334
0.256611 0.00920779
0.257011 0.00901256
0.257411 0.00881763
0.257812 0.00862302
0.258212 0.00842871
0.258612 0.00823472
0.259012 0.00804104
0.259412 0.00784766
0.259812 0.0076546
0.260212 0.00746185
0.260612 0.00726941
0.261012 0.00707728
0.261412 0.00688546
0.261812 0.00669395
0.262212 0.00650275
0.262612 0.00631186
0.263013 0.00612128
0.263413 0.00593101
0.263813 0.00574105
0.264213 0.0055514
0.264613 0.00536206
0.265013 0.00517303
0.265413 0.00498431
0.265813 0.0047959
0.266213 0.0046078
0.266613 0.00442001
0.267013 0.00423253
0.267413 0.00404535
0.267813 0.00385849
0.268214 0.00367194
0.268614 0.00348569
0.269014 0.00329975
0.269414 0.00311413
0.269814 0.00292881
0.270214 0.0027438
0.270614 0.0025591
0.271014 0.0023747
0.271414 0.00219062
0.271814 0.00200685
0.272214 0.00182338
0.272614 0.00164022
0.273015 0.00145737
0.273415 0.00127483
0.273815 0.0010926
0.274215 0.000910674
0.274615 0.000729058
0.275015 0.000547749
0.275415 0.000366749
0.275815 0.000186057
0.276215 5.67218e-06
0.276615 -0.000174404
0.277015 -0.000354173
0.277415 -0.000533635
0.277815 -0.000712788
0.278216 -0.000891634
0.278616 -0.00107017
0.279016 -0.0012484
0.279416 -0.00142633
0.279816 -0.00160394
0.280216 -0.00178125
0.280616 -0.00195826
0.281016 -0.00213495
0.281416 -0.00231134
0.281816 -0.00248742
0.282216 -0.00266319
0.282616 -0.00283866
0.283017 -0.00301382
0.283417 -0.00318868
0.283817 -0.00336322
0.284217 -0.00353746
0.284617 -0.0037114
0.285017 -0.00388502
0.285417 -0.00405835
0.285817 -0.00423136
0.286217 -0.00440407
0.286617 -0.00457647
0.287017 -0.00474857
0.287417 -0.00492036
0.287817 -0.00509184
0.288218 -0.00526302
0.288618 -0.00543389
0.289018 -0.00560446
0.289418 -0.00577472
0.289818 -0.00594468
0.290218 -0.00611433
0.290618 -0.00628367
0.291018 -0.00645271
0.291418 -0.00662145
0.291818 -0.00678987
0.292218 -0.006958
0.292618 -0.00712581
0.293019 -0.00729333
0.293419 -0.00746054
0.293819 -0.00762744
0.294219 -0.00779404
0.294619 -0.00796033
0.295019 -0.00812632
0.295419 -0.008292
0.295819 -0.00845738
0.296219 -0.00862245
0.296619 -0.00878722
0.297019 -0.00895169
0.297419 -0.00911585
0.297819 -0.00927971
0.29822 -0.00944326
0.29862 -0.00960651
0.29902 -0.00976945
0.29942 -0.00993209
0.29982 -0.0100944
0.30022 -0.0102565
0.30062 -0.0104182
0.30102 -0.0105796
0.30142 -0.0107407
0.30182 -0.0109016
0.30222 -0.0110621
0.30262 -0.0112223
0.303021 -0.0113822
0.303421 -0.0115418
0.303821 -0.0117011
0.304221 -0.0118601
0.304621 -0.0120188
0.305021 -0.0121772
0.305421 -0.0123353
0.305821 -0.012493
0.306221 -0.0126505
0.306621 -0.0128077
0.307021 -0.0129646
0.307421 -0.0131211
0.307821 -0.0132774
0.308222 -0.0134334
0.308622 -0.0135891
0.309022 -0.0137444
0.309422 -0.0138995
0.309822 -0.0140542
0.310222 -0.0142087
0.310622 -0.0143628
0.311022 -0.0145167
0.311422 -0.0146702
0.311822 -0.0148235
0.312222 -0.0149764
0.312622 -0.0151291
0.313022 -0.0152814
0.313423 -0.0154335
0.313823 -0.0155852
0.314223 -0.0157366
0.314623 -0.0158878
0.315023 -0.0160386
0.315423 -0.0161892
0.315823 -0.0163394
0.316223 -0.0164893
0.316623 -0.0166389
0.317023 -0.0167883
0.317423 -0.0169373
0.317823 -0.017086
0.318224 -0.0172345
0.318624 -0.0173826
0.319024 -0.0175304
0.319424 -0.0176779
0.319824 -0.0178252
0.320224 -0.0179721
0.320624 -0.0181187
0.321024 -0.018265
0.321424 -0.018411
0.321824 -0.0185568
0.322224 -0.0187022
0.322624 -0.0188473
0.323024 -0.0189921
0.323425 -0.0191366
0.323825 -0.0192809
0.324225 -0.0194248
0.324625 -0.0195684
0.325025 -0.0197117
0.325425 -0.0198548
0.325825 -0.0199975
0.326225 -0.0201399
0.326625 -0.020282
0.327025 -0.0204239
0.327425 -0.0205654
0.327825 -0.0207066
0.328226 -0.0208475
0.328626 -0.0209882
0.329026 -0.0211285
0.329426 -0.0212685
0.329826 -0.0214082
0.330226 -0.0215477
0.330626 -0.0216868
0.331026 -0.0218256
0.331426 -0.0219642
0.331826 -0.0221024
0.332226 -0.0222404
0.332626 -0.022378
0.333026 -0.0225153
0.333427 -0.0226524
0.333827 -0.0227891
0.334227 -0.0229256
0.334627 -0.0230617
0.335027 -0.0231976
0.335427 -0.0233331
0.335827 -0.0234684
0.336227 -0.0236033
0.336627 -0.023738
0.337027 -0.0238724
0.337427 -0.0240064
0.337827 -0.0241402
0.338228 -0.0242737
0.338628 -0.0244068
0.339028 -0.0245397
0.339428 -0.0246723
0.339828 -0.0248046
0.340228 -0.0249366
0.340628 -0.0250683
0.341028 -0.0251996
0.341428 -0.0253307
0.341828 -0.0254615
0.342228 -0.025592
0.342628 -0.0257222
0.343028 -0.0258521
0.343429 -0.0259818
0.343829 -0.0261111
0.344229 -0.0262401
0.344629 -0.0263688
0.345029 -0.0264972
0.345429 -0.0266254
0.345829 -0.0267532
0.346229 -0.0268807
0.346629 -0.027008
0.347029 -0.0271349
0.347429 -0.0272616
0.347829 -0.0273879
0.348229 -0.027514
0.34863 -0.0276397
0.34903 -0.0277652
0.34943 -0.0278904
0.34983 -0.0280152
0.35023 -0.0281398
0.35063 -0.0282641
0.35103 -0.0283881
0.35143 -0.0285118
0.35183 -0.0286352
0.35223 -0.0287583
0.35263 -0.0288811
0.35303 -0.0290036
0.353431 -0.0291258
0.353831 -0.0292478
0.354231 -0.0293694
0.354631 -0.0294907
0.355031 -0.0296118
0.355431 -0.0297325
0.355831 -0.029853
0.356231 -0.0299731
0.356631 -0.030093
0.357031 -0.0302126
0.357431 -0.0303318
0.357831 -0.0304508
0.358231 -0.0305695
0.358632 -0.0306879
0.359032 -0.030806
0.359432 -0.0309238
0.359832 -0.0310413
0.360232 -0.0311586
0.360632 -0.0312755
0.361032 -0.0313921
0.361432 -0.0315085
0.361832 -0.0316245
0.362232 -0.0317403
0.362632 -0.0318557
0.363032 -0.0319709
0.363433 -0.0320858
0.363833 -0.0322003
0.364233 -0.0323146
0.364633 -0.0324286
0.365033 -0.0325423
0.365433 -0.0326557
0.365833 -0.0327689
0.366233 -0.0328817
0.366633 -0.0329942
0.367033 -0.0331065
0.367433 -0.0332184
0.367833 -0.0333301
0.368233 -0.0334414
0.368634 -0.0335525
0.369034 -0.0336633
0.369434 -0.0337738
0.369834 -0.033884
0.370234 -0.0339939
0.370634 -0.0341035
0.371034 -0.0342128
0.371434 -0.0343218
0.371834 -0.0344306
0.372234 -0.034539
0.372634 -0.0346472
0.373034 -0.0347551
0.373435 -0.0348626
0.373835 -0.0349699
0.374235 -0.0350769
0.374635 -0.0351836
0.375035 -0.03529
0.375435 -0.0353961
0.375835 -0.035502
0.376235 -0.0356075
0.376635 -0.0357128
0.377035 -0.0358177
0.377435 -0.0359224
0.377835 -0.0360268
0.378235 -0.0361308
0.378636 -0.0362346
0.379036 -0.0363381
0.379436 -0.0364414
0.379836 -0.0365443
0.380236 -0.0366469
0.380636 -0.0367493
0.381036 -0.0368513
0.381436 -0.0369531
0.381836 -0.0370546
0.382236 -0.0371558
0.382636 -0.0372567
0.383036 -0.0373573
0.383437 -0.0374576
0.383837 -0.0375576
0.384237 -0.0376574
0.384637 -0.0377568
0.385037 -0.037856
0.385437 -0.0379549
0.385837 -0.0380534
0.386237 -0.0381517
0.386637 -0.0382497
0.387037 -0.0383475
0.387437 -0.0384449
0.387837 -0.038542
0.388237 -0.0386389
0.388638 -0.0387355
0.389038 -0.0388317
0.389438 -0.0389277
0.389838 -0.0390234
0.390238 -0.0391188
0.390638 -0.039214
0.391038 -0.0393088
0.391438 -0.0394034
0.391838 -0.0394976
0.392238 -0.0395916
0.392638 -0.0396853
0.393038 -0.0397787
0.393438 -0.0398718
0.393839 -0.0399646
0.394239 -0.0400571
0.394639 -0.0401494
0.395039 -0.0402414
0.395439 -0.040333
0.395839 -0.0404244
0.396239 -0.0405155
0.396639 -0.0406063
0.397039 -0.0406969
0.397439 -0.0407871
0.397839 -0.0408771
0.398239 -0.0409667
0.39864 -0.0410561
0.39904 -0.0411452
0.39944 -0.041234
0.39984 -0.0413225
0.40024 -0.0414108
0.40064 -0.0414987
0.40104 -0.0415864
0.40144 -0.0416738
0.40184 -0.0417609
0.40224 -0.0418477
0.40264 -0.0419342
0.40304 -0.0420204
0.40344 -0.0421064
0.403841 -0.0421921
0.404241 -0.0422774
0.404641 -0.0423625
0.405041 -0.0424473
0.405441 -0.0425319
0.405841 -0.0426161
0.406241 -0.0427001
0.406641 -0.0427837
0.407041 -0.0428671
0.407441 -0.0429502
0.407841 -0.043033
0.408241 -0.0431156
0.408642 -0.0431978
0.409042 -0.0432798
0.409442 -0.0433615
0.409842 -0.0434428
0.410242 -0.043524
0.410642 -0.0436048
0.411042 -0.0436853
0.411442 -0.0437656
0.411842 -0.0438456
0.412242 -0.0439252
0.412642 -0.0440046
0.413042 -0.0440838
0.413442 -0.0441626
0.413843 -0.0442412
0.414243 -0.0443194
0.414643 -0.0443974
0.415043 -0.0444751
0.415443 -0.0445525
0.415843 -0.0446297
0.416243 -0.0447065
0.416643 -0.0447831
0.417043 -0.0448594
0.417443 -0.0449354
0.417843 -0.0450111
0.418243 -0.0450866
0.418644 -0.0451617
0.419044 -0.0452366
0.419444 -0.0453112
0.419844 -0.0453855
0.420244 -0.0454596
0.420644 -0.0455333
0.421044 -0.0456068
0.421444 -0.04568
0.421844 -0.0457529
0.422244 -0.0458255
0.422644 -0.0458978
0.423044 -0.0459699
0.423444 -0.0460416
0.423845 -0.0461131
0.424245 -0.0461844
0.424645 -0.0462553
0.425045 -0.0463259
0.425445 -0.0463963
0.425845 -0.0464664
0.426245 -0.0465362
0.426645 -0.0466057
0.427045 -0.046675
0.427445 -0.0467439
0.427845 -0.0468126
0.428245 -0.046881
0.428646 -0.0469491
0.429046 -0.047017
0.429446 -0.0470845
0.429846 -0.0471518
0.430246 -0.0472188
0.430646 -0.0472855
0.431046 -0.047352
0.431446 -0.0474181
0.431846 -0.047484
0.432246 -0.0475496
0.432646 -0.0476149
0.433046 -0.04768
0.433446 -0.0477447
0.433847 -0.0478092
0.434247 -0.0478734
0.434647 -0.0479374
0.435047 -0.048001
0.435447 -0.0480644
0.435847 -0.0481274
0.436247 -0.0481903
0.436647 -0.0482528
0.437047 -0.048315
0.437447 -0.048377
0.437847 -0.0484387
0.438247 -0.0485001
0.438647 -0.0485612
0.439048 -0.0486221
0.439448 -0.0486827
0.439848 -0.048743
0.440248 -0.048803
0.440648 -0.0488627
0.441048 -0.0489222
0.441448 -0.0489814
0.441848 -0.0490403
0.442248 -0.0490989
0.442648 -0.0491573
0.443048 -0.0492154
0.443448 -0.0492732
0.443849 -0.0493307
0.444249 -0.0493879
0.444649 -0.0494449
0.445049 -0.0495016
0.445449 -0.049558
0.445849 -0.0496141
0.446249 -0.04967
0.446649 -0.0497256
0.447049 -0.0497809
0.447449 -0.0498359
0.447849 -0.0498907
0.448249 -0.0499451
0.448649 -0.0499993
0.44905 -0.0500533
0.44945 -0.0501069
0.44985 -0.0501603
0.45025 -0.0502134
0.45065 -0.0502662
0.45105 -0.0503187
0.45145 -0.050371
0.45185 -0.050423
0.45225 -0.0504747
0.45265 -0.0505261
0.45305 -0.0505773
0.45345 -0.0506282
0.453851 -0.0506788
0.454251 -0.0507292
0.454651 -0.0507792
0.455051 -0.050829
0.455451 -0.0508785
0.455851 -0.0509278
0.456251 -0.0509767
0.456651 -0.0510254
0.457051 -0.0510738
0.457451 -0.051122
0.457851 -0.0511698
0.458251 -0.0512174
0.458651 -0.0512647
0.459052 -0.0513118
0.459452 -0.0513585
0.459852 -0.051405
0.460252 -0.0514513
0.460652 -0.0514972
0.461052 -0.0515429
0.461452 -0.0515883
0.461852 -0.0516334
0.462252 -0.0516783
0.462652 -0.0517228
0.463052 -0.0517671
0.463452 -0.0518112
0.463853 -0.0518549
0.464253 -0.0518984
0.464653 -0.0519416
0.465053 -0.0519846
0.465453 -0.0520272
0.465853 -0.0520696
0.466253 -0.0521118
0.466653 -0.0521536
0.467053 -0.0521952
0.467453 -0.0522365
0.467853 -0.0522775
0.468253 -0.0523183
0.468653 -0.0523588
0.469054 -0.052399
0.469454 -0.0524389
0.469854 -0.0524786
0.470254 -0.052518
0.470654 -0.0525571
0.471054 -0.052596
0.471454 -0.0526346
0.471854 -0.0526729
0.472254 -0.0527109
0.472654 -0.0527487
0.473054 -0.0527862
0.473454 -0.0528234
0.473854 -0.0528604
0.474255 -0.0528971
0.474655 -0.0529335
0.475055 -0.0529696
0.475455 -0.0530055
0.475855 -0.0530411
0.476255 -0.0530764
0.476655 -0.0531115
0.477055 -0.0531463
0.477455 -0.0531808
0.477855 -0.0532151
0.478255 -0.0532491
0.478655 -0.0532828
0.479056 -0.0533162
0.479456 -0.0533494
0.479856 -0.0533823
0.480256 -0.0534149
0.480656 -0.0534473
0.481056 -0.0534794
0.481456 -0.0535112
0.481856 -0.0535428
0.482256 -0.0535741
0.482656 -0.0536051
0.483056 -0.0536359
0.483456 -0.0536663
0.483856 -0.0536966
0.484257 -0.0537265
0.484657 -0.0537562
0.485057 -0.0537856
0.485457 -0.0538147
0.485857 -0.0538436
0.486257 -0.0538722
0.486657 -0.0539005
0.487057 -0.0539286
0.487457 -0.0539564
0.487857 -0.0539839
0.488257 -0.0540112
0.488657 -0.0540382
0.489058 -0.0540649
0.489458 -0.0540914
0.489858 -0.0541176
0.490258 -0.0541435
0.490658 -0.0541692
0.491058 -0.0541946
0.491458 -0.0542197
0.491858 -0.0542446
0.492258 -0.0542691
0.492658 -0.0542935
0.493058 -0.0543175
0.493458 -0.0543413
0.493858 -0.0543649
0.494259 -0.0543881
0.494659 -0.0544111
0.495059 -0.0544338
0.495459 -0.0544563
0.495859 -0.0544785
0.496259 -0.0545004
0.496659 -0.0545221
0.497059 -0.0545435
0.497459 -0.0545646
0.497859 -0.0545855
0.498259 -0.0546061
0.498659 -0.0546264
0.49906 -0.0546465
0.49946 -0.0546663
0.49986 -0.0546859
0.50026 -0.0547051
0.50066 -0.0547242
0.50106 -0.0547429
0.50146 -0.0547614
0.50186 -0.0547796
0.50226 -0.0547976
0.50266 -0.0548153
0.50306 -0.0548327
0.50346 -0.0548498
0.50386 -0.0548667
0.504261 -0.0548834
0.504661 -0.0548997
0.505061 -0.0549159
0.505461 -0.0549317
0.505861 -0.0549473
0.506261 -0.0549626
0.506661 -0.0549777
0.507061 -0.0549924
0.507461 -0.055007
0.507861 -0.0550212
0.508261 -0.0550352
0.508661 -0.055049
0.509062 -0.0550625
0.509462 -0.0550757
0.509862 -0.0550886
0.510262 -0.0551013
0.510662 -0.0551137
0.511062 -0.0551259
0.511462 -0.0551378
0.511862 -0.0551494
0.512262 -0.0551608
0.512662 -0.0551719
0.513062 -0.0551828
0.513462 -0.0551934
0.513862 -0.0552037
0.514263 -0.0552138
0.514663 -0.0552236
0.515063 -0.0552331
0.515463 -0.0552424
0.515863 -0.0552514
0.516263 -0.0552602
0.516663 -0.0552687
0.517063 -0.055277
0.517463 -0.0552849
0.517863 -0.0552927
0.518263 -0.0553001
0.518663 -0.0553073
0.519063 -0.0553143
0.519464 -0.0553209
0.519864 -0.0553274
0.520264 -0.0553335
0.520664 -0.0553394
0.521064 -0.0553451
0.521464 -0.0553504
0.521864 -0.0553556
0.522264 -0.0553604
0.522664 -0.055365
0.523064 -0.0553694
0.523464 -0.0553735
0.523864 -0.0553773
0.524265 -0.0553808
0.524665 -0.0553842
0.525065 -0.0553872
0.525465 -0.05539
0.525865 -0.0553925
0.526265 -0.0553948
0.526665 -0.0553968
0.527065 -0.0553986
0.527465 -0.0554001
0.527865 -0.0554013
0.528265 -0.0554023
0.528665 -0.055403
0.529065 -0.0554035
0.529466 -0.0554037
0.529866 -0.0554036
0.530266 -0.0554033
0.530666 -0.0554028
0.531066 -0.055402
0.531466 -0.0554009
0.531866 -0.0553996
0.532266 -0.055398
0.532666 -0.0553961
0.533066 -0.055394
0.533466 -0.0553917
0.533866 -0.055389
0.534267 -0.0553862
0.534667 -0.055383
0.535067 -0.0553796
0.535467 -0.055376
0.535867 -0.0553721
0.536267 -0.055368
0.536667 -0.0553635
0.537067 -0.0553589
0.537467 -0.055354
0.537867 -0.0553488
0.538267 -0.0553434
0.538667 -0.0553377
0.539067 -0.0553317
0.539468 -0.0553255
0.539868 -0.0553191
0.540268 -0.0553124
0.540668 -0.0553054
0.541068 -0.0552982
0.541468 -0.0552907
0.541868 -0.055283
0.542268 -0.055275
0.542668 -0.0552668
0.543068 -0.0552583
0.543468 -0.0552496
0.543868 -0.0552406
0.544269 -0.0552313
0.544669 -0.0552218
0.545069 -0.0552121
0.545469 -0.0552021
0.545869 -0.0551918
0.546269 -0.0551813
0.546669 -0.0551705
0.547069 -0.0551595
0.547469 -0.0551483
0.547869 -0.0551367
0.548269 -0.055125
0.548669 -0.0551129
0.549069 -0.0551006
0.54947 -0.0550881
0.54987 -0.0550753
0.55027 -0.0550623
0.55067 -0.055049
0.55107 -0.0550355
0.55147 -0.0550217
0.55187 -0.0550076
0.55227 -0.0549933
0.55267 -0.0549788
0.55307 -0.054964
0.55347 -0.0549489
0.55387 -0.0549336
0.55427 -0.0549181
0.554671 -0.0549023
0.555071 -0.0548862
0.555471 -0.0548699
0.555871 -0.0548534
0.556271 -0.0548366
0.556671 -0.0548195
0.557071 -0.0548022
0.557471 -0.0547846
0.557871 -0.0547668
0.558271 -0.0547488
0.558671 -0.0547305
0.559071 -0.0547119
0.559472 -0.0546931
0.559872 -0.0546741
0.560272 -0.0546548
0.560672 -0.0546352
0.561072 -0.0546154
0.561472 -0.0545954
0.561872 -0.0545751
0.562272 -0.0545545
0.562672 -0.0545337
0.563072 -0.0545127
0.563472 -0.0544914
0.563872 -0.0544698
0.564272 -0.0544481
0.564673 -0.054426
0.565073 -0.0544037
0.565473 -0.0543812
0.565873 -0.0543584
0.566273 -0.0543354
0.566673 -0.0543121
0.567073 -0.0542886
0.567473 -0.0542648
0.567873 -0.0542408
0.568273 -0.0542166
0.568673 -0.0541921
0.569073 -0.0541673
0.569474 -0.0541423
0.569874 -0.054117
0.570274 -0.0540916
0.570674 -0.0540658
0.571074 -0.0540398
0.571474 -0.0540136
0.571874 -0.0539871
0.572274 -0.0539604
0.572674 -0.0539334
0.573074 -0.0539062
0.573474 -0.0538787
0.573874 -0.053851
0.574274 -0.0538231
0.574675 -0.0537949
0.575075 -0.0537664
0.575475 -0.0537378
0.575875 -0.0537088
0.576275 -0.0536797
0.576675 -0.0536502
0.577075 -0.0536206
0.577475 -0.0535907
0.577875 -0.0535605
0.578275 -0.0535301
0.578675 -0.0534995
0.579075 -0.0534686
0.579476 -0.0534375
0.579876 -0.0534061
0.580276 -0.0533745
0.580676 -0.0533426
0.581076 -0.0533105
0.581476 -0.0532782
0.581876 -0.0532456
0.582276 -0.0532128
0.582676 -0.0531797
0.583076 -0.0531464
0.583476 -0.0531128
0.583876 -0.053079
0.584276 -0.053045
0.584677 -0.0530107
0.585077 -0.0529762
0.585477 -0.0529414
0.585877 -0.0529064
0.586277 -0.0528712
0.586677 -0.0528357
0.587077 -0.0527999
0.587477 -0.052764
0.587877 -0.0527278
0.588277 -0.0526913
0.588677 -0.0526546
0.589077 -0.0526177
0.589478 -0.0525805
0.589878 -0.0525431
0.590278 -0.0525054
0.590678 -0.0524675
0.591078 -0.0524294
0.591478 -0.052391
0.591878 -0.0523524
0.592278 -0.0523136
0.592678 -0.0522745
0.593078 -0.0522351
0.593478 -0.0521956
0.593878 -0.0521557
0.594278 -0.0521157
0.594679 -0.0520754
0.595079 -0.0520349
0.595479 -0.0519941
0.595879 -0.0519531
0.596279 -0.0519119
0.596679 -0.0518704
0.597079 -0.0518286
0.597479 -0.0517867
0.597879 -0.0517445
0.598279 -0.0517021
0.598679 -0.0516594
0.599079 -0.0516165
0.599479 -0.0515733
0.59988 -0.05153
0.60028 -0.0514863
0.60068 -0.0514425
0.60108 -0.0513984
0.60148 -0.051354
0.60188 -0.0513095
0.60228 -0.0512647
0.60268 -0.0512196
0.60308 -0.0511744
0.60348 -0.0511289
0.60388 -0.0510831
0.60428 -0.0510371
0.604681 -0.0509909
0.605081 -0.0509445
0.605481 -0.0508978
0.605881 -0.0508508
0.606281 -0.0508037
0.606681 -0.0507563
0.607081 -0.0507087
0.607481 -0.0506608
0.607881 -0.0506127
0.608281 -0.0505644
0.608681 -0.0505158
0.609081 -0.050467
0.609481 -0.050418
0.609882 -0.0503687
0.610282 -0.0503192
0.610682 -0.0502695
0.611082 -0.0502195
0.611482 -0.0501693
0.611882 -0.0501188
0.612282 -0.0500682
0.612682 -0.0500173
0.613082 -0.0499661
0.613482 -0.0499148
0.613882 -0.0498632
0.614282 -0.0498113
0.614683 -0.0497593
0.615083 -0.049707
0.615483 -0.0496545
0.615883 -0.0496017
0.616283 -0.0495487
0.616683 -0.0494955
0.617083 -0.049442
0.617483 -0.0493883
0.617883 -0.0493344
0.618283 -0.0492803
0.618683 -0.0492259
0.619083 -0.0491713
0.619483 -0.0491165
0.619884 -0.0490614
0.620284 -0.0490061
0.620684 -0.0489506
0.621084 -0.0488948
0.621484 -0.0488388
0.621884 -0.0487826
0.622284 -0.0487261
0.622684 -0.0486695
0.623084 -0.0486126
0.623484 -0.0485554
0.623884 -0.0484981
0.624284 -0.0484405
0.624685 -0.0483826
0.625085 -0.0483246
0.625485 -0.0482663
0.625885 -0.0482078
0.626285 -0.0481491
0.626685 -0.0480901
0.627085 -0.0480309
0.627485 -0.0479715
0.627885 -0.0479118
0.628285 -0.047852
0.628685 -0.0477919
0.629085 -0.0477315
0.629485 -0.047671
0.629886 -0.0476102
0.630286 -0.0475492
0.630686 -0.047488
0.631086 -0.0474265
0.631486 -0.0473648
0.631886 -0.0473029
0.632286 -0.0472408
0.632686 -0.0471784
0.633086 -0.0471158
0.633486 -0.047053
0.633886 -0.0469899
0.634286 -0.0469267
0.634687 -0.0468632
0.635087 -0.0467995
0.635487 -0.0467355
0.635887 -0.0466714
0.636287 -0.046607
0.636687 -0.0465424
0.637087 -0.0464775
0.637487 -0.0464125
0.637887 -0.0463472
0.638287 -0.0462817
0.638687 -0.0462159
0.639087 -0.04615
0.639487 -0.0460838
0.639888 -0.0460174
0.640288 -0.0459508
0.640688 -0.0458839
0.641088 -0.0458168
0.641488 -0.0457495
0.641888 -0.045682
0.642288 -0.0456143
0.642688 -0.0455463
0.643088 -0.0454781
0.643488 -0.0454097
0.643888 -0.0453411
0.644288 -0.0452723
0.644688 -0.0452032
0.645089 -0.0451339
0.645489 -0.0450644
0.645889 -0.0449947
0.646289 -0.0449247
0.646689 -0.0448545
0.647089 -0.0447841
0.647489 -0.0447135
0.647889 -0.0446427
0.648289 -0.0445716
0.648689 -0.0445004
0.649089 -0.0444289
0.649489 -0.0443572
0.64989 -0.0442852
0.65029 -0.0442131
0.65069 -0.0441407
0.65109 -0.0440681
0.65149 -0.0439953
0.65189 -0.0439223
0.65229 -0.0438491
0.65269 -0.0437756
0.65309 -0.0437019
0.65349 -0.043628
0.65389 -0.0435539
0.65429 -0.0434796
0.65469 -0.043405
0.655091 -0.0433303
0.655491 -0.0432553
0.655891 -0.0431801
0.656291 -0.0431047
0.656691 -0.043029
0.657091 -0.0429532
0.657491 -0.0428771
0.657891 -0.0428008
0.658291 -0.0427244
0.658691 -0.0426476
0.659091 -0.0425707
0.659491 -0.0424936
0.659892 -0.0424162
0.660292 -0.0423386
0.660692 -0.0422609
0.661092 -0.0421828
0.661492 -0.0421046
0.661892 -0.0420262
0.662292 -0.0419476
0.662692 -0.0418687
0.663092 -0.0417896
0.663492 -0.0417103
0.663892 -0.0416308
0.664292 -0.0415511
0.664692 -0.0414712
0.665093 -0.0413911
0.665493 -0.0413107
0.665893 -0.0412301
0.666293 -0.0411494
0.666693 -0.0410684
0.667093 -0.0409872
0.667493 -0.0409057
0.667893 -0.0408241
0.668293 -0.0407423
0.668693 -0.0406602
0.669093 -0.040578
0.669493 -0.0404955
0.669894 -0.0404128
0.670294 -0.0403299
0.670694 -0.0402468
0.671094 -0.0401635
0.671494 -0.04008
0.671894 -0.0399963
0.672294 -0.0399123
0.672694 -0.0398282
0.673094 -0.0397438
0.673494 -0.0396592
0.673894 -0.0395744
0.674294 -0.0394894
0.674694 -0.0394042
0.675095 -0.0393188
0.675495 -0.0392332
0.675895 -0.0391474
0.676295 -0.0390614
0.676695 -0.0389751
0.677095 -0.0388887
0.677495 -0.038802
0.677895 -0.0387151
0.678295 -0.0386281
0.678695 -0.0385408
0.679095 -0.0384533
0.679495 -0.0383656
0.679895 -0.0382777
0.680296 -0.0381896
0.680696 -0.0381013
0.681096 -0.0380128
0.681496 -0.037924
0.681896 -0.0378351
0.682296 -0.037746
0.682696 -0.0376566
0.683096 -0.0375671
0.683496 -0.0374773
0.683896 -0.0373874
0.684296 -0.0372972
0.684696 -0.0372069
0.685097 -0.0371163
0.685497 -0.0370255
0.685897 -0.0369345
0.686297 -0.0368434
0.686697 -0.036752
0.687097 -0.0366604
0.687497 -0.0365686
0.687897 -0.0364766
0.688297 -0.0363844
0.688697 -0.036292
0.689097 -0.0361994
0.689497 -0.0361066
0.689897 -0.0360136
0.690298 -0.0359204
0.690698 -0.035827
0.691098 -0.0357334
0.691498 -0.0356396
0.691898 -0.0355456
0.692298 -0.0354514
0.692698 -0.0353569
0.693098 -0.0352623
0.693498 -0.0351675
0.693898 -0.0350725
0.694298 -0.0349773
0.694698 -0.0348819
0.695099 -0.0347863
0.695499 -0.0346905
0.695899 -0.0345944
0.696299 -0.0344982
0.696699 -0.0344018
0.697099 -0.0343052
0.697499 -0.0342084
0.697899 -0.0341114
0.698299 -0.0340142
0.698699 -0.0339168
0.699099 -0.0338192
0.699499 -0.0337214
0.699899 -0.0336234
0.7003 -0.0335252
0.7007 -0.0334269
0.7011 -0.0333283
0.7015 -0.0332295
0.7019 -0.0331305
0.7023 -0.0330313
0.7027 -0.032932
0.7031 -0.0328324
0.7035 -0.0327327
0.7039 -0.0326327
0.7043 -0.0325326
0.7047 -0.0324322
0.705101 -0.0323317
0.705501 -0.032231
0.705901 -0.03213
0.706301 -0.0320289
0.706701 -0.0319276
0.707101 -0.0318261
0.707501 -0.0317244
0.707901 -0.0316225
0.708301 -0.0315204
0.708701 -0.0314181
0.709101 -0.0313157
0.709501 -0.031213
0.709901 -0.0311102
0.710302 -0.0310071
0.710702 -0.0309039
0.711102 -0.0308004
0.711502 -0.0306968
0.711902 -0.030593
0.712302 -0.030489
0.712702 -0.0303848
0.713102 -0.0302804
0.713502 -0.0301758
0.713902 -0.0300711
0.714302 -0.0299661
0.714702 -0.029861
0.715103 -0.0297556
0.715503 -0.0296501
0.715903 -0.0295444
0.716303 -0.0294385
0.716703 -0.0293324
0.717103 -0.0292261
0.717503 -0.0291197
0.717903 -0.029013
0.718303 -0.0289062
0.718703 -0.0287991
0.719103 -0.0286919
0.719503 -0.0285845
0.719903 -0.0284769
0.720304 -0.0283692
0.720704 -0.0282612
0.721104 -0.0281531
0.721504 -0.0280447
0.721904 -0.0279362
0.722304 -0.0278275
0.722704 -0.0277186
0.723104 -0.0276095
0.723504 -0.0275003
0.723904 -0.0273908
0.724304 -0.0272812
0.724704 -0.0271714
0.725104 -0.0270614
0.725505 -0.0269512
0.725905 -0.0268408
0.726305 -0.0267303
0.726705 -0.0266195
0.727105 -0.0265086
0.727505 -0.0263975
0.727905 -0.0262862
0.728305 -0.0261748
0.728705 -0.0260631
0.729105 -0.0259513
0.729505 -0.0258393
0.729905 -0.0257271
0.730306 -0.0256147
0.730706 -0.0255022
0.731106 -0.0253895
0.731506 -0.0252765
0.731906 -0.0251634
0.732306 -0.0250502
0.732706 -0.0249367
0.733106 -0.0248231
0.733506 -0.0247093
0.733906 -0.0245953
0.734306 -0.0244811
0.734706 -0.0243668
0.735106 -0.0242522
0.735507 -0.0241375
0.735907 -0.0240227
0.736307 -0.0239076
0.736707 -0.0237924
0.737107 -0.023677
0.737507 -0.0235614
0.737907 -0.0234456
0.738307 -0.0233297
0.738707 -0.0232135
0.739107 -0.0230972
0.739507 -0.0229808
0.739907 -0.0228641
0.740308 -0.0227473
0.740708 -0.0226303
0.741108 -0.0225131
0.741508 -0.0223958
0.741908 -0.0222783
0.742308 -0.0221606
0.742708 -0.0220427
0.743108 -0.0219247
0.743508 -0.0218064
0.743908 -0.0216881
0.744308 -0.0215695
0.744708 -0.0214508
0.745108 -0.0213319
0.745509 -0.0212128
0.745909 -0.0210935
0.746309 -0.0209741
0.746709 -0.0208545
0.747109 -0.0207348
0.747509 -0.0206148
0.747909 -0.0204947
0.748309 -0.0203744
0.748709 -0.020254
0.749109 -0.0201334
0.749509 -0.0200126
0.749909 -0.0198916
0.75031 -0.0197705
0.75071 -0.0196492
0.75111 -0.0195278
0.75151 -0.0194061
0.75191 -0.0192843
0.75231 -0.0191624
0.75271 -0.0190402
0.75311 -0.0189179
0.75351 -0.0187955
0.75391 -0.0186728
0.75431 -0.01855
0.75471 -0.0184271
0.75511 -0.018304
0.755511 -0.0181807
0.755911 -0.0180572
0.756311 -0.0179336
0.756711 -0.0178098
0.757111 -0.0176858
0.757511 -0.0175617
0.757911 -0.0174374
0.758311 -0.017313
0.758711 -0.0171883
0.759111 -0.0170636
0.759511 -0.0169386
0.759911 -0.0168135
0.760312 -0.0166883
0.760712 -0.0165628
0.761112 -0.0164372
0.761512 -0.0163115
0.761912 -0.0161856
0.762312 -0.0160595
0.762712 -0.0159333
0.763112 -0.0158069
0.763512 -0.0156803
0.763912 -0.0155536
0.764312 -0.0154267
0.764712 -0.0152997
0.765112 -0.0151725
0.765513 -0.0150451
0.765913 -0.0149176
0.766313 -0.0147899
0.766713 -0.0146621
0.767113 -0.0145341
0.767513 -0.014406
0.767913 -0.0142777
0.768313 -0.0141492
0.768713 -0.0140206
0.769113 -0.0138918
0.769513 -0.0137629
0.769913 -0.0136338
0.770313 -0.0135046
0.770714 -0.0133752
0.771114 -0.0132456
0.771514 -0.0131159
0.771914 -0.0129861
0.772314 -0.012856
0.772714 -0.0127259
0.773114 -0.0125955
0.773514 -0.0124651
0.773914 -0.0123344
0.774314 -0.0122037
0.774714 -0.0120727
0.775114 -0.0119416
0.775515 -0.0118104
0.775915 -0.011679
0.776315 -0.0115475
0.776715 -0.0114158
0.777115 -0.0112839
0.777515 -0.0111519
0.777915 -0.0110198
0.778315 -0.0108875
0.778715 -0.010755
0.779115 -0.0106224
0.779515 -0.0104897
0.779915 -0.0103568
0.780315 -0.0102238
0.780716 -0.0100906
0.781116 -0.00995724
0.781516 -0.00982376
0.781916 -0.00969013
0.782316 -0.00955635
0.782716 -0.00942242
0.783116 -0.00928835
0.783516 -0.00915414
0.783916 -0.00901977
0.784316 -0.00888526
0.784716 -0.00875061
0.785116 -0.00861581
0.785517 -0.00848087
0.785917 -0.00834578
0.786317 -0.00821055
0.786717 -0.00807517
0.787117 -0.00793966
0.787517 -0.007804
0.787917 -0.00766819
0.788317 -0.00753225
0.788717 -0.00739616
0.789117 -0.00725993
0.789517 -0.00712356
0.789917 -0.00698704
0.790317 -0.00685039
0.790718 -0.0067136
0.791118 -0.00657666
0.791518 -0.00643959
0.791918 -0.00630238
0.792318 -0.00616503
0.792718 -0.00602753
0.793118 -0.00588991
0.793518 -0.00575214
0.793918 -0.00561423
0.794318 -0.00547619
0.794718 -0.00533801
0.795118 -0.00519969
0.795519 -0.00506124
0.795919 -0.00492265
0.796319 -0.00478392
0.796719 -0.00464506
0.797119 -0.00450606
0.797519 -0.00436693
0.797919 -0.00422766
0.798319 -0.00408826
0.798719 -0.00394873
0.799119 -0.00380906
0.799519 -0.00366926
0.799919 -0.00352932
0.800319 -0.00338925
0.80072 -0.00324905
0.80112 -0.00310872
0.80152 -0.00296826
0.80192 -0.00282767
0.80232 -0.00268694
0.80272 -0.00254608
0.80312 -0.0024051
0.80352 -0.00226398
0.80392 -0.00212274
0.80432 -0.00198136
0.80472 -0.00183986
0.80512 -0.00169822
0.80552 -0.00155646
0.805921 -0.00141458
0.806321 -0.00127256
0.806721 -0.00113042
0.807121 -0.000988147
0.807521 -0.00084575
0.807921 -0.000703228
0.808321 -0.00056058
0.808721 -0.000417807
0.809121 -0.000274908
0.809521 -0.000131885
0.809921 1.12625e-05
0.810321 0.000154534
0.810722 0.000297929
0.811122 0.000441447
0.811522 0.000585088
0.811922 0.000728852
0.812322 0.000872738
0.812722 0.00101675
0.813122 0.00116087
0.813522 0.00130512
0.813922 0.0014495
0.814322 0.00159399
0.814722 0.0017386
0.815122 0.00188333
0.815522 0.00202818
0.815923 0.00217315
0.816323 0.00231823
0.816723 0.00246344
0.817123 0.00260876
0.817523 0.0027542
0.817923 0.00289976
0.818323 0.00304544
0.818723 0.00319123
0.819123 0.00333713
0.819523 0.00348315
0.819923 0.00362929
0.820323 0.00377554
0.820724 0.00392191
0.821124 0.00406839
0.821524 0.00421498
0.821924 0.00436169
0.822324 0.00450851
0.822724 0.00465544
0.823124 0.00480249
0.823524 0.00494964
0.823924 0.00509691
0.824324 0.00524429
0.824724 0.00539177
0.825124 0.00553937
0.825524 0.00568708
0.825925 0.0058349
0.826325 0.00598282
0.826725 0.00613086
0.827125 0.006279
0.827525 0.00642725
0.827925 0.00657561
0.828325 0.00672408
0.828725 0.00687265
0.829125 0.00702133
0.829525 0.00717011
0.829925 0.007319
0.830325 0.00746799
0.830726 0.00761709
0.831126 0.00776629
0.831526 0.0079156
0.831926 0.00806501
0.832326 0.00821452
0.832726 0.00836413
0.833126 0.00851385
0.833526 0.00866367
0.833926 0.00881359
0.834326 0.00896361
0.834726 0.00911373
0.835126 0.00926395
0.835526 0.00941427
0.835927 0.00956469
0.836327 0.0097152
0.836727 0.00986582
0.837127 0.0100165
0.837527 0.0101673
0.837927 0.0103183
0.838327 0.0104693
0.838727 0.0106204
0.839127 0.0107716
0.839527 0.0109228
0.839927 0.0110742
0.840327 0.0112257
0.840728 0.0113773
0.841128 0.011529
0.841528 0.0116807
0.841928 0.0118326
0.842328 0.0119845
0.842728 0.0121366
0.843128 0.0122887
0.843528 0.0124409
0.843928 0.0125932
0.844328 0.0127456
0.844728 0.0128981
0.845128 0.0130507
0.845528 0.0132034
0.845929 0.0133561
0.846329 0.013509
0.846729 0.0136619
0.847129 0.0138149
0.847529 0.013968
0.847929 0.0141212
0.848329 0.0142745
0.848729 0.0144278
0.849129 0.0145813
0.849529 0.0147348
0.849929 0.0148884
0.850329 0.0150421
0.850729 0.0151959
0.85113 0.0153498
0.85153 0.0155037
0.85193 0.0156577
0.85233 0.0158118
0.85273 0.015966
0.85313 0.0161203
0.85353 0.0162746
0.85393 0.016429
0.85433 0.0165835
0.85473 0.0167381
0.85513 0.0168928
0.85553 0.0170475
0.855931 0.0172023
0.856331 0.0173572
0.856731 0.0175122
0.857131 0.0176672
0.857531 0.0178223
0.857931 0.0179775
0.858331 0.0181328
0.858731 0.0182881
0.859131 0.0184435
0.859531 0.018599
0.859931 0.0187545
0.860331 0.0189102
0.860731 0.0190658
0.861132 0.0192216
0.861532 0.0193774
0.861932 0.0195333
0.862332 0.0196893
0.862732 0.0198453
0.863132 0.0200014
0.863532 0.0201576
0.863932 0.0203138
0.864332 0.0204701
0.864732 0.0206265
0.865132 0.0207829
0.865532 0.0209394
0.865933 0.021096
0.866333 0.0212526
0.866733 0.0214093
0.867133 0.0215661
0.867533 0.0217229
0.867933 0.0218797
0.868333 0.0220367
0.868733 0.0221937
0.869133 0.0223507
0.869533 0.0225078
0.869933 0.022665
0.870333 0.0228222
0.870733 0.0229795
0.871134 0.0231369
0.871534 0.0232943
0.871934 0.0234517
0.872334 0.0236092
0.872734 0.0237668
0.873134 0.0239244
0.873534 0.0240821
0.873934 0.0242398
0.874334 0.0243976
0.874734 0.0245554
0.875134 0.0247133
0.875534 0.0248713
0.875935 0.0250292
0.876335 0.0251873
0.876735 0.0253454
0.877135 0.0255035
0.877535 0.0256617
0.877935 0.0258199
0.878335 0.0259782
0.878735 0.0261365
0.879135 0.0262949
0.879535 0.0264533
0.879935 0.0266117
0.880335 0.0267702
0.880735 0.0269288
0.881136 0.0270874
0.881536 0.027246
0.881936 0.0274047
0.882336 0.0275634
0.882736 0.0277221
0.883136 0.0278809
0.883536 0.0280398
0.883936 0.0281986
0.884336 0.0283576
0.884736 0.0285165
0.885136 0.0286755
0.885536 0.0288345
0.885937 0.0289936
0.886337 0.0291527
0.886737 0.0293118
0.887137 0.0294709
0.887537 0.0296301
0.887937 0.0297894
0.888337 0.0299486
0.888737 0.0301079
0.889137 0.0302672
0.889537 0.0304266
0.889937 0.030586
0.890337 0.0307454
0.890737 0.0309048
0.891138 0.0310643
0.891538 0.0312238
0.891938 0.0313833
0.892338 0.0315428
0.892738 0.0317024
0.893138 0.031862
0.893538 0.0320216
0.893938 0.0321813
0.894338 0.0323409
0.894738 0.0325006
0.895138 0.0326603
0.895538 0.0328201
0.895938 0.0329798
0.896339 0.0331396
0.896739 0.0332994
0.897139 0.0334592
0.897539 0.033619
0.897939 0.0337788
0.898339 0.0339387
0.898739 0.0340985
0.899139 0.0342584
0.899539 0.0344183
0.899939 0.0345782
0.900339 0.0347382
0.900739 0.0348981
0.90114 0.035058
0.90154 0.035218
0.90194 0.035378
0.90234 0.0355379
0.90274 0.0356979
0.90314 0.0358579
0.90354 0.0360179
0.90394 0.0361779
0.90434 0.0363379
0.90474 0.036498
0.90514 0.036658
0.90554 0.036818
0.90594 0.036978
0.906341 0.0371381
0.906741 0.0372981
0.907141 0.0374581
0.907541 0.0376182
0.907941 0.0377782
0.908341 0.0379382
0.908741 0.0380982
0.909141 0.0382583
0.909541 0.0384183
0.909941 0.0385783
0.910341 0.0387383
0.910741 0.0388983
0.911142 0.0390583
0.911542 0.0392183
0.911942 0.0393783
0.912342 0.0395383
0.912742 0.0396982
0.913142 0.0398582
0.913542 0.0400181
0.913942 0.0401781
0.914342 0.040338
0.914742 0.0404979
0.915142 0.0406578
0.915542 0.0408176
0.915942 0.0409775
0.916343 0.0411373
0.916743 0.0412972
0.917143 0.041457
0.917543 0.0416168
0.917943 0.0417765
0.918343 0.0419363
0.918743 0.042096
0.919143 0.0422557
0.919543 0.0424154
0.919943 0.042575
0.920343 0.0427347
0.920743 0.0428943
0.921144 0.0430539
0.921544 0.0432134
0.921944 0.0433729
0.922344 0.0435324
0.922744 0.0436919
0.923144 0.0438513
0.923544 0.0440108
0.923944 0.0441701
0.924344 0.0443295
0.924744 0.0444888
0.925144 0.044648
0.925544 0.0448073
0.925944 0.0449665
0.926345 0.0451257
0.926745 0.0452848
0.927145 0.0454439
0.927545 0.0456029
0.927945 0.0457619
0.928345 0.0459209
0.928745 0.0460798
0.929145 0.0462387
0.929545 0.0463975
0.929945 0.0465563
0.930345 0.0467151
0.930745 0.0468738
0.931145 0.0470324
0.931546 0.047191
0.931946 0.0473496
0.932346 0.0475081
0.932746 0.0476665
0.933146 0.0478249
0.933546 0.0479833
0.933946 0.0481416
0.934346 0.0482998
0.934746 0.048458
0.935146 0.0486161
0.935546 0.0487742
0.935946 0.0489322
0.936347 0.0490902
0.936747 0.0492481
0.937147 0.0494059
0.937547 0.0495637
0.937947 0.0497214
0.938347 0.049879
0.938747 0.0500366
0.939147 0.0501941
0.939547 0.0503515
0.939947 0.0505089
0.940347 0.0506662
0.940747 0.0508234
0.941147 0.0509806
0.941548 0.0511377
0.941948 0.0512947
0.942348 0.0514517
0.942748 0.0516085
0.943148 0.0517653
0.943548 0.051922
0.943948 0.0520787
0.944348 0.0522352
0.944748 0.0523917
0.945148 0.0525481
0.945548 0.0527044
0.945948 0.0528607
0.946349 0.0530168
0.946749 0.0531729
0.947149 0.0533289
0.947549 0.0534848
0.947949 0.0536406
0.948349 0.0537963
0.948749 0.0539519
0.949149 0.0541074
0.949549 0.0542629
0.949949 0.0544182
0.950349 0.0545735
0.950749 0.0547286
0.951149 0.0548837
0.95155 0.0550386
0.95195 0.0551935
0.95235 0.0553483
0.95275 0.0555029
0.95315 0.0556575
0.95355 0.055812
0.95395 0.0559663
0.95435 0.0561206
0.95475 0.0562747
0.95515 0.0564287
0.95555 0.0565826
0.95595 0.0567365
0.956351 0.0568902
0.956751 0.0570438
0.957151 0.0571972
0.957551 0.0573506
0.957951 0.0575038
0.958351 0.057657
0.958751 0.05781
0.959151 0.0579629
0.959551 0.0581156
0.959951 0.0582683
0.960351 0.0584208
0.960751 0.0585732
0.961151 0.0587255
0.961552 0.0588776
0.961952 0.0590297
0.962352 0.0591816
0.962752 0.0593333
0.963152 0.059485
0.963552 0.0596365
0.963952 0.0597878
0.964352 0.0599391
0.964752 0.0600901
0.965152 0.0602411
0.965552 0.0603919
0.965952 0.0605426
0.966353 0.0606931
0.966753 0.0608435
0.967153 0.0609938
0.967553 0.0611439
0.967953 0.0612939
0.968353 0.0614437
0.968753 0.0615933
0.969153 0.0617428
0.969553 0.0618922
0.969953 0.0620414
0.970353 0.0621905
0.970753 0.0623394
0.971153 0.0624881
0.971554 0.0626367
0.971954 0.0627851
0.972354 0.0629334
0.972754 0.0630815
0.973154 0.0632294
0.973554 0.0633772
0.973954 0.0635248
0.974354 0.0636722
0.974754 0.0638195
0.975154 0.0639666
0.975554 0.0641135
0.975954 0.0642603
0.976354 0.0644069
0.976755 0.0645533
0.977155 0.0646995
0.977555 0.0648455
0.977955 0.0649914
0.978355 0.0651371
0.978755 0.0652826
0.979155 0.0654279
0.979555 0.065573
0.979955 0.065718
0.980355 0.0658627
0.980755 0.0660073
0.981155 0.0661517
0.981556 0.0662958
0.981956 0.0664398
0.982356 0.0665836
0.982756 0.0667272
0.983156 0.0668706
0.983556 0.0670138
0.983956 0.0671567
0.984356 0.0672995
0.984756 0.0674421
0.985156 0.0675844
0.985556 0.0677266
0.985956 0.0678685
0.986356 0.0680103
0.986757 0.0681518
0.987157 0.0682931
0.987557 0.0684342
0.987957 0.0685751
0.988357 0.0687157
0.988757 0.0688561
0.989157 0.0689963
0.989557 0.0691363
0.989957 0.0692761
0.990357 0.0694156
0.990757 0.0695549
0.991157 0.0696939
0.991558 0.0698328
0.991958 0.0699714
0.992358 0.0701097
0.992758 0.0702478
0.993158 0.0703857
0.993558 0.0705233
0.993958 0.0706607
0.994358 0.0707979
0.994758 0.0709348
0.995158 0.0710714
0.995558 0.0712078
0.995958 0.071344
0.996358 0.0714799
0.996759 0.0716155
0.997159 0.0717509
0.997559 0.071886
0.997959 0.0720209
0.998359 0.0721555
0.998759 0.0722898
0.999159 0.0724239
0.999559 0.0725577
0.999959 0.0726912
1.00036 0.0728244
1.00076 0.0729574
1.00116 0.0730901
1.00156 0.0732225
1.00196 0.0733547
1.00236 0.0734865
1.00276 0.0736181
1.00316 0.0737494
1.00356 0.0738804
1.00396 0.0740111
1.00436 0.0741415
1.00476 0.0742717
1.00516 0.0744015
1.00556 0.074531
1.00596 0.0746603
1.00636 0.0747892
1.00676 0.0749178
1.00716 0.0750461
1.00756 0.0751742
1.00796 0.0753019
1.00836 0.0754293
1.00876 0.0755563
1.00916 0.0756831
1.00956 0.0758095
1.00996 0.0759357
1.01036 0.0760615
1.01076 0.0761869
1.01116 0.0763121
1.01156 0.0764369
1.01196 0.0765614
1.01236 0.0766856
1.01276 0.0768094
1.01316 0.0769329
1.01356 0.077056
1.01396 0.0771788
1.01436 0.0773013
1.01476 0.0774234
1.01516 0.0775451
1.01556 0.0776665
1.01596 0.0777876
1.01636 0.0779083
1.01676 0.0780286
1.01716 0.0781486
1.01756 0.0782682
1.01796 0.0783875
1.01836 0.0785064
1.01876 0.0786249
1.01916 0.078743
1.01956 0.0788608
1.01996 0.0789782
1.02036 0.0790952
1.02076 0.0792118
1.02116 0.0793281
1.02156 0.0794439
1.02196 0.0795594
1.02236 0.0796745
1.02276 0.0797892
1.02316 0.0799034
1.02356 0.0800173
1.02396 0.0801308
1.02436 0.0802439
1.02476 0.0803566
1.02516 0.0804688
1.02556 0.0805807
1.02596 0.0806921
1.02636 0.0808031
1.02676 0.0809137
1.02716 0.0810239
1.02756 0.0811336
1.02796 0.081243
1.02836 0.0813518
1.02876 0.0814603
1.02917 0.0815683
1.02957 0.0816759
1.02997 0.081783
1.03037 0.0818897
1.03077 0.0819959
1.03117 0.0821017
1.03157 0.0822071
1.03197 0.0823119
1.03237 0.0824164
1.03277 0.0825203
1.03317 0.0826238
1.03357 0.0827268
1.03397 0.0828294
1.03437 0.0829314
1.03477 0.083033
1.03517 0.0831342
1.03557 0.0832348
1.03597 0.0833349
1.03637 0.0834346
1.03677 0.0835338
1.03717 0.0836324
1.03757 0.0837306
1.03797 0.0838283
1.03837 0.0839254
1.03877 0.0840221
1.03917 0.0841183
1.03957 0.0842139
1.03997 0.084309
1.04037 0.0844036
1.04077 0.0844976
1.04117 0.0845912
1.04157 0.0846842
1.04197 0.0847767
1.04237 0.0848686
1.04277 0.08496
1.04317 0.0850508
1.04357 0.0851411
1.04397 0.0852309
1.04437 0.0853201
1.04477 0.0854087
1.04517 0.0854968
1.04557 0.0855843
1.04597 0.0856712
1.04637 0.0857576
1.04677 0.0858434
1.04717 0.0859286
1.04757 0.0860132
1.04797 0.0860972
1.04837 0.0861807
1.04877 0.0862635
1.04917 0.0863458
1.04957 0.0864274
1.04997 0.0865085
1.05037 0.0865889
1.05077 0.0866687
1.05117 0.0867479
1.05157 0.0868265
1.05197 0.0869045
1.05237 0.0869818
1.05277 0.0870585
1.05317 0.0871345
1.05357 0.0872099
1.05397 0.0872847
1.05437 0.0873588
1.05477 0.0874322
1.05517 0.087505
1.05557 0.0875772
1.05597 0.0876486
1.05637 0.0877194
1.05677 0.0877896
1.05717 0.087859
1.05757 0.0879278
1.05797 0.0879958
1.05837 0.0880632
1.05877 0.0881299
1.05917 0.0881959
1.05957 0.0882611
1.05997 0.0883257
1.06037 0.0883895
1.06077 0.0884527
1.06117 0.0885151
1.06157 0.0885767
1.06197 0.0886377
1.06237 0.0886979
1.06277 0.0887573
1.06317 0.088816
1.06357 0.088874
1.06397 0.0889312
1.06437 0.0889876
1.06477 0.0890433
1.06517 0.0890982
1.06557 0.0891523
1.06597 0.0892056
1.06637 0.0892581
1.06677 0.0893099
1.06717 0.0893608
1.06757 0.089411
1.06797 0.0894603
1.06837 0.0895088
1.06877 0.0895565
1.06917 0.0896034
1.06957 0.0896495
1.06997 0.0896947
1.07037 0.089739
1.07077 0.0897826
1.07117 0.0898252
1.07157 0.089867
1.07197 0.089908
1.07237 0.0899481
1.07277 0.0899873
1.07317 0.0900256
1.07357 0.090063
1.07397 0.0900996
1.07437 0.0901352
1.07477 0.09017
1.07517 0.0902038
1.07557 0.0902367
1.07597 0.0902687
1.07637 0.0902998
1.07677 0.0903299
1.07717 0.0903591
1.07757 0.0903873
1.07797 0.0904146
1.07837 0.0904409
1.07877 0.0904663
1.07917 0.0904906
1.07958 0.090514
1.07998 0.0905364
1.08038 0.0905579
1.08078 0.0905783
1.08118 0.0905977
1.08158 0.0906161
1.08198 0.0906334
1.08238 0.0906498
1.08278 0.0906651
1.08318 0.0906794
1.08358 0.0906926
1.08398 0.0907047
1.08438 0.0907158
1.08478 0.0907258
1.08518 0.0907348
1.08558 0.0907426
1.08598 0.0907494
1.08638 0.0907551
1.08678 0.0907596
1.08718 0.0907631
1.08758 0.0907654
1.08798 0.0907665
1.08838 0.0907666
1.08878 0.0907655
1.08918 0.0907632
1.08958 0.0907597
1.08998 0.0907551
1.09038 0.0907493
1.09078 0.0907423
1.09118 0.0907342
1.09158 0.0907248
1.09198 0.0907142
1.09238 0.0907023
1.09278 0.0906893
1.09318 0.090675
1.09358 0.0906594
1.09398 0.0906426
1.09438 0.0906245
1.09478 0.0906051
1.09518 0.0905844
1.09558 0.0905625
1.09598 0.0905392
1.09638 0.0905146
1.09678 0.0904887
1.09718 0.0904615
1.09758 0.0904329
1.09798 0.0904029
1.09838 0.0903716
1.09878 0.0903389
1.09918 0.0903048
1.09958 0.0902693
1.09998 0.0902325
1.10038 0.0901941
1.10078 0.0901544
1.10118 0.0901132
1.10158 0.0900706
1.10198 0.0900265
1.10238 0.0899809
1.10278 0.0899339
1.10318 0.0898854
1.10358 0.0898353
1.10398 0.0897837
1.10438 0.0897306
1.10478 0.089676
1.10518 0.0896198
1.10558 0.089562
1.10598 0.0895027
1.10638 0.0894417
1.10678 0.0893792
1.10718 0.089315
1.10758 0.0892492
1.10798 0.0891818
1.10838 0.0891127
1.10878 0.089042
1.10918 0.0889695
1.10958 0.0888954
1.10998 0.0888196
1.11038 0.088742
1.11078 0.0886627
1.11118 0.0885817
1.11158 0.0884988
1.11198 0.0884142
1.11238 0.0883278
1.11278 0.0882396
1.11318 0.0881496
1.11358 0.0880578
1.11398 0.087964
1.11438 0.0878685
1.11478 0.087771
1.11518 0.0876716
1.11558 0.0875703
1.11598 0.0874671
1.11638 0.0873619
1.11678 0.0872548
1.11718 0.0871456
1.11758 0.0870345
1.11798 0.0869214
1.11838 0.0868062
1.11878 0.086689
1.11918 0.0865697
1.11958 0.0864483
1.11998 0.0863248
1.12038 0.0861992
1.12078 0.0860714
1.12118 0.0859415
1.12158 0.0858094
1.12198 0.085675
1.12238 0.0855385
1.12278 0.0853997
1.12318 0.0852587
1.12358 0.0851154
1.12398 0.0849698
1.12438 0.0848218
1.12478 0.0846715
1.12518 0.0845189
1.12558 0.0843638
1.12598 0.0842064
1.12638 0.0840465
1.12678 0.0838841
1.12718 0.0837193
1.12758 0.0835519
1.12798 0.0833821
1.12838 0.0832097
1.12878 0.0830347
1.12918 0.0828571
1.12958 0.0826769
1.12999 0.082494
1.13039 0.0823085
1.13079 0.0821203
1.13119 0.0819293
1.13159 0.0817356
1.13199 0.081539
1.13239 0.0813397
1.13279 0.0811376
1.13319 0.0809325
1.13359 0.0807246
1.13399 0.0805137
1.13439 0.0802999
1.13479 0.0800831
1.13519 0.0798633
1.13559 0.0796404
1.13599 0.0794145
1.13639 0.0791854
1.13679 0.0789532
1.13719 0.0787178
1.13759 0.0784792
1.13799 0.0782374
1.13839 0.0779922
1.13879 0.0777438
1.13919 0.077492
1.13959 0.0772368
1.13999 0.0769781
1.14039 0.076716
1.14079 0.0764504
1.14119 0.0761813
1.14159 0.0759085
1.14199 0.0756322
1.14239 0.0753521
1.14279 0.0750684
1.14319 0.0747809
1.14359 0.0744896
1.14399 0.0741945
1.14439 0.0738955
1.14479 0.0735925
1.14519 0.0732856
1.14559 0.0729747
1.14599 0.0726596
1.14639 0.0723405
1.14679 0.0720172
1.14719 0.0716896
1.14759 0.0713578
1.14799 0.0710216
1.14839 0.0706811
1.14879 0.0703361
1.14919 0.0699867
1.14959 0.0696326
1.14999 0.069274
1.15039 0.0689107
1.15079 0.0685426
1.15119 0.0681698
1.15159 0.0677921
1.15199 0.0674094
1.15239 0.0670218
1.15279 0.0666291
1.15319 0.0662313
1.15359 0.0658283
1.15399 0.06542
1.15439 0.0650064
1.15479 0.0645874
1.15519 0.0641628
1.15559 0.0637327
1.15599 0.0632969
1.15639 0.0628554
1.15679 0.0624081
1.15719 0.0619548
1.15759 0.0614956
1.15799 0.0610303
1.15839 0.0605588
1.15879 0.060081
1.15919 0.0595968
1.15959 0.0591062
1.15999 0.058609
1.16039 0.0581051
1.16079 0.0575945
1.16119 0.0570769
1.16159 0.0565523
1.16199 0.0560206
1.16239 0.0554817
1.16279 0.0549354
1.16319 0.0543816
1.16359 0.0538202
1.16399 0.0532511
1.16439 0.0526741
1.16479 0.052089
1.16519 0.0514958
1.16559 0.0508943
1.16599 0.0502843
1.16639 0.0496656
1.16679 0.0490382
1.16719 0.0484018
1.16759 0.0477563
1.16799 0.0471016
1.16839 0.0464373
1.16879 0.0457634
1.16919 0.0450795
1.16959 0.0443857
1.16999 0.0436816
1.17039 0.0429669
1.17079 0.0422416
1.17119 0.0415054
1.17159 0.0407579
1.17199 0.0399991
1.17239 0.0392286
1.17279 0.0384462
1.17319 0.0376515
1.17359 0.0368444
1.17399 0.0360245
1.17439 0.0351915
1.17479 0.0343451
1.17519 0.033485
1.17559 0.0326108
1.17599 0.0317222
1.17639 0.0308188
1.17679 0.0299002
1.17719 0.0289659
1.17759 0.0280157
1.17799 0.027049
1.17839 0.0260654
1.17879 0.0250644
1.17919 0.0240455
1.17959 0.0230081
1.18 0.0219518
1.1804 0.0208759
1.1808 0.0197797
1.1812 0.0186628
1.1816 0.0175243
1.182 0.0163635
1.1824 0.0151798
1.1828 0.0139722
1.1832 0.0127401
1.1836 0.0114823
1.184 0.0101981
1.1844 0.00888629
1.1848 0.00754592
1.1852 0.00617578
1.1856 0.00477467
1.186 0.00334124
1.1864 0.0018741
1.1868 0.00037173
1.1872 -0.00116751
1.1876 -0.00274537
1.188 -0.00436377
1.1884 -0.00602476
1.1888 -0.00773059
1.1892 -0.00948371
1.1896 -0.0112868
1.19 -0.0131428
1.1904 -0.0150549
1.1908 -0.0170267
1.1912 -0.0190622
1.1916 -0.0211658
1.192 -0.0233424
1.1924 -0.0255976
1.1928 -0.0279379
1.1932 -0.0303703
1.1936 -0.0329032
1.194 -0.0355461
1.1944 -0.0383105
1.1948 -0.0412095
1.1952 -0.0442592
1.1956 -0.0474787
1.196 -0.050892
1.1964 -0.0545289
1.1968 -0.0584282
1.1972 -0.0626408
1.1976 -0.0672369
1.198 -0.0723175
1.1984 -0.0780375
1.1988 -0.0846579
1.1992 -0.0926868
1.1996 -0.103435
1.2 -0.129385
