-0.8 2.01464
-0.8 2.01464
-0.8 2.01464
-0.779798 1.93628
-0.779798 1.93628
-0.779798 1.93628
-0.759596 1.85989
-0.759596 1.85989
-0.759596 1.85989
-0.739394 1.78544
-0.739394 1.78544
-0.739394 1.78544
-0.719192 1.71291
-0.719192 1.71291
-0.719192 1.71291
-0.69899 1.64228
-0.69899 1.64228
-0.69899 1.64228
-0.678788 1.57352
-0.678788 1.57352
-0.678788 1.57352
-0.658586 1.50661
-0.658586 1.50661
-0.658586 1.50661
-0.638384 1.44152
-0.638384 1.44152
-0.638384 1.44152
-0.618182 1.37824
-0.618182 1.37824
-0.618182 1.37824
-0.59798 1.31673
-0.59798 1.31673
-0.59798 1.31673
-0.577778 1.25697
-0.577778 1.25697
-0.577778 1.25697
-0.557576 1.19894
-0.557576 1.19894
-0.557576 1.19894
-0.537374 1.14262
-0.537374 1.14262
-0.537374 1.14262
-0.517172 1.08798
-0.517172 1.08798
-0.517172 1.08798
-0.49697 1.035
-0.49697 1.035
-0.49697 1.035
-0.476768 0.98365
-0.476768 0.98365
-0.476768 0.98365
-0.456566 0.933911
-0.456566 0.933911
-0.456566 0.933911
-0.436364 0.885757
-0.436364 0.885757
-0.436364 0.885757
-0.416162 0.839165
-0.416162 0.839165
-0.416162 0.839165
-0.39596 0.794111
-0.39596 0.794111
-0.39596 0.794111
-0.375758 0.750571
-0.375758 0.750571
-0.375758 0.750571
-0.355556 0.708522
-0.355556 0.708522
-0.355556 0.708522
-0.335354 0.667938
-0.335354 0.667938
-0.335354 0.667938
-0.315152 0.628798
-0.315152 0.628798
-0.315152 0.628798
-0.294949 0.591075
-0.294949 0.591075
-0.294949 0.591075
-0.274747 0.554748
-0.274747 0.554748
-0.274747 0.554748
-0.254545 0.519791
-0.254545 0.519791
-0.254545 0.519791
-0.234343 0.486182
-0.234343 0.486182
-0.234343 0.486182
-0.214141 0.453895
-0.214141 0.453895
-0.214141 0.453895
-0.193939 0.422907
-0.193939 0.422907
-0.193939 0.422907
-0.173737 0.393195
-0.173737 0.393195
-0.173737 0.393195
-0.153535 0.364734
-0.153535 0.364734
-0.153535 0.364734
-0.133333 0.337501
-0.133333 0.337501
-0.133333 0.337501
-0.113131 0.311471
-0.113131 0.311471
-0.113131 0.311471
-0.0929293 0.286621
-0.0929293 0.286621
-0.0929293 0.286621
-0.0727273 0.262927
-0.0727273 0.262927
-0.0727273 0.262927
-0.0525252 0.240365
-0.0525252 0.240365
-0.0525252 0.240365
-0.0323232 0.218911
-0.0323232 0.218911
-0.0323232 0.218911
-0.0121212 0.198541
-0.0121212 0.198541
-0.0121212 0.198541
0.00808081 0.179232
0.00808081 0.179232
0.00808081 0.179232
0.0282828 0.160959
0.0282828 0.160959
0.0282828 0.160959
0.0484849 0.143698
0.0484849 0.143698
0.0484849 0.143698
0.0686869 0.127426
0.0686869 0.127426
0.0686869 0.127426
0.0888889 0.112119
0.0888889 0.112119
0.0888889 0.112119
0.109091 0.0977531
0.109091 0.0977531
0.109091 0.0977531
0.129293 0.0843039
0.129293 0.0843039
0.129293 0.0843039
0.149495 0.0717479
0.149495 0.0717479
0.149495 0.0717479
0.169697 0.0600611
0.169697 0.0600611
0.169697 0.0600611
0.189899 0.0492197
0.189899 0.0492197
0.189899 0.0492197
0.210101 0.0391998
0.210101 0.0391998
0.210101 0.0391998
0.230303 0.0299775
0.230303 0.0299775
0.230303 0.0299775
0.250505 0.0215289
0.250505 0.0215289
0.250505 0.0215289
0.270707 0.0138301
0.270707 0.0138301
0.270707 0.0138301
0.290909 0.00685721
0.290909 0.00685721
0.290909 0.00685721
0.311111 0.000586414
0.311111 0.000586414
0.311111 0.000586414
0.331313 -0.00500621
0.331313 -0.00500621
0.331313 -0.00500621
0.351515 -0.00994454
0.351515 -0.00994454
0.351515 -0.00994454
0.371717 -0.0142525
0.371717 -0.0142525
0.371717 -0.0142525
0.391919 -0.0179539
0.391919 -0.0179539
0.391919 -0.0179539
0.412121 -0.0210727
0.412121 -0.0210727
0.412121 -0.0210727
0.432323 -0.0236327
0.432323 -0.0236327
0.432323 -0.0236327
0.452525 -0.0256578
0.452525 -0.0256578
0.452525 -0.0256578
0.472727 -0.027172
0.472727 -0.027172
0.472727 -0.027172
0.492929 -0.0281991
0.492929 -0.0281991
0.492929 -0.0281991
0.513131 -0.0287629
0.513131 -0.0287629
0.513131 -0.0287629
0.533333 -0.0288875
0.533333 -0.0288875
0.533333 -0.0288875
0.553535 -0.0285965
0.553535 -0.0285965
0.553535 -0.0285965
0.573737 -0.0279141
0.573737 -0.0279141
0.573737 -0.0279141
0.593939 -0.0268639
0.593939 -0.0268639
0.593939 -0.0268639
0.614141 -0.02547
0.614141 -0.02547
0.614141 -0.02547
0.634343 -0.0237561
0.634343 -0.0237561
0.634343 -0.0237561
0.654545 -0.0217462
0.654545 -0.0217462
0.654545 -0.0217462
0.674747 -0.0194642
0.674747 -0.0194642
0.674747 -0.0194642
0.694949 -0.0169339
0.694949 -0.0169339
0.694949 -0.0169339
0.715152 -0.0141792
0.715152 -0.0141792
0.715152 -0.0141792
0.735354 -0.0112241
0.735354 -0.0112241
0.735354 -0.0112241
0.755556 -0.00809235
0.755556 -0.00809235
0.755556 -0.00809235
0.775758 -0.00480789
0.775758 -0.00480789
0.775758 -0.00480789
0.79596 -0.00139459
0.79596 -0.00139459
0.79596 -0.00139459
0.816162 0.00212366
0.816162 0.00212366
0.816162 0.00212366
0.836364 0.00572298
0.836364 0.00572298
0.836364 0.00572298
0.856566 0.00937948
0.856566 0.00937948
0.856566 0.00937948
0.876768 0.0130693
0.876768 0.0130693
0.876768 0.0130693
0.89697 0.0167685
0.89697 0.0167685
0.89697 0.0167685
0.917172 0.0204532
0.917172 0.0204532
0.917172 0.0204532
0.937374 0.0240996
0.937374 0.0240996
0.937374 0.0240996
0.957576 0.0276838
0.957576 0.0276838
0.957576 0.0276838
0.977778 0.0311818
0.977778 0.0311818
0.977778 0.0311818
0.99798 0.0345698
0.99798 0.0345698
0.99798 0.0345698
1.01818 0.0378239
1.01818 0.0378239
1.01818 0.0378239
1.03838 0.0409203
1.03838 0.0409203
1.03838 0.0409203
1.05859 0.043835
1.05859 0.043835
1.05859 0.043835
1.07879 0.0465441
1.07879 0.0465441
1.07879 0.0465441
1.09899 0.0490238
1.09899 0.0490238
1.09899 0.0490238
1.11919 0.0512502
1.11919 0.0512502
1.11919 0.0512502
1.13939 0.0531994
1.13939 0.0531994
1.13939 0.0531994
1.1596 0.0548475
1.1596 0.0548475
1.1596 0.0548475
1.1798 0.0561707
1.1798 0.0561707
1.1798 0.0561707
1.2 0.057145
1.2 0.057145
1.2 0.057145
