-0.8 2.0942
-0.8 2.0942
-0.8 2.0942
-0.779798 1.99163
-0.779798 1.99163
-0.779798 1.99163
-0.759596 1.89449
-0.759596 1.89449
-0.759596 1.89449
-0.739394 1.80248
-0.739394 1.80248
-0.739394 1.80248
-0.719192 1.7153
-0.719192 1.7153
-0.719192 1.7153
-0.69899 1.63267
-0.69899 1.63267
-0.69899 1.63267
-0.678788 1.55431
-0.678788 1.55431
-0.678788 1.55431
-0.658586 1.47996
-0.658586 1.47996
-0.658586 1.47996
-0.638384 1.40939
-0.638384 1.40939
-0.638384 1.40939
-0.618182 1.34235
-0.618182 1.34235
-0.618182 1.34235
-0.59798 1.27863
-0.59798 1.27863
-0.59798 1.27863
-0.577778 1.218
-0.577778 1.218
-0.577778 1.218
-0.557576 1.16028
-0.557576 1.16028
-0.557576 1.16028
-0.537374 1.10528
-0.537374 1.10528
-0.537374 1.10528
-0.517172 1.05281
-0.517172 1.05281
-0.517172 1.05281
-0.49697 1.00271
-0.49697 1.00271
-0.49697 1.00271
-0.476768 0.954814
-0.476768 0.954814
-0.476768 0.954814
-0.456566 0.908983
-0.456566 0.908983
-0.456566 0.908983
-0.436364 0.865077
-0.436364 0.865077
-0.436364 0.865077
-0.416162 0.822964
-0.416162 0.822964
-0.416162 0.822964
-0.39596 0.782526
-0.39596 0.782526
-0.39596 0.782526
-0.375758 0.74365
-0.375758 0.74365
-0.375758 0.74365
-0.355556 0.706232
-0.355556 0.706232
-0.355556 0.706232
-0.335354 0.670179
-0.335354 0.670179
-0.335354 0.670179
-0.315152 0.635401
-0.315152 0.635401
-0.315152 0.635401
-0.294949 0.601819
-0.294949 0.601819
-0.294949 0.601819
-0.274747 0.569361
-0.274747 0.569361
-0.274747 0.569361
-0.254545 0.537961
-0.254545 0.537961
-0.254545 0.537961
-0.234343 0.507558
-0.234343 0.507558
-0.234343 0.507558
-0.214141 0.478101
-0.214141 0.478101
-0.214141 0.478101
-0.193939 0.449543
-0.193939 0.449543
-0.193939 0.449543
-0.173737 0.421843
-0.173737 0.421843
-0.173737 0.421843
-0.153535 0.394966
-0.153535 0.394966
-0.153535 0.394966
-0.133333 0.368881
-0.133333 0.368881
-0.133333 0.368881
-0.113131 0.343563
-0.113131 0.343563
-0.113131 0.343563
-0.0929293 0.318991
-0.0929293 0.318991
-0.0929293 0.318991
-0.0727273 0.29515
-0.0727273 0.29515
-0.0727273 0.29515
-0.0525252 0.272028
-0.0525252 0.272028
-0.0525252 0.272028
-0.0323232 0.249615
-0.0323232 0.249615
-0.0323232 0.249615
-0.0121212 0.227908
-0.0121212 0.227908
-0.0121212 0.227908
0.00808081 0.206904
0.00808081 0.206904
0.00808081 0.206904
0.0282828 0.186607
0.0282828 0.186607
0.0282828 0.186607
0.0484849 0.167018
0.0484849 0.167018
0.0484849 0.167018
0.0686869 0.148146
0.0686869 0.148146
0.0686869 0.148146
0.0888889 0.129998
0.0888889 0.129998
0.0888889 0.129998
0.109091 0.112586
0.109091 0.112586
0.109091 0.112586
0.129293 0.0959214
0.129293 0.0959214
0.129293 0.0959214
0.149495 0.0800171
0.149495 0.0800171
0.149495 0.0800171
0.169697 0.0648878
0.169697 0.0648878
0.169697 0.0648878
0.189899 0.0505483
0.189899 0.0505483
0.189899 0.0505483
0.210101 0.037014
0.210101 0.037014
0.210101 0.037014
0.230303 0.0243004
0.230303 0.0243004
0.230303 0.0243004
0.250505 0.0124229
0.250505 0.0124229
0.250505 0.0124229
0.270707 0.00139629
0.270707 0.00139629
0.270707 0.00139629
0.290909 -0.00876522
0.290909 -0.00876522
0.290909 -0.00876522
0.311111 -0.0180485
0.311111 -0.0180485
0.311111 -0.0180485
0.331313 -0.0264417
0.331313 -0.0264417
0.331313 -0.0264417
0.351515 -0.0339346
0.351515 -0.0339346
0.351515 -0.0339346
0.371717 -0.0405187
0.371717 -0.0405187
0.371717 -0.0405187
0.391919 -0.0461878
0.391919 -0.0461878
0.391919 -0.0461878
0.412121 -0.0509381
0.412121 -0.0509381
0.412121 -0.0509381
0.432323 -0.0547685
0.432323 -0.0547685
0.432323 -0.0547685
0.452525 -0.0576809
0.452525 -0.0576809
0.452525 -0.0576809
0.472727 -0.0596804
0.472727 -0.0596804
0.472727 -0.0596804
0.492929 -0.0607759
0.492929 -0.0607759
0.492929 -0.0607759
0.513131 -0.0609799
0.513131 -0.0609799
0.513131 -0.0609799
0.533333 -0.0603092
0.533333 -0.0603092
0.533333 -0.0603092
0.553535 -0.0587849
0.553535 -0.0587849
0.553535 -0.0587849
0.573737 -0.0564329
0.573737 -0.0564329
0.573737 -0.0564329
0.593939 -0.053284
0.593939 -0.053284
0.593939 -0.053284
0.614141 -0.0493745
0.614141 -0.0493745
0.614141 -0.0493745
0.634343 -0.0447459
0.634343 -0.0447459
0.634343 -0.0447459
0.654545 -0.0394458
0.654545 -0.0394458
0.654545 -0.0394458
0.674747 -0.0335279
0.674747 -0.0335279
0.674747 -0.0335279
0.694949 -0.0270521
0.694949 -0.0270521
0.694949 -0.0270521
0.715152 -0.0200854
0.715152 -0.0200854
0.715152 -0.0200854
0.735354 -0.0127013
0.735354 -0.0127013
0.735354 -0.0127013
0.755556 -0.0049809
0.755556 -0.0049809
0.755556 -0.0049809
0.775758 0.0029873
0.775758 0.0029873
0.775758 0.0029873
0.79596 0.0111069
0.79596 0.0111069
0.79596 0.0111069
0.816162 0.0192735
0.816162 0.0192735
0.816162 0.0192735
0.836364 0.0273742
0.836364 0.0273742
0.836364 0.0273742
0.856566 0.0352874
0.856566 0.0352874
0.856566 0.0352874
0.876768 0.0428826
0.876768 0.0428826
0.876768 0.0428826
0.89697 0.0500201
0.89697 0.0500201
0.89697 0.0500201
0.917172 0.0565506
0.917172 0.0565506
0.917172 0.0565506
0.937374 0.0623149
0.937374 0.0623149
0.937374 0.0623149
0.957576 0.0671438
0.957576 0.0671438
0.957576 0.0671438
0.977778 0.0708579
0.977778 0.0708579
0.977778 0.0708579
0.99798 0.0732667
0.99798 0.0732667
0.99798 0.0732667
1.01818 0.0741691
1.01818 0.0741691
1.01818 0.0741691
1.03838 0.0733526
1.03838 0.0733526
1.03838 0.0733526
1.05859 0.0705932
1.05859 0.0705932
1.05859 0.0705932
1.07879 0.0656553
1.07879 0.0656553
1.07879 0.0656553
1.09899 0.0582909
1.09899 0.0582909
1.09899 0.0582909
1.11919 0.0482397
1.11919 0.0482397
1.11919 0.0482397
1.13939 0.035229
1.13939 0.035229
1.13939 0.035229
1.1596 0.0189728
1.1596 0.0189728
1.1596 0.0189728
1.1798 -0.000827798
1.1798 -0.000827798
1.1798 -0.000827798
1.2 -0.0244855
1.2 -0.0244855
1.2 -0.0244855
