-0.8 1.17282
-0.8 1.17282
-0.8 1.17282
-0.779798 1.15683
-0.779798 1.15683
-0.779798 1.15683
-0.759596 1.14084
-0.759596 1.14084
-0.759596 1.14084
-0.739394 1.12485
-0.739394 1.12485
-0.739394 1.12485
-0.719192 1.10886
-0.719192 1.10886
-0.719192 1.10886
-0.69899 1.09287
-0.69899 1.09287
-0.69899 1.09287
-0.678788 1.07689
-0.678788 1.07689
-0.678788 1.07689
-0.658586 1.0609
-0.658586 1.0609
-0.658586 1.0609
-0.638384 1.04491
-0.638384 1.04491
-0.638384 1.04491
-0.618182 1.02892
-0.618182 1.02892
-0.618182 1.02892
-0.59798 1.01293
-0.59798 1.01293
-0.59798 1.01293
-0.577778 0.996943
-0.577778 0.996943
-0.577778 0.996943
-0.557576 0.980954
-0.557576 0.980954
-0.557576 0.980954
-0.537374 0.964966
-0.537374 0.964966
-0.537374 0.964966
-0.517172 0.948977
-0.517172 0.948977
-0.517172 0.948977
-0.49697 0.932989
-0.49697 0.932989
-0.49697 0.932989
-0.476768 0.917
-0.476768 0.917
-0.476768 0.917
-0.456566 0.901011
-0.456566 0.901011
-0.456566 0.901011
-0.436364 0.885023
-0.436364 0.885023
-0.436364 0.885023
-0.416162 0.869034
-0.416162 0.869034
-0.416162 0.869034
-0.39596 0.853046
-0.39596 0.853046
-0.39596 0.853046
-0.375758 0.837057
-0.375758 0.837057
-0.375758 0.837057
-0.355556 0.821068
-0.355556 0.821068
-0.355556 0.821068
-0.335354 0.80508
-0.335354 0.80508
-0.335354 0.80508
-0.315152 0.789091
-0.315152 0.789091
-0.315152 0.789091
-0.294949 0.773103
-0.294949 0.773103
-0.294949 0.773103
-0.274747 0.757114
-0.274747 0.757114
-0.274747 0.757114
-0.254545 0.741125
-0.254545 0.741125
-0.254545 0.741125
-0.234343 0.725137
-0.234343 0.725137
-0.234343 0.725137
-0.214141 0.709148
-0.214141 0.709148
-0.214141 0.709148
-0.193939 0.69316
-0.193939 0.69316
-0.193939 0.69316
-0.173737 0.677171
-0.173737 0.677171
-0.173737 0.677171
-0.153535 0.661182
-0.153535 0.661182
-0.153535 0.661182
-0.133333 0.645194
-0.133333 0.645194
-0.133333 0.645194
-0.113131 0.629205
-0.113131 0.629205
-0.113131 0.629205
-0.0929293 0.613217
-0.0929293 0.613217
-0.0929293 0.613217
-0.0727273 0.597228
-0.0727273 0.597228
-0.0727273 0.597228
-0.0525252 0.581239
-0.0525252 0.581239
-0.0525252 0.581239
-0.0323232 0.565251
-0.0323232 0.565251
-0.0323232 0.565251
-0.0121212 0.549262
-0.0121212 0.549262
-0.0121212 0.549262
0.00808081 0.533274
0.00808081 0.533274
0.00808081 0.533274
0.0282828 0.517285
0.0282828 0.517285
0.0282828 0.517285
0.0484849 0.501296
0.0484849 0.501296
0.0484849 0.501296
0.0686869 0.485308
0.0686869 0.485308
0.0686869 0.485308
0.0888889 0.469319
0.0888889 0.469319
0.0888889 0.469319
0.109091 0.45333
0.109091 0.45333
0.109091 0.45333
0.129293 0.437342
0.129293 0.437342
0.129293 0.437342
0.149495 0.421353
0.149495 0.421353
0.149495 0.421353
0.169697 0.405365
0.169697 0.405365
0.169697 0.405365
0.189899 0.389376
0.189899 0.389376
0.189899 0.389376
0.210101 0.373387
0.210101 0.373387
0.210101 0.373387
0.230303 0.357399
0.230303 0.357399
0.230303 0.357399
0.250505 0.34141
0.250505 0.34141
0.250505 0.34141
0.270707 0.325422
0.270707 0.325422
0.270707 0.325422
0.290909 0.309433
0.290909 0.309433
0.290909 0.309433
0.311111 0.293444
0.311111 0.293444
0.311111 0.293444
0.331313 0.277456
0.331313 0.277456
0.331313 0.277456
0.351515 0.261467
0.351515 0.261467
0.351515 0.261467
0.371717 0.245479
0.371717 0.245479
0.371717 0.245479
0.391919 0.22949
0.391919 0.22949
0.391919 0.22949
0.412121 0.213501
0.412121 0.213501
0.412121 0.213501
0.432323 0.197513
0.432323 0.197513
0.432323 0.197513
0.452525 0.181524
0.452525 0.181524
0.452525 0.181524
0.472727 0.165536
0.472727 0.165536
0.472727 0.165536
0.492929 0.149547
0.492929 0.149547
0.492929 0.149547
0.513131 0.133558
0.513131 0.133558
0.513131 0.133558
0.533333 0.11757
0.533333 0.11757
0.533333 0.11757
0.553535 0.101581
0.553535 0.101581
0.553535 0.101581
0.573737 0.0855926
0.573737 0.0855926
0.573737 0.0855926
0.593939 0.069604
0.593939 0.069604
0.593939 0.069604
0.614141 0.0536154
0.614141 0.0536154
0.614141 0.0536154
0.634343 0.0376268
0.634343 0.0376268
0.634343 0.0376268
0.654545 0.0216382
0.654545 0.0216382
0.654545 0.0216382
0.674747 0.00564955
0.674747 0.00564955
0.674747 0.00564955
0.694949 -0.0103391
0.694949 -0.0103391
0.694949 -0.0103391
0.715152 -0.0263277
0.715152 -0.0263277
0.715152 -0.0263277
0.735354 -0.0423163
0.735354 -0.0423163
0.735354 -0.0423163
0.755556 -0.0583049
0.755556 -0.0583049
0.755556 -0.0583049
0.775758 -0.0742935
0.775758 -0.0742935
0.775758 -0.0742935
0.79596 -0.0902821
0.79596 -0.0902821
0.79596 -0.0902821
0.816162 -0.106271
0.816162 -0.106271
0.816162 -0.106271
0.836364 -0.122259
0.836364 -0.122259
0.836364 -0.122259
0.856566 -0.138248
0.856566 -0.138248
0.856566 -0.138248
0.876768 -0.154236
0.876768 -0.154236
0.876768 -0.154236
0.89697 -0.170225
0.89697 -0.170225
0.89697 -0.170225
0.917172 -0.186214
0.917172 -0.186214
0.917172 -0.186214
0.937374 -0.202202
0.937374 -0.202202
0.937374 -0.202202
0.957576 -0.218191
0.957576 -0.218191
0.957576 -0.218191
0.977778 -0.23418
0.977778 -0.23418
0.977778 -0.23418
0.99798 -0.250168
0.99798 -0.250168
0.99798 -0.250168
1.01818 -0.266157
1.01818 -0.266157
1.01818 -0.266157
1.03838 -0.282145
1.03838 -0.282145
1.03838 -0.282145
1.05859 -0.298134
1.05859 -0.298134
1.05859 -0.298134
1.07879 -0.314123
1.07879 -0.314123
1.07879 -0.314123
1.09899 -0.330111
1.09899 -0.330111
1.09899 -0.330111
1.11919 -0.3461
1.11919 -0.3461
1.11919 -0.3461
1.13939 -0.362088
1.13939 -0.362088
1.13939 -0.362088
1.1596 -0.378077
1.1596 -0.378077
1.1596 -0.378077
1.1798 -0.394066
1.1798 -0.394066
1.1798 -0.394066
1.2 -0.410054
1.2 -0.410054
1.2 -0.410054
