-0.8 1.82733
-0.8 1.82733
-0.8 1.82733
-0.779798 1.77167
-0.779798 1.77167
-0.779798 1.77167
-0.759596 1.71683
-0.759596 1.71683
-0.759596 1.71683
-0.739394 1.66279
-0.739394 1.66279
-0.739394 1.66279
-0.719192 1.60956
-0.719192 1.60956
-0.719192 1.60956
-0.69899 1.55714
-0.69899 1.55714
-0.69899 1.55714
-0.678788 1.50554
-0.678788 1.50554
-0.678788 1.50554
-0.658586 1.45474
-0.658586 1.45474
-0.658586 1.45474
-0.638384 1.40475
-0.638384 1.40475
-0.638384 1.40475
-0.618182 1.35557
-0.618182 1.35557
-0.618182 1.35557
-0.59798 1.3072
-0.59798 1.3072
-0.59798 1.3072
-0.577778 1.25964
-0.577778 1.25964
-0.577778 1.25964
-0.557576 1.21289
-0.557576 1.21289
-0.557576 1.21289
-0.537374 1.16695
-0.537374 1.16695
-0.537374 1.16695
-0.517172 1.12181
-0.517172 1.12181
-0.517172 1.12181
-0.49697 1.07749
-0.49697 1.07749
-0.49697 1.07749
-0.476768 1.03398
-0.476768 1.03398
-0.476768 1.03398
-0.456566 0.991275
-0.456566 0.991275
-0.456566 0.991275
-0.436364 0.949381
-0.436364 0.949381
-0.436364 0.949381
-0.416162 0.908297
-0.416162 0.908297
-0.416162 0.908297
-0.39596 0.868022
-0.39596 0.868022
-0.39596 0.868022
-0.375758 0.828557
-0.375758 0.828557
-0.375758 0.828557
-0.355556 0.789901
-0.355556 0.789901
-0.355556 0.789901
-0.335354 0.752055
-0.335354 0.752055
-0.335354 0.752055
-0.315152 0.715019
-0.315152 0.715019
-0.315152 0.715019
-0.294949 0.678792
-0.294949 0.678792
-0.294949 0.678792
-0.274747 0.643374
-0.274747 0.643374
-0.274747 0.643374
-0.254545 0.608766
-0.254545 0.608766
-0.254545 0.608766
-0.234343 0.574968
-0.234343 0.574968
-0.234343 0.574968
-0.214141 0.541979
-0.214141 0.541979
-0.214141 0.541979
-0.193939 0.5098
-0.193939 0.5098
-0.193939 0.5098
-0.173737 0.47843
-0.173737 0.47843
-0.173737 0.47843
-0.153535 0.447869
-0.153535 0.447869
-0.153535 0.447869
-0.133333 0.418119
-0.133333 0.418119
-0.133333 0.418119
-0.113131 0.389178
-0.113131 0.389178
-0.113131 0.389178
-0.0929293 0.361046
-0.0929293 0.361046
-0.0929293 0.361046
-0.0727273 0.333724
-0.0727273 0.333724
-0.0727273 0.333724
-0.0525252 0.307211
-0.0525252 0.307211
-0.0525252 0.307211
-0.0323232 0.281508
-0.0323232 0.281508
-0.0323232 0.281508
-0.0121212 0.256615
-0.0121212 0.256615
-0.0121212 0.256615
0.00808081 0.232531
0.00808081 0.232531
0.00808081 0.232531
0.0282828 0.209256
0.0282828 0.209256
0.0282828 0.209256
0.0484849 0.186791
0.0484849 0.186791
0.0484849 0.186791
0.0686869 0.165136
0.0686869 0.165136
0.0686869 0.165136
0.0888889 0.14429
0.0888889 0.14429
0.0888889 0.14429
0.109091 0.124254
0.109091 0.124254
0.109091 0.124254
0.129293 0.105027
0.129293 0.105027
0.129293 0.105027
0.149495 0.0866099
0.149495 0.0866099
0.149495 0.0866099
0.169697 0.0690022
0.169697 0.0690022
0.169697 0.0690022
0.189899 0.0522041
0.189899 0.0522041
0.189899 0.0522041
0.210101 0.0362155
0.210101 0.0362155
0.210101 0.0362155
0.230303 0.0210364
0.230303 0.0210364
0.230303 0.0210364
0.250505 0.00666687
0.250505 0.00666687
0.250505 0.00666687
0.270707 -0.00689312
0.270707 -0.00689312
0.270707 -0.00689312
0.290909 -0.0196436
0.290909 -0.0196436
0.290909 -0.0196436
0.311111 -0.0315845
0.311111 -0.0315845
0.311111 -0.0315845
0.331313 -0.0427159
0.331313 -0.0427159
0.331313 -0.0427159
0.351515 -0.0530377
0.351515 -0.0530377
0.351515 -0.0530377
0.371717 -0.06255
0.371717 -0.06255
0.371717 -0.06255
0.391919 -0.0712528
0.391919 -0.0712528
0.391919 -0.0712528
0.412121 -0.0791461
0.412121 -0.0791461
0.412121 -0.0791461
0.432323 -0.0862298
0.432323 -0.0862298
0.432323 -0.0862298
0.452525 -0.0925039
0.452525 -0.0925039
0.452525 -0.0925039
0.472727 -0.0979686
0.472727 -0.0979686
0.472727 -0.0979686
0.492929 -0.102624
0.492929 -0.102624
0.492929 -0.102624
0.513131 -0.106469
0.513131 -0.106469
0.513131 -0.106469
0.533333 -0.109505
0.533333 -0.109505
0.533333 -0.109505
0.553535 -0.111732
0.553535 -0.111732
0.553535 -0.111732
0.573737 -0.113149
0.573737 -0.113149
0.573737 -0.113149
0.593939 -0.113756
0.593939 -0.113756
0.593939 -0.113756
0.614141 -0.113554
0.614141 -0.113554
0.614141 -0.113554
0.634343 -0.112542
0.634343 -0.112542
0.634343 -0.112542
0.654545 -0.110721
0.654545 -0.110721
0.654545 -0.110721
0.674747 -0.10809
0.674747 -0.10809
0.674747 -0.10809
0.694949 -0.10465
0.694949 -0.10465
0.694949 -0.10465
0.715152 -0.1004
0.715152 -0.1004
0.715152 -0.1004
0.735354 -0.0953409
0.735354 -0.0953409
0.735354 -0.0953409
0.755556 -0.089472
0.755556 -0.089472
0.755556 -0.089472
0.775758 -0.0827936
0.775758 -0.0827936
0.775758 -0.0827936
0.79596 -0.0753056
0.79596 -0.0753056
0.79596 -0.0753056
0.816162 -0.0670082
0.816162 -0.0670082
0.816162 -0.0670082
0.836364 -0.0579011
0.836364 -0.0579011
0.836364 -0.0579011
0.856566 -0.0479846
0.856566 -0.0479846
0.856566 -0.0479846
0.876768 -0.0372585
0.876768 -0.0372585
0.876768 -0.0372585
0.89697 -0.0257228
0.89697 -0.0257228
0.89697 -0.0257228
0.917172 -0.0133776
0.917172 -0.0133776
0.917172 -0.0133776
0.937374 -0.000222929
0.937374 -0.000222929
0.937374 -0.000222929
0.957576 0.0137413
0.957576 0.0137413
0.957576 0.0137413
0.977778 0.0285151
0.977778 0.0285151
0.977778 0.0285151
0.99798 0.0440984
0.99798 0.0440984
0.99798 0.0440984
1.01818 0.0604913
1.01818 0.0604913
1.01818 0.0604913
1.03838 0.0776937
1.03838 0.0776937
1.03838 0.0776937
1.05859 0.0957056
1.05859 0.0957056
1.05859 0.0957056
1.07879 0.114527
1.07879 0.114527
1.07879 0.114527
1.09899 0.134158
1.09899 0.134158
1.09899 0.134158
1.11919 0.154599
1.11919 0.154599
1.11919 0.154599
1.13939 0.175849
1.13939 0.175849
1.13939 0.175849
1.1596 0.197908
1.1596 0.197908
1.1596 0.197908
1.1798 0.220777
1.1798 0.220777
1.1798 0.220777
1.2 0.244456
1.2 0.244456
1.2 0.244456
