-0.8 2.0136
-0.8 2.0136
-0.8 2.0136
-0.779798 1.93545
-0.779798 1.93545
-0.779798 1.93545
-0.759596 1.85925
-0.759596 1.85925
-0.759596 1.85925
-0.739394 1.78497
-0.739394 1.78497
-0.739394 1.78497
-0.719192 1.7126
-0.719192 1.7126
-0.719192 1.7126
-0.69899 1.64211
-0.69899 1.64211
-0.69899 1.64211
-0.678788 1.57347
-0.678788 1.57347
-0.678788 1.57347
-0.658586 1.50666
-0.658586 1.50666
-0.658586 1.50666
-0.638384 1.44167
-0.638384 1.44167
-0.638384 1.44167
-0.618182 1.37847
-0.618182 1.37847
-0.618182 1.37847
-0.59798 1.31703
-0.59798 1.31703
-0.59798 1.31703
-0.577778 1.25733
-0.577778 1.25733
-0.577778 1.25733
-0.557576 1.19934
-0.557576 1.19934
-0.557576 1.19934
-0.537374 1.14306
-0.537374 1.14306
-0.537374 1.14306
-0.517172 1.08844
-0.517172 1.08844
-0.517172 1.08844
-0.49697 1.03548
-0.49697 1.03548
-0.49697 1.03548
-0.476768 0.984139
-0.476768 0.984139
-0.476768 0.984139
-0.456566 0.934401
-0.456566 0.934401
-0.456566 0.934401
-0.436364 0.886242
-0.436364 0.886242
-0.436364 0.886242
-0.416162 0.83964
-0.416162 0.83964
-0.416162 0.83964
-0.39596 0.794569
-0.39596 0.794569
-0.39596 0.794569
-0.375758 0.751008
-0.375758 0.751008
-0.375758 0.751008
-0.355556 0.708933
-0.355556 0.708933
-0.355556 0.708933
-0.335354 0.66832
-0.335354 0.66832
-0.335354 0.66832
-0.315152 0.629146
-0.315152 0.629146
-0.315152 0.629146
-0.294949 0.591388
-0.294949 0.591388
-0.294949 0.591388
-0.274747 0.555023
-0.274747 0.555023
-0.274747 0.555023
-0.254545 0.520026
-0.254545 0.520026
-0.254545 0.520026
-0.234343 0.486375
-0.234343 0.486375
-0.234343 0.486375
-0.214141 0.454046
-0.214141 0.454046
-0.214141 0.454046
-0.193939 0.423015
-0.193939 0.423015
-0.193939 0.423015
-0.173737 0.39326
-0.173737 0.39326
-0.173737 0.39326
-0.153535 0.364756
-0.153535 0.364756
-0.153535 0.364756
-0.133333 0.33748
-0.133333 0.33748
-0.133333 0.33748
-0.113131 0.311409
-0.113131 0.311409
-0.113131 0.311409
-0.0929293 0.286518
-0.0929293 0.286518
-0.0929293 0.286518
-0.0727273 0.262784
-0.0727273 0.262784
-0.0727273 0.262784
-0.0525252 0.240185
-0.0525252 0.240185
-0.0525252 0.240185
-0.0323232 0.218695
-0.0323232 0.218695
-0.0323232 0.218695
-0.0121212 0.198292
-0.0121212 0.198292
-0.0121212 0.198292
0.00808081 0.178951
0.00808081 0.178951
0.00808081 0.178951
0.0282828 0.160649
0.0282828 0.160649
0.0282828 0.160649
0.0484849 0.143363
0.0484849 0.143363
0.0484849 0.143363
0.0686869 0.127068
0.0686869 0.127068
0.0686869 0.127068
0.0888889 0.111741
0.0888889 0.111741
0.0888889 0.111741
0.109091 0.0973585
0.109091 0.0973585
0.109091 0.0973585
0.129293 0.0838958
0.129293 0.0838958
0.129293 0.0838958
0.149495 0.0713295
0.149495 0.0713295
0.149495 0.0713295
0.169697 0.0596359
0.169697 0.0596359
0.169697 0.0596359
0.189899 0.0487911
0.189899 0.0487911
0.189899 0.0487911
0.210101 0.0387712
0.210101 0.0387712
0.210101 0.0387712
0.230303 0.0295523
0.230303 0.0295523
0.230303 0.0295523
0.250505 0.0211105
0.250505 0.0211105
0.250505 0.0211105
0.270707 0.0134219
0.270707 0.0134219
0.270707 0.0134219
0.290909 0.00646258
0.290909 0.00646258
0.290909 0.00646258
0.311111 0.000208554
0.311111 0.000208554
0.311111 0.000208554
0.331313 -0.00536416
0.331313 -0.00536416
0.331313 -0.00536416
0.351515 -0.0102796
0.351515 -0.0102796
0.351515 -0.0102796
0.371717 -0.0145617
0.371717 -0.0145617
0.371717 -0.0145617
0.391919 -0.0182345
0.391919 -0.0182345
0.391919 -0.0182345
0.412121 -0.0213221
0.412121 -0.0213221
0.412121 -0.0213221
0.432323 -0.0238487
0.432323 -0.0238487
0.432323 -0.0238487
0.452525 -0.0258382
0.452525 -0.0258382
0.452525 -0.0258382
0.472727 -0.0273147
0.472727 -0.0273147
0.472727 -0.0273147
0.492929 -0.0283025
0.492929 -0.0283025
0.492929 -0.0283025
0.513131 -0.0288257
0.513131 -0.0288257
0.513131 -0.0288257
0.533333 -0.0289084
0.533333 -0.0289084
0.533333 -0.0289084
0.553535 -0.0285749
0.553535 -0.0285749
0.553535 -0.0285749
0.573737 -0.0278493
0.573737 -0.0278493
0.573737 -0.0278493
0.593939 -0.0267559
0.593939 -0.0267559
0.593939 -0.0267559
0.614141 -0.0253189
0.614141 -0.0253189
0.614141 -0.0253189
0.634343 -0.0235627
0.634343 -0.0235627
0.634343 -0.0235627
0.654545 -0.0215114
0.654545 -0.0215114
0.654545 -0.0215114
0.674747 -0.0191894
0.674747 -0.0191894
0.674747 -0.0191894
0.694949 -0.016621
0.694949 -0.016621
0.694949 -0.016621
0.715152 -0.0138307
0.715152 -0.0138307
0.715152 -0.0138307
0.735354 -0.0108426
0.735354 -0.0108426
0.735354 -0.0108426
0.755556 -0.00768127
0.755556 -0.00768127
0.755556 -0.00768127
0.775758 -0.00437106
0.775758 -0.00437106
0.775758 -0.00437106
0.79596 -0.000936394
0.79596 -0.000936394
0.79596 -0.000936394
0.816162 0.00259828
0.816162 0.00259828
0.816162 0.00259828
0.836364 0.00620851
0.836364 0.00620851
0.836364 0.00620851
0.856566 0.0098698
0.856566 0.0098698
0.856566 0.0098698
0.876768 0.0135577
0.876768 0.0135577
0.876768 0.0135577
0.89697 0.0172476
0.89697 0.0172476
0.89697 0.0172476
0.917172 0.020915
0.917172 0.020915
0.917172 0.020915
0.937374 0.0245354
0.937374 0.0245354
0.937374 0.0245354
0.957576 0.0280841
0.957576 0.0280841
0.957576 0.0280841
0.977778 0.0315367
0.977778 0.0315367
0.977778 0.0315367
0.99798 0.0348684
0.99798 0.0348684
0.99798 0.0348684
1.01818 0.0380546
1.01818 0.0380546
1.01818 0.0380546
1.03838 0.0410707
1.03838 0.0410707
1.03838 0.0410707
1.05859 0.043892
1.05859 0.043892
1.05859 0.043892
1.07879 0.0464938
1.07879 0.0464938
1.07879 0.0464938
1.09899 0.0488514
1.09899 0.0488514
1.09899 0.0488514
1.11919 0.0509401
1.11919 0.0509401
1.11919 0.0509401
1.13939 0.0527351
1.13939 0.0527351
1.13939 0.0527351
1.1596 0.0542117
1.1596 0.0542117
1.1596 0.0542117
1.1798 0.055345
1.1798 0.055345
1.1798 0.055345
1.2 0.0561102
1.2 0.0561102
1.2 0.0561102
