-1 -1.14145
-0.997998 -1.14231
-0.995996 -1.14315
-0.993994 -1.14399
-0.991992 -1.14483
-0.98999 -1.14565
-0.987988 -1.14646
-0.985986 -1.14727
-0.983984 -1.14807
-0.981982 -1.14886
-0.97998 -1.14965
-0.977978 -1.15042
-0.975976 -1.15119
-0.973974 -1.15195
-0.971972 -1.1527
-0.96997 -1.15344
-0.967968 -1.15418
-0.965966 -1.15491
-0.963964 -1.15562
-0.961962 -1.15634
-0.95996 -1.15704
-0.957958 -1.15773
-0.955956 -1.15842
-0.953954 -1.1591
-0.951952 -1.15977
-0.94995 -1.16043
-0.947948 -1.16109
-0.945946 -1.16174
-0.943944 -1.16238
-0.941942 -1.16301
-0.93994 -1.16363
-0.937938 -1.16425
-0.935936 -1.16485
-0.933934 -1.16545
-0.931932 -1.16604
-0.92993 -1.16663
-0.927928 -1.1672
-0.925926 -1.16777
-0.923924 -1.16833
-0.921922 -1.16888
-0.91992 -1.16942
-0.917918 -1.16996
-0.915916 -1.17048
-0.913914 -1.171
-0.911912 -1.17151
-0.90991 -1.17201
-0.907908 -1.17251
-0.905906 -1.173
-0.903904 -1.17348
-0.901902 -1.17395
-0.8999 -1.17441
-0.897898 -1.17486
-0.895896 -1.17531
-0.893894 -1.17575
-0.891892 -1.17618
-0.88989 -1.1766
-0.887888 -1.17702
-0.885886 -1.17742
-0.883884 -1.17782
-0.881882 -1.17821
-0.87988 -1.1786
-0.877878 -1.17897
-0.875876 -1.17934
-0.873874 -1.1797
-0.871872 -1.18005
-0.86987 -1.18039
-0.867868 -1.18072
-0.865866 -1.18105
-0.863864 -1.18137
-0.861862 -1.18168
-0.85986 -1.18198
-0.857858 -1.18227
-0.855856 -1.18256
-0.853854 -1.18284
-0.851852 -1.18311
-0.84985 -1.18337
-0.847848 -1.18363
-0.845846 -1.18387
-0.843844 -1.18411
-0.841842 -1.18434
-0.83984 -1.18456
-0.837838 -1.18478
-0.835836 -1.18498
-0.833834 -1.18518
-0.831832 -1.18537
-0.82983 -1.18556
-0.827828 -1.18573
-0.825826 -1.1859
-0.823824 -1.18605
-0.821822 -1.1862
-0.81982 -1.18635
-0.817818 -1.18648
-0.815816 -1.18661
-0.813814 -1.18672
-0.811812 -1.18683
-0.80981 -1.18694
-0.807808 -1.18703
-0.805806 -1.18712
-0.803804 -1.18719
-0.801802 -1.18726
-0.7998 -1.18733
-0.797798 -1.18738
-0.795796 -1.18743
-0.793794 -1.18746
-0.791792 -1.18749
-0.78979 -1.18752
-0.787788 -1.18753
-0.785786 -1.18754
-0.783784 -1.18753
-0.781782 -1.18752
-0.77978 -1.1875
-0.777778 -1.18748
-0.775776 -1.18744
-0.773774 -1.1874
-0.771772 -1.18735
-0.76977 -1.18729
-0.767768 -1.18723
-0.765766 -1.18715
-0.763764 -1.18707
-0.761762 -1.18698
-0.75976 -1.18688
-0.757758 -1.18678
-0.755756 -1.18666
-0.753754 -1.18654
-0.751752 -1.18641
-0.74975 -1.18627
-0.747748 -1.18612
-0.745746 -1.18597
-0.743744 -1.18581
-0.741742 -1.18564
-0.73974 -1.18546
-0.737738 -1.18527
-0.735736 -1.18508
-0.733734 -1.18487
-0.731732 -1.18466
-0.72973 -1.18444
-0.727728 -1.18422
-0.725726 -1.18398
-0.723724 -1.18374
-0.721722 -1.18349
-0.71972 -1.18323
-0.717718 -1.18296
-0.715716 -1.18269
-0.713714 -1.18241
-0.711712 -1.18212
-0.70971 -1.18182
-0.707708 -1.18151
-0.705706 -1.1812
-0.703704 -1.18087
-0.701702 -1.18054
-0.6997 -1.1802
-0.697698 -1.17986
-0.695696 -1.1795
-0.693694 -1.17914
-0.691692 -1.17877
-0.68969 -1.17839
-0.687688 -1.178
-0.685686 -1.17761
-0.683684 -1.1772
-0.681682 -1.17679
-0.67968 -1.17637
-0.677678 -1.17595
-0.675676 -1.17551
-0.673674 -1.17507
-0.671672 -1.17462
-0.66967 -1.17416
-0.667668 -1.17369
-0.665666 -1.17322
-0.663664 -1.17273
-0.661662 -1.17224
-0.65966 -1.17174
-0.657658 -1.17124
-0.655656 -1.17072
-0.653654 -1.1702
-0.651652 -1.16967
-0.64965 -1.16913
-0.647648 -1.16858
-0.645646 -1.16802
-0.643644 -1.16746
-0.641642 -1.16689
-0.63964 -1.16631
-0.637638 -1.16572
-0.635636 -1.16513
-0.633634 -1.16452
-0.631632 -1.16391
-0.62963 -1.16329
-0.627628 -1.16267
-0.625626 -1.16203
-0.623624 -1.16139
-0.621622 -1.16074
-0.61962 -1.16008
-0.617618 -1.15941
-0.615616 -1.15873
-0.613614 -1.15805
-0.611612 -1.15736
-0.60961 -1.15666
-0.607608 -1.15595
-0.605606 -1.15524
-0.603604 -1.15451
-0.601602 -1.15378
-0.5996 -1.15304
-0.597598 -1.15229
-0.595596 -1.15154
-0.593594 -1.15077
-0.591592 -1.15
-0.58959 -1.14922
-0.587588 -1.14843
-0.585586 -1.14764
-0.583584 -1.14683
-0.581582 -1.14602
-0.57958 -1.1452
-0.577578 -1.14438
-0.575576 -1.14354
-0.573574 -1.1427
-0.571572 -1.14184
-0.56957 -1.14098
-0.567568 -1.14012
-0.565566 -1.13924
-0.563564 -1.13836
-0.561562 -1.13746
-0.55956 -1.13656
-0.557558 -1.13566
-0.555556 -1.13474
-0.553554 -1.13382
-0.551552 -1.13288
-0.54955 -1.13194
-0.547548 -1.131
-0.545546 -1.13004
-0.543544 -1.12908
-0.541542 -1.1281
-0.53954 -1.12712
-0.537538 -1.12614
-0.535536 -1.12514
-0.533534 -1.12414
-0.531532 -1.12312
-0.52953 -1.1221
-0.527528 -1.12107
-0.525526 -1.12004
-0.523524 -1.11899
-0.521522 -1.11794
-0.51952 -1.11688
-0.517518 -1.11581
-0.515516 -1.11474
-0.513514 -1.11365
-0.511512 -1.11256
-0.50951 -1.11146
-0.507508 -1.11035
-0.505506 -1.10924
-0.503503 -1.10811
-0.501501 -1.10698
-0.499499 -1.10584
-0.497497 -1.10469
-0.495495 -1.10353
-0.493493 -1.10237
-0.491491 -1.1012
-0.489489 -1.10002
-0.487487 -1.09883
-0.485485 -1.09763
-0.483483 -1.09643
-0.481481 -1.09521
-0.479479 -1.09399
-0.477477 -1.09276
-0.475475 -1.09153
-0.473473 -1.09028
-0.471471 -1.08903
-0.469469 -1.08777
-0.467467 -1.0865
-0.465465 -1.08522
-0.463463 -1.08394
-0.461461 -1.08265
-0.459459 -1.08135
-0.457457 -1.08004
-0.455455 -1.07872
-0.453453 -1.0774
-0.451451 -1.07606
-0.449449 -1.07472
-0.447447 -1.07337
-0.445445 -1.07202
-0.443443 -1.07065
-0.441441 -1.06928
-0.439439 -1.0679
-0.437437 -1.06651
-0.435435 -1.06511
-0.433433 -1.06371
-0.431431 -1.06229
-0.429429 -1.06087
-0.427427 -1.05944
-0.425425 -1.05801
-0.423423 -1.05656
-0.421421 -1.05511
-0.419419 -1.05365
-0.417417 -1.05218
-0.415415 -1.0507
-0.413413 -1.04922
-0.411411 -1.04772
-0.409409 -1.04622
-0.407407 -1.04471
-0.405405 -1.04319
-0.403403 -1.04167
-0.401401 -1.04014
-0.399399 -1.0386
-0.397397 -1.03705
-0.395395 -1.03549
-0.393393 -1.03392
-0.391391 -1.03235
-0.389389 -1.03077
-0.387387 -1.02918
-0.385385 -1.02758
-0.383383 -1.02598
-0.381381 -1.02436
-0.379379 -1.02274
-0.377377 -1.02111
-0.375375 -1.01947
-0.373373 -1.01783
-0.371371 -1.01618
-0.369369 -1.01451
-0.367367 -1.01284
-0.365365 -1.01117
-0.363363 -1.00948
-0.361361 -1.00779
-0.359359 -1.00609
-0.357357 -1.00438
-0.355355 -1.00266
-0.353353 -1.00093
-0.351351 -0.9992
-0.349349 -0.997459
-0.347347 -0.995709
-0.345345 -0.993951
-0.343343 -0.992186
-0.341341 -0.990412
-0.339339 -0.98863
-0.337337 -0.98684
-0.335335 -0.985043
-0.333333 -0.983237
-0.331331 -0.981423
-0.329329 -0.979601
-0.327327 -0.977771
-0.325325 -0.975934
-0.323323 -0.974088
-0.321321 -0.972234
-0.319319 -0.970372
-0.317317 -0.968502
-0.315315 -0.966624
-0.313313 -0.964738
-0.311311 -0.962844
-0.309309 -0.960942
-0.307307 -0.959032
-0.305305 -0.957114
-0.303303 -0.955188
-0.301301 -0.953254
-0.299299 -0.951312
-0.297297 -0.949362
-0.295295 -0.947404
-0.293293 -0.945438
-0.291291 -0.943464
-0.289289 -0.941482
-0.287287 -0.939492
-0.285285 -0.937493
-0.283283 -0.935487
-0.281281 -0.933473
-0.279279 -0.931451
-0.277277 -0.929421
-0.275275 -0.927382
-0.273273 -0.925336
-0.271271 -0.923282
-0.269269 -0.921219
-0.267267 -0.919149
-0.265265 -0.917071
-0.263263 -0.914985
-0.261261 -0.91289
-0.259259 -0.910788
-0.257257 -0.908677
-0.255255 -0.906559
-0.253253 -0.904433
-0.251251 -0.902298
-0.249249 -0.900156
-0.247247 -0.898005
-0.245245 -0.895847
-0.243243 -0.89368
-0.241241 -0.891506
-0.239239 -0.889323
-0.237237 -0.887133
-0.235235 -0.884934
-0.233233 -0.882728
-0.231231 -0.880513
-0.229229 -0.87829
-0.227227 -0.87606
-0.225225 -0.873821
-0.223223 -0.871574
-0.221221 -0.86932
-0.219219 -0.867057
-0.217217 -0.864786
-0.215215 -0.862508
-0.213213 -0.860221
-0.211211 -0.857926
-0.209209 -0.855623
-0.207207 -0.853313
-0.205205 -0.850994
-0.203203 -0.848667
-0.201201 -0.846332
-0.199199 -0.843989
-0.197197 -0.841638
-0.195195 -0.839279
-0.193193 -0.836913
-0.191191 -0.834538
-0.189189 -0.832155
-0.187187 -0.829764
-0.185185 -0.827365
-0.183183 -0.824958
-0.181181 -0.822543
-0.179179 -0.82012
-0.177177 -0.817689
-0.175175 -0.81525
-0.173173 -0.812803
-0.171171 -0.810348
-0.169169 -0.807885
-0.167167 -0.805413
-0.165165 -0.802934
-0.163163 -0.800447
-0.161161 -0.797952
-0.159159 -0.795449
-0.157157 -0.792938
-0.155155 -0.790418
-0.153153 -0.787891
-0.151151 -0.785356
-0.149149 -0.782813
-0.147147 -0.780261
-0.145145 -0.777702
-0.143143 -0.775135
-0.141141 -0.77256
-0.139139 -0.769976
-0.137137 -0.767385
-0.135135 -0.764785
-0.133133 -0.762178
-0.131131 -0.759563
-0.129129 -0.756939
-0.127127 -0.754308
-0.125125 -0.751668
-0.123123 -0.749021
-0.121121 -0.746365
-0.119119 -0.743702
-0.117117 -0.74103
-0.115115 -0.738351
-0.113113 -0.735663
-0.111111 -0.732968
-0.109109 -0.730264
-0.107107 -0.727553
-0.105105 -0.724833
-0.103103 -0.722105
-0.101101 -0.71937
-0.0990991 -0.716626
-0.0970971 -0.713875
-0.0950951 -0.711115
-0.0930931 -0.708347
-0.0910911 -0.705571
-0.0890891 -0.702788
-0.0870871 -0.699996
-0.0850851 -0.697196
-0.0830831 -0.694388
-0.0810811 -0.691573
-0.0790791 -0.688749
-0.0770771 -0.685917
-0.0750751 -0.683077
-0.0730731 -0.680229
-0.0710711 -0.677373
-0.0690691 -0.674509
-0.0670671 -0.671638
-0.0650651 -0.668758
-0.0630631 -0.66587
-0.0610611 -0.662974
-0.0590591 -0.66007
-0.0570571 -0.657158
-0.0550551 -0.654238
-0.0530531 -0.65131
-0.0510511 -0.648374
-0.049049 -0.64543
-0.047047 -0.642478
-0.045045 -0.639517
-0.043043 -0.636549
-0.041041 -0.633573
-0.039039 -0.630589
-0.037037 -0.627597
-0.035035 -0.624597
-0.033033 -0.621589
-0.031031 -0.618572
-0.029029 -0.615548
-0.027027 -0.612516
-0.025025 -0.609476
-0.023023 -0.606427
-0.021021 -0.603371
-0.019019 -0.600307
-0.017017 -0.597235
-0.015015 -0.594154
-0.013013 -0.591066
-0.011011 -0.58797
-0.00900901 -0.584865
-0.00700701 -0.581753
-0.005005 -0.578632
-0.003003 -0.575504
-0.001001 -0.572368
0.001001 -0.569223
0.003003 -0.566071
0.005005 -0.56291
0.00700701 -0.559742
0.00900901 -0.556565
0.011011 -0.553381
0.013013 -0.550188
0.015015 -0.546987
0.017017 -0.543779
0.019019 -0.540562
0.021021 -0.537338
0.023023 -0.534105
0.025025 -0.530864
0.027027 -0.527616
0.029029 -0.524359
0.031031 -0.521094
0.033033 -0.517822
0.035035 -0.514541
0.037037 -0.511252
0.039039 -0.507955
0.041041 -0.504651
0.043043 -0.501338
0.045045 -0.498017
0.047047 -0.494688
0.049049 -0.491351
0.0510511 -0.488007
0.0530531 -0.484654
0.0550551 -0.481293
0.0570571 -0.477924
0.0590591 -0.474547
0.0610611 -0.471162
0.0630631 -0.467769
0.0650651 -0.464368
0.0670671 -0.460959
0.0690691 -0.457542
0.0710711 -0.454117
0.0730731 -0.450684
0.0750751 -0.447243
0.0770771 -0.443794
0.0790791 -0.440337
0.0810811 -0.436872
0.0830831 -0.433399
0.0850851 -0.429918
0.0870871 -0.426428
0.0890891 -0.422931
0.0910911 -0.419426
0.0930931 -0.415913
0.0950951 -0.412392
0.0970971 -0.408862
0.0990991 -0.405325
0.101101 -0.40178
0.103103 -0.398227
0.105105 -0.394665
0.107107 -0.391096
0.109109 -0.387519
0.111111 -0.383933
0.113113 -0.38034
0.115115 -0.376739
0.117117 -0.373129
0.119119 -0.369512
0.121121 -0.365887
0.123123 -0.362253
0.125125 -0.358612
0.127127 -0.354962
0.129129 -0.351305
0.131131 -0.347639
0.133133 -0.343966
0.135135 -0.340284
0.137137 -0.336595
0.139139 -0.332897
0.141141 -0.329191
0.143143 -0.325478
0.145145 -0.321756
0.147147 -0.318027
0.149149 -0.314289
0.151151 -0.310543
0.153153 -0.30679
0.155155 -0.303028
0.157157 -0.299258
0.159159 -0.295481
0.161161 -0.291695
0.163163 -0.287901
0.165165 -0.284099
0.167167 -0.28029
0.169169 -0.276472
0.171171 -0.272646
0.173173 -0.268812
0.175175 -0.26497
0.177177 -0.26112
0.179179 -0.257262
0.181181 -0.253397
0.183183 -0.249523
0.185185 -0.245641
0.187187 -0.241751
0.189189 -0.237853
0.191191 -0.233947
0.193193 -0.230033
0.195195 -0.226111
0.197197 -0.222181
0.199199 -0.218243
0.201201 -0.214297
0.203203 -0.210343
0.205205 -0.206381
0.207207 -0.20241
0.209209 -0.198432
0.211211 -0.194446
0.213213 -0.190452
0.215215 -0.18645
0.217217 -0.18244
0.219219 -0.178422
0.221221 -0.174395
0.223223 -0.170361
0.225225 -0.166319
0.227227 -0.162269
0.229229 -0.15821
0.231231 -0.154144
0.233233 -0.15007
0.235235 -0.145987
0.237237 -0.141897
0.239239 -0.137799
0.241241 -0.133692
0.243243 -0.129578
0.245245 -0.125455
0.247247 -0.121325
0.249249 -0.117187
0.251251 -0.11304
0.253253 -0.108886
0.255255 -0.104723
0.257257 -0.100553
0.259259 -0.0963741
0.261261 -0.0921876
0.263263 -0.087993
0.265265 -0.0837905
0.267267 -0.0795799
0.269269 -0.0753613
0.271271 -0.0711347
0.273273 -0.0669
0.275275 -0.0626574
0.277277 -0.0584067
0.279279 -0.054148
0.281281 -0.0498813
0.283283 -0.0456066
0.285285 -0.0413239
0.287287 -0.0370332
0.289289 -0.0327344
0.291291 -0.0284276
0.293293 -0.0241128
0.295295 -0.01979
0.297297 -0.0154592
0.299299 -0.0111203
0.301301 -0.00677349
0.303303 -0.00241861
0.305305 0.00194428
0.307307 0.00631518
0.309309 0.0106941
0.311311 0.015081
0.313313 0.019476
0.315315 0.023879
0.317317 0.02829
0.319319 0.032709
0.321321 0.037136
0.323323 0.041571
0.325325 0.0460141
0.327327 0.0504651
0.329329 0.0549242
0.331331 0.0593913
0.333333 0.0638664
0.335335 0.0683495
0.337337 0.0728407
0.339339 0.0773399
0.341341 0.081847
0.343343 0.0863622
0.345345 0.0908854
0.347347 0.0954167
0.349349 0.0999559
0.351351 0.104503
0.353353 0.109058
0.355355 0.113622
0.357357 0.118193
0.359359 0.122772
0.361361 0.12736
0.363363 0.131955
0.365365 0.136558
0.367367 0.14117
0.369369 0.145789
0.371371 0.150417
0.373373 0.155052
0.375375 0.159696
0.377377 0.164347
0.379379 0.169006
0.381381 0.173674
0.383383 0.178349
0.385385 0.183033
0.387387 0.187725
0.389389 0.192424
0.391391 0.197132
0.393393 0.201847
0.395395 0.206571
0.397397 0.211303
0.399399 0.216042
0.401401 0.22079
0.403403 0.225546
0.405405 0.230309
0.407407 0.235081
0.409409 0.239861
0.411411 0.244648
0.413413 0.249444
0.415415 0.254248
0.417417 0.25906
0.419419 0.263879
0.421421 0.268707
0.423423 0.273543
0.425425 0.278387
0.427427 0.283239
0.429429 0.288099
0.431431 0.292967
0.433433 0.297843
0.435435 0.302726
0.437437 0.307618
0.439439 0.312518
0.441441 0.317426
0.443443 0.322342
0.445445 0.327266
0.447447 0.332198
0.449449 0.337138
0.451451 0.342087
0.453453 0.347043
0.455455 0.352007
0.457457 0.356979
0.459459 0.361959
0.461461 0.366947
0.463463 0.371943
0.465465 0.376947
0.467467 0.38196
0.469469 0.38698
0.471471 0.392008
0.473473 0.397044
0.475475 0.402088
0.477477 0.407141
0.479479 0.412201
0.481481 0.417269
0.483483 0.422346
0.485485 0.42743
0.487487 0.432522
0.489489 0.437623
0.491491 0.442731
0.493493 0.447847
0.495495 0.452972
0.497497 0.458104
0.499499 0.463245
0.501501 0.468393
0.503503 0.47355
0.505506 0.478714
0.507508 0.483887
0.50951 0.489067
0.511512 0.494256
0.513514 0.499452
0.515516 0.504657
0.517518 0.509869
0.51952 0.51509
0.521522 0.520319
0.523524 0.525555
0.525526 0.5308
0.527528 0.536053
0.52953 0.541313
0.531532 0.546582
0.533534 0.551859
0.535536 0.557143
0.537538 0.562436
0.53954 0.567737
0.541542 0.573046
0.543544 0.578363
0.545546 0.583687
0.547548 0.58902
0.54955 0.594361
0.551552 0.59971
0.553554 0.605067
0.555556 0.610432
0.557558 0.615805
0.55956 0.621186
0.561562 0.626574
0.563564 0.631971
0.565566 0.637376
0.567568 0.642789
0.56957 0.64821
0.571572 0.653639
0.573574 0.659076
0.575576 0.664522
0.577578 0.669975
0.57958 0.675436
0.581582 0.680905
0.583584 0.686382
0.585586 0.691867
0.587588 0.69736
0.58959 0.702861
0.591592 0.708371
0.593594 0.713888
0.595596 0.719413
0.597598 0.724946
0.5996 0.730487
0.601602 0.736037
0.603604 0.741594
0.605606 0.747159
0.607608 0.752733
0.60961 0.758314
0.611612 0.763903
0.613614 0.769501
0.615616 0.775106
0.617618 0.780719
0.61962 0.786341
0.621622 0.79197
0.623624 0.797608
0.625626 0.803253
0.627628 0.808907
0.62963 0.814568
0.631632 0.820238
0.633634 0.825915
0.635636 0.831601
0.637638 0.837294
0.63964 0.842996
0.641642 0.848705
0.643644 0.854423
0.645646 0.860148
0.647648 0.865882
0.64965 0.871624
0.651652 0.877373
0.653654 0.883131
0.655656 0.888897
0.657658 0.89467
0.65966 0.900452
0.661662 0.906242
0.663664 0.91204
0.665666 0.917845
0.667668 0.923659
0.66967 0.929481
0.671672 0.935311
0.673674 0.941149
0.675676 0.946995
0.677678 0.952848
0.67968 0.95871
0.681682 0.96458
0.683684 0.970458
0.685686 0.976344
0.687688 0.982238
0.68969 0.98814
0.691692 0.99405
0.693694 0.999968
0.695696 1.00589
0.697698 1.01183
0.6997 1.01777
0.701702 1.02372
0.703704 1.02968
0.705706 1.03564
0.707708 1.04162
0.70971 1.0476
0.711712 1.05359
0.713714 1.05959
0.715716 1.0656
0.717718 1.07161
0.71972 1.07763
0.721722 1.08366
0.723724 1.0897
0.725726 1.09575
0.727728 1.1018
0.72973 1.10786
0.731732 1.11393
0.733734 1.12001
0.735736 1.1261
0.737738 1.13219
0.73974 1.13829
0.741742 1.1444
0.743744 1.15052
0.745746 1.15665
0.747748 1.16278
0.74975 1.16893
0.751752 1.17508
0.753754 1.18124
0.755756 1.1874
0.757758 1.19358
0.75976 1.19976
0.761762 1.20595
0.763764 1.21215
0.765766 1.21835
0.767768 1.22457
0.76977 1.23079
0.771772 1.23702
0.773774 1.24326
0.775776 1.24951
0.777778 1.25576
0.77978 1.26203
0.781782 1.2683
0.783784 1.27457
0.785786 1.28086
0.787788 1.28716
0.78979 1.29346
0.791792 1.29977
0.793794 1.30609
0.795796 1.31242
0.797798 1.31875
0.7998 1.32509
0.801802 1.33144
0.803804 1.3378
0.805806 1.34417
0.807808 1.35054
0.80981 1.35693
0.811812 1.36332
0.813814 1.36972
0.815816 1.37612
0.817818 1.38254
0.81982 1.38896
0.821822 1.39539
0.823824 1.40183
0.825826 1.40828
0.827828 1.41473
0.82983 1.4212
0.831832 1.42767
0.833834 1.43415
0.835836 1.44063
0.837838 1.44713
0.83984 1.45363
0.841842 1.46014
0.843844 1.46666
0.845846 1.47319
0.847848 1.47973
0.84985 1.48627
0.851852 1.49282
0.853854 1.49938
0.855856 1.50595
0.857858 1.51252
0.85986 1.51911
0.861862 1.5257
0.863864 1.5323
0.865866 1.5389
0.867868 1.54552
0.86987 1.55214
0.871872 1.55877
0.873874 1.56541
0.875876 1.57206
0.877878 1.57872
0.87988 1.58538
0.881882 1.59205
0.883884 1.59873
0.885886 1.60542
0.887888 1.61211
0.88989 1.61882
0.891892 1.62553
0.893894 1.63225
0.895896 1.63898
0.897898 1.64571
0.8999 1.65246
0.901902 1.65921
0.903904 1.66597
0.905906 1.67273
0.907908 1.67951
0.90991 1.68629
0.911912 1.69309
0.913914 1.69989
0.915916 1.70669
0.917918 1.71351
0.91992 1.72033
0.921922 1.72716
0.923924 1.734
0.925926 1.74085
0.927928 1.74771
0.92993 1.75457
0.931932 1.76144
0.933934 1.76832
0.935936 1.77521
0.937938 1.78211
0.93994 1.78901
0.941942 1.79592
0.943944 1.80284
0.945946 1.80977
0.947948 1.81671
0.94995 1.82365
0.951952 1.8306
0.953954 1.83756
0.955956 1.84453
0.957958 1.85151
0.95996 1.85849
0.961962 1.86548
0.963964 1.87248
0.965966 1.87949
0.967968 1.88651
0.96997 1.89353
0.971972 1.90057
0.973974 1.90761
0.975976 1.91465
0.977978 1.92171
0.97998 1.92877
0.981982 1.93585
0.983984 1.94293
0.985986 1.95002
0.987988 1.95711
0.98999 1.96422
0.991992 1.97133
0.993994 1.97845
0.995996 1.98558
0.997998 1.99271
1 1.99986
