-1 -1.14145
-0.997998 -1.13412
-0.995996 -1.12694
-0.993994 -1.11991
-0.991992 -1.11303
-0.98999 -1.10629
-0.987988 -1.0997
-0.985986 -1.09325
-0.983984 -1.08693
-0.981982 -1.08075
-0.97998 -1.07471
-0.977978 -1.0688
-0.975976 -1.06301
-0.973974 -1.05735
-0.971972 -1.05182
-0.96997 -1.0464
-0.967968 -1.04111
-0.965966 -1.03594
-0.963964 -1.03088
-0.961962 -1.02593
-0.95996 -1.0211
-0.957958 -1.01637
-0.955956 -1.01176
-0.953954 -1.00724
-0.951952 -1.00284
-0.94995 -0.998532
-0.947948 -0.994326
-0.945946 -0.990219
-0.943944 -0.986207
-0.941942 -0.982291
-0.93994 -0.978467
-0.937938 -0.974734
-0.935936 -0.971091
-0.933934 -0.967535
-0.931932 -0.964065
-0.92993 -0.96068
-0.927928 -0.957377
-0.925926 -0.954155
-0.923924 -0.951013
-0.921922 -0.94795
-0.91992 -0.944962
-0.917918 -0.94205
-0.915916 -0.939212
-0.913914 -0.936445
-0.911912 -0.93375
-0.90991 -0.931124
-0.907908 -0.928565
-0.905906 -0.926074
-0.903904 -0.923647
-0.901902 -0.921285
-0.8999 -0.918985
-0.897898 -0.916747
-0.895896 -0.914569
-0.893894 -0.912449
-0.891892 -0.910388
-0.88989 -0.908383
-0.887888 -0.906433
-0.885886 -0.904538
-0.883884 -0.902695
-0.881882 -0.900905
-0.87988 -0.899165
-0.877878 -0.897475
-0.875876 -0.895834
-0.873874 -0.89424
-0.871872 -0.892693
-0.86987 -0.891191
-0.867868 -0.889735
-0.865866 -0.888321
-0.863864 -0.88695
-0.861862 -0.885621
-0.85986 -0.884333
-0.857858 -0.883085
-0.855856 -0.881875
-0.853854 -0.880704
-0.851852 -0.879569
-0.84985 -0.878471
-0.847848 -0.877409
-0.845846 -0.876381
-0.843844 -0.875387
-0.841842 -0.874426
-0.83984 -0.873497
-0.837838 -0.872599
-0.835836 -0.871733
-0.833834 -0.870896
-0.831832 -0.870089
-0.82983 -0.86931
-0.827828 -0.868558
-0.825826 -0.867834
-0.823824 -0.867137
-0.821822 -0.866465
-0.81982 -0.865818
-0.817818 -0.865196
-0.815816 -0.864597
-0.813814 -0.864022
-0.811812 -0.863469
-0.80981 -0.862938
-0.807808 -0.862428
-0.805806 -0.86194
-0.803804 -0.861471
-0.801802 -0.861022
-0.7998 -0.860593
-0.797798 -0.860181
-0.795796 -0.859788
-0.793794 -0.859413
-0.791792 -0.859054
-0.78979 -0.858712
-0.787788 -0.858386
-0.785786 -0.858076
-0.783784 -0.857781
-0.781782 -0.8575
-0.77978 -0.857233
-0.777778 -0.856981
-0.775776 -0.856741
-0.773774 -0.856514
-0.771772 -0.8563
-0.76977 -0.856098
-0.767768 -0.855907
-0.765766 -0.855728
-0.763764 -0.855559
-0.761762 -0.855401
-0.75976 -0.855253
-0.757758 -0.855115
-0.755756 -0.854986
-0.753754 -0.854866
-0.751752 -0.854754
-0.74975 -0.854651
-0.747748 -0.854557
-0.745746 -0.854469
-0.743744 -0.854389
-0.741742 -0.854316
-0.73974 -0.85425
-0.737738 -0.85419
-0.735736 -0.854137
-0.733734 -0.854089
-0.731732 -0.854047
-0.72973 -0.85401
-0.727728 -0.853979
-0.725726 -0.853952
-0.723724 -0.853929
-0.721722 -0.853911
-0.71972 -0.853897
-0.717718 -0.853887
-0.715716 -0.85388
-0.713714 -0.853876
-0.711712 -0.853876
-0.70971 -0.853879
-0.707708 -0.853884
-0.705706 -0.853891
-0.703704 -0.853901
-0.701702 -0.853913
-0.6997 -0.853927
-0.697698 -0.853943
-0.695696 -0.853959
-0.693694 -0.853978
-0.691692 -0.853997
-0.68969 -0.854017
-0.687688 -0.854038
-0.685686 -0.85406
-0.683684 -0.854082
-0.681682 -0.854104
-0.67968 -0.854127
-0.677678 -0.854149
-0.675676 -0.854171
-0.673674 -0.854193
-0.671672 -0.854215
-0.66967 -0.854235
-0.667668 -0.854255
-0.665666 -0.854275
-0.663664 -0.854293
-0.661662 -0.85431
-0.65966 -0.854325
-0.657658 -0.85434
-0.655656 -0.854353
-0.653654 -0.854364
-0.651652 -0.854373
-0.64965 -0.854381
-0.647648 -0.854387
-0.645646 -0.854391
-0.643644 -0.854392
-0.641642 -0.854391
-0.63964 -0.854388
-0.637638 -0.854383
-0.635636 -0.854375
-0.633634 -0.854364
-0.631632 -0.854351
-0.62963 -0.854335
-0.627628 -0.854316
-0.625626 -0.854294
-0.623624 -0.854269
-0.621622 -0.854242
-0.61962 -0.85421
-0.617618 -0.854176
-0.615616 -0.854138
-0.613614 -0.854097
-0.611612 -0.854053
-0.60961 -0.854005
-0.607608 -0.853953
-0.605606 -0.853898
-0.603604 -0.853839
-0.601602 -0.853776
-0.5996 -0.85371
-0.597598 -0.853639
-0.595596 -0.853565
-0.593594 -0.853487
-0.591592 -0.853405
-0.58959 -0.853318
-0.587588 -0.853228
-0.585586 -0.853133
-0.583584 -0.853034
-0.581582 -0.852931
-0.57958 -0.852824
-0.577578 -0.852712
-0.575576 -0.852596
-0.573574 -0.852475
-0.571572 -0.85235
-0.56957 -0.852221
-0.567568 -0.852087
-0.565566 -0.851948
-0.563564 -0.851805
-0.561562 -0.851657
-0.55956 -0.851505
-0.557558 -0.851347
-0.555556 -0.851185
-0.553554 -0.851019
-0.551552 -0.850847
-0.54955 -0.850671
-0.547548 -0.85049
-0.545546 -0.850303
-0.543544 -0.850113
-0.541542 -0.849917
-0.53954 -0.849716
-0.537538 -0.84951
-0.535536 -0.849299
-0.533534 -0.849083
-0.531532 -0.848862
-0.52953 -0.848636
-0.527528 -0.848405
-0.525526 -0.848169
-0.523524 -0.847928
-0.521522 -0.847681
-0.51952 -0.84743
-0.517518 -0.847173
-0.515516 -0.846911
-0.513514 -0.846644
-0.511512 -0.846371
-0.50951 -0.846093
-0.507508 -0.84581
-0.505506 -0.845522
-0.503503 -0.845228
-0.501501 -0.844929
-0.499499 -0.844625
-0.497497 -0.844315
-0.495495 -0.844
-0.493493 -0.84368
-0.491491 -0.843354
-0.489489 -0.843022
-0.487487 -0.842686
-0.485485 -0.842344
-0.483483 -0.841996
-0.481481 -0.841643
-0.479479 -0.841284
-0.477477 -0.84092
-0.475475 -0.840551
-0.473473 -0.840175
-0.471471 -0.839795
-0.469469 -0.839409
-0.467467 -0.839017
-0.465465 -0.83862
-0.463463 -0.838217
-0.461461 -0.837808
-0.459459 -0.837394
-0.457457 -0.836974
-0.455455 -0.836549
-0.453453 -0.836118
-0.451451 -0.835681
-0.449449 -0.835239
-0.447447 -0.834791
-0.445445 -0.834337
-0.443443 -0.833878
-0.441441 -0.833413
-0.439439 -0.832942
-0.437437 -0.832465
-0.435435 -0.831983
-0.433433 -0.831495
-0.431431 -0.831001
-0.429429 -0.830502
-0.427427 -0.829996
-0.425425 -0.829485
-0.423423 -0.828968
-0.421421 -0.828445
-0.419419 -0.827917
-0.417417 -0.827382
-0.415415 -0.826842
-0.413413 -0.826296
-0.411411 -0.825744
-0.409409 -0.825186
-0.407407 -0.824622
-0.405405 -0.824053
-0.403403 -0.823477
-0.401401 -0.822896
-0.399399 -0.822308
-0.397397 -0.821715
-0.395395 -0.821115
-0.393393 -0.82051
-0.391391 -0.819899
-0.389389 -0.819282
-0.387387 -0.818658
-0.385385 -0.818029
-0.383383 -0.817394
-0.381381 -0.816753
-0.379379 -0.816105
-0.377377 -0.815452
-0.375375 -0.814792
-0.373373 -0.814127
-0.371371 -0.813455
-0.369369 -0.812777
-0.367367 -0.812094
-0.365365 -0.811404
-0.363363 -0.810707
-0.361361 -0.810005
-0.359359 -0.809297
-0.357357 -0.808582
-0.355355 -0.807861
-0.353353 -0.807135
-0.351351 -0.806401
-0.349349 -0.805662
-0.347347 -0.804916
-0.345345 -0.804165
-0.343343 -0.803407
-0.341341 -0.802642
-0.339339 -0.801872
-0.337337 -0.801095
-0.335335 -0.800312
-0.333333 -0.799522
-0.331331 -0.798726
-0.329329 -0.797924
-0.327327 -0.797116
-0.325325 -0.796301
-0.323323 -0.79548
-0.321321 -0.794652
-0.319319 -0.793818
-0.317317 -0.792978
-0.315315 -0.792131
-0.313313 -0.791278
-0.311311 -0.790418
-0.309309 -0.789552
-0.307307 -0.788679
-0.305305 -0.7878
-0.303303 -0.786914
-0.301301 -0.786022
-0.299299 -0.785124
-0.297297 -0.784218
-0.295295 -0.783307
-0.293293 -0.782388
-0.291291 -0.781464
-0.289289 -0.780532
-0.287287 -0.779594
-0.285285 -0.77865
-0.283283 -0.777698
-0.281281 -0.77674
-0.279279 -0.775776
-0.277277 -0.774805
-0.275275 -0.773827
-0.273273 -0.772842
-0.271271 -0.771851
-0.269269 -0.770853
-0.267267 -0.769849
-0.265265 -0.768837
-0.263263 -0.767819
-0.261261 -0.766794
-0.259259 -0.765763
-0.257257 -0.764724
-0.255255 -0.763679
-0.253253 -0.762627
-0.251251 -0.761568
-0.249249 -0.760502
-0.247247 -0.75943
-0.245245 -0.75835
-0.243243 -0.757264
-0.241241 -0.756171
-0.239239 -0.755071
-0.237237 -0.753964
-0.235235 -0.75285
-0.233233 -0.751729
-0.231231 -0.750601
-0.229229 -0.749467
-0.227227 -0.748325
-0.225225 -0.747176
-0.223223 -0.746021
-0.221221 -0.744858
-0.219219 -0.743688
-0.217217 -0.742512
-0.215215 -0.741328
-0.213213 -0.740137
-0.211211 -0.738939
-0.209209 -0.737734
-0.207207 -0.736522
-0.205205 -0.735303
-0.203203 -0.734077
-0.201201 -0.732843
-0.199199 -0.731603
-0.197197 -0.730355
-0.195195 -0.7291
-0.193193 -0.727838
-0.191191 -0.726569
-0.189189 -0.725293
-0.187187 -0.724009
-0.185185 -0.722719
-0.183183 -0.721421
-0.181181 -0.720115
-0.179179 -0.718803
-0.177177 -0.717483
-0.175175 -0.716156
-0.173173 -0.714822
-0.171171 -0.71348
-0.169169 -0.712131
-0.167167 -0.710775
-0.165165 -0.709412
-0.163163 -0.708041
-0.161161 -0.706663
-0.159159 -0.705277
-0.157157 -0.703884
-0.155155 -0.702484
-0.153153 -0.701076
-0.151151 -0.699661
-0.149149 -0.698239
-0.147147 -0.696809
-0.145145 -0.695371
-0.143143 -0.693927
-0.141141 -0.692475
-0.139139 -0.691015
-0.137137 -0.689548
-0.135135 -0.688073
-0.133133 -0.686591
-0.131131 -0.685102
-0.129129 -0.683604
-0.127127 -0.6821
-0.125125 -0.680588
-0.123123 -0.679068
-0.121121 -0.677541
-0.119119 -0.676006
-0.117117 -0.674464
-0.115115 -0.672914
-0.113113 -0.671357
-0.111111 -0.669792
-0.109109 -0.668219
-0.107107 -0.666639
-0.105105 -0.665051
-0.103103 -0.663456
-0.101101 -0.661853
-0.0990991 -0.660242
-0.0970971 -0.658623
-0.0950951 -0.656997
-0.0930931 -0.655364
-0.0910911 -0.653722
-0.0890891 -0.652073
-0.0870871 -0.650417
-0.0850851 -0.648752
-0.0830831 -0.64708
-0.0810811 -0.6454
-0.0790791 -0.643713
-0.0770771 -0.642018
-0.0750751 -0.640315
-0.0730731 -0.638604
-0.0710711 -0.636885
-0.0690691 -0.635159
-0.0670671 -0.633425
-0.0650651 -0.631683
-0.0630631 -0.629934
-0.0610611 -0.628176
-0.0590591 -0.626411
-0.0570571 -0.624638
-0.0550551 -0.622857
-0.0530531 -0.621069
-0.0510511 -0.619272
-0.049049 -0.617468
-0.047047 -0.615656
-0.045045 -0.613836
-0.043043 -0.612008
-0.041041 -0.610173
-0.039039 -0.608329
-0.037037 -0.606478
-0.035035 -0.604618
-0.033033 -0.602751
-0.031031 -0.600876
-0.029029 -0.598993
-0.027027 -0.597102
-0.025025 -0.595203
-0.023023 -0.593296
-0.021021 -0.591382
-0.019019 -0.589459
-0.017017 -0.587528
-0.015015 -0.58559
-0.013013 -0.583643
-0.011011 -0.581689
-0.00900901 -0.579726
-0.00700701 -0.577756
-0.005005 -0.575777
-0.003003 -0.573791
-0.001001 -0.571797
0.001001 -0.569794
0.003003 -0.567784
0.005005 -0.565765
0.00700701 -0.563739
0.00900901 -0.561704
0.011011 -0.559661
0.013013 -0.557611
0.015015 -0.555552
0.017017 -0.553485
0.019019 -0.55141
0.021021 -0.549327
0.023023 -0.547236
0.025025 -0.545137
0.027027 -0.54303
0.029029 -0.540914
0.031031 -0.538791
0.033033 -0.536659
0.035035 -0.534519
0.037037 -0.532372
0.039039 -0.530215
0.041041 -0.528051
0.043043 -0.525879
0.045045 -0.523698
0.047047 -0.52151
0.049049 -0.519313
0.0510511 -0.517108
0.0530531 -0.514895
0.0550551 -0.512673
0.0570571 -0.510443
0.0590591 -0.508205
0.0610611 -0.505959
0.0630631 -0.503705
0.0650651 -0.501442
0.0670671 -0.499172
0.0690691 -0.496892
0.0710711 -0.494605
0.0730731 -0.492309
0.0750751 -0.490005
0.0770771 -0.487693
0.0790791 -0.485373
0.0810811 -0.483044
0.0830831 -0.480707
0.0850851 -0.478361
0.0870871 -0.476008
0.0890891 -0.473645
0.0910911 -0.471275
0.0930931 -0.468896
0.0950951 -0.466509
0.0970971 -0.464113
0.0990991 -0.46171
0.101101 -0.459297
0.103103 -0.456877
0.105105 -0.454447
0.107107 -0.45201
0.109109 -0.449564
0.111111 -0.44711
0.113113 -0.444647
0.115115 -0.442176
0.117117 -0.439696
0.119119 -0.437208
0.121121 -0.434711
0.123123 -0.432206
0.125125 -0.429692
0.127127 -0.42717
0.129129 -0.42464
0.131131 -0.4221
0.133133 -0.419553
0.135135 -0.416996
0.137137 -0.414432
0.139139 -0.411858
0.141141 -0.409276
0.143143 -0.406686
0.145145 -0.404087
0.147147 -0.401479
0.149149 -0.398863
0.151151 -0.396238
0.153153 -0.393605
0.155155 -0.390963
0.157157 -0.388312
0.159159 -0.385652
0.161161 -0.382984
0.163163 -0.380307
0.165165 -0.377622
0.167167 -0.374928
0.169169 -0.372225
0.171171 -0.369513
0.173173 -0.366793
0.175175 -0.364064
0.177177 -0.361326
0.179179 -0.358579
0.181181 -0.355824
0.183183 -0.35306
0.185185 -0.350287
0.187187 -0.347505
0.189189 -0.344715
0.191191 -0.341915
0.193193 -0.339107
0.195195 -0.33629
0.197197 -0.333464
0.199199 -0.330629
0.201201 -0.327785
0.203203 -0.324933
0.205205 -0.322071
0.207207 -0.319201
0.209209 -0.316321
0.211211 -0.313433
0.213213 -0.310536
0.215215 -0.30763
0.217217 -0.304714
0.219219 -0.30179
0.221221 -0.298857
0.223223 -0.295915
0.225225 -0.292964
0.227227 -0.290003
0.229229 -0.287034
0.231231 -0.284055
0.233233 -0.281068
0.235235 -0.278071
0.237237 -0.275066
0.239239 -0.272051
0.241241 -0.269027
0.243243 -0.265994
0.245245 -0.262952
0.247247 -0.259901
0.249249 -0.25684
0.251251 -0.25377
0.253253 -0.250691
0.255255 -0.247603
0.257257 -0.244506
0.259259 -0.241399
0.261261 -0.238284
0.263263 -0.235158
0.265265 -0.232024
0.267267 -0.22888
0.269269 -0.225727
0.271271 -0.222565
0.273273 -0.219394
0.275275 -0.216213
0.277277 -0.213022
0.279279 -0.209823
0.281281 -0.206614
0.283283 -0.203395
0.285285 -0.200168
0.287287 -0.19693
0.289289 -0.193684
0.291291 -0.190428
0.293293 -0.187162
0.295295 -0.183887
0.297297 -0.180603
0.299299 -0.177309
0.301301 -0.174006
0.303303 -0.170693
0.305305 -0.16737
0.307307 -0.164038
0.309309 -0.160697
0.311311 -0.157345
0.313313 -0.153985
0.315315 -0.150614
0.317317 -0.147235
0.319319 -0.143845
0.321321 -0.140446
0.323323 -0.137037
0.325325 -0.133619
0.327327 -0.130191
0.329329 -0.126753
0.331331 -0.123305
0.333333 -0.119848
0.335335 -0.116381
0.337337 -0.112905
0.339339 -0.109419
0.341341 -0.105923
0.343343 -0.102417
0.345345 -0.0989012
0.347347 -0.0953758
0.349349 -0.0918407
0.351351 -0.0882957
0.353353 -0.0847409
0.355355 -0.0811763
0.357357 -0.0776019
0.359359 -0.0740176
0.361361 -0.0704234
0.363363 -0.0668193
0.365365 -0.0632054
0.367367 -0.0595816
0.369369 -0.0559478
0.371371 -0.0523042
0.373373 -0.0486506
0.375375 -0.044987
0.377377 -0.0413135
0.379379 -0.0376301
0.381381 -0.0339366
0.383383 -0.0302332
0.385385 -0.0265197
0.387387 -0.0227963
0.389389 -0.0190628
0.391391 -0.0153193
0.393393 -0.0115658
0.395395 -0.00780214
0.397397 -0.00402847
0.399399 -0.000244714
0.401401 0.00354913
0.403403 0.00735307
0.405405 0.0111671
0.407407 0.0149913
0.409409 0.0188256
0.411411 0.02267
0.413413 0.0265246
0.415415 0.0303894
0.417417 0.0342644
0.419419 0.0381495
0.421421 0.0420448
0.423423 0.0459503
0.425425 0.0498661
0.427427 0.053792
0.429429 0.0577282
0.431431 0.0616747
0.433433 0.0656314
0.435435 0.0695984
0.437437 0.0735757
0.439439 0.0775632
0.441441 0.0815611
0.443443 0.0855693
0.445445 0.0895878
0.447447 0.0936166
0.449449 0.0976558
0.451451 0.101705
0.453453 0.105765
0.455455 0.109836
0.457457 0.113916
0.459459 0.118007
0.461461 0.122109
0.463463 0.126221
0.465465 0.130343
0.467467 0.134476
0.469469 0.138619
0.471471 0.142773
0.473473 0.146937
0.475475 0.151112
0.477477 0.155297
0.479479 0.159493
0.481481 0.163699
0.483483 0.167916
0.485485 0.172143
0.487487 0.176381
0.489489 0.18063
0.491491 0.184889
0.493493 0.189159
0.495495 0.193439
0.497497 0.19773
0.499499 0.202032
0.501501 0.206344
0.503503 0.210667
0.505506 0.215001
0.507508 0.219345
0.50951 0.2237
0.511512 0.228066
0.513514 0.232443
0.515516 0.236831
0.517518 0.241229
0.51952 0.245638
0.521522 0.250058
0.523524 0.254489
0.525526 0.258931
0.527528 0.263383
0.52953 0.267847
0.531532 0.272321
0.533534 0.276807
0.535536 0.281303
0.537538 0.28581
0.53954 0.290329
0.541542 0.294858
0.543544 0.299399
0.545546 0.303951
0.547548 0.308514
0.54955 0.313087
0.551552 0.317673
0.553554 0.322269
0.555556 0.326877
0.557558 0.331495
0.55956 0.336126
0.561562 0.340767
0.563564 0.34542
0.565566 0.350084
0.567568 0.35476
0.56957 0.359447
0.571572 0.364146
0.573574 0.368856
0.575576 0.373578
0.577578 0.378311
0.57958 0.383056
0.581582 0.387813
0.583584 0.392581
0.585586 0.397361
0.587588 0.402153
0.58959 0.406957
0.591592 0.411773
0.593594 0.416601
0.595596 0.421441
0.597598 0.426292
0.5996 0.431156
0.601602 0.436033
0.603604 0.440921
0.605606 0.445821
0.607608 0.450734
0.60961 0.45566
0.611612 0.460598
0.613614 0.465548
0.615616 0.470511
0.617618 0.475486
0.61962 0.480475
0.621622 0.485476
0.623624 0.49049
0.625626 0.495517
0.627628 0.500556
0.62963 0.505609
0.631632 0.510676
0.633634 0.515755
0.635636 0.520848
0.637638 0.525954
0.63964 0.531073
0.641642 0.536207
0.643644 0.541354
0.645646 0.546514
0.647648 0.551689
0.64965 0.556878
0.651652 0.56208
0.653654 0.567297
0.655656 0.572529
0.657658 0.577774
0.65966 0.583034
0.661662 0.588309
0.663664 0.593599
0.665666 0.598903
0.667668 0.604223
0.66967 0.609558
0.671672 0.614908
0.673674 0.620273
0.675676 0.625654
0.677678 0.631051
0.67968 0.636463
0.681682 0.641891
0.683684 0.647336
0.685686 0.652797
0.687688 0.658274
0.68969 0.663768
0.691692 0.669279
0.693694 0.674807
0.695696 0.680352
0.697698 0.685914
0.6997 0.691494
0.701702 0.697091
0.703704 0.702706
0.705706 0.70834
0.707708 0.713991
0.70971 0.719662
0.711712 0.72535
0.713714 0.731058
0.715716 0.736785
0.717718 0.742531
0.71972 0.748297
0.721722 0.754083
0.723724 0.759889
0.725726 0.765715
0.727728 0.771561
0.72973 0.777429
0.731732 0.783317
0.733734 0.789227
0.735736 0.795158
0.737738 0.801112
0.73974 0.807087
0.741742 0.813085
0.743744 0.819106
0.745746 0.82515
0.747748 0.831217
0.74975 0.837308
0.751752 0.843423
0.753754 0.849563
0.755756 0.855727
0.757758 0.861916
0.75976 0.86813
0.761762 0.87437
0.763764 0.880637
0.765766 0.886929
0.767768 0.893249
0.76977 0.899596
0.771772 0.905971
0.773774 0.912373
0.775776 0.918804
0.777778 0.925264
0.77978 0.931754
0.781782 0.938273
0.783784 0.944822
0.785786 0.951402
0.787788 0.958013
0.78979 0.964656
0.791792 0.97133
0.793794 0.978037
0.795796 0.984778
0.797798 0.991551
0.7998 0.998359
0.801802 1.0052
0.803804 1.01208
0.805806 1.01899
0.807808 1.02594
0.80981 1.03293
0.811812 1.03995
0.813814 1.04701
0.815816 1.05412
0.817818 1.06125
0.81982 1.06843
0.821822 1.07565
0.823824 1.08292
0.825826 1.09022
0.827828 1.09756
0.82983 1.10495
0.831832 1.11238
0.833834 1.11986
0.835836 1.12738
0.837838 1.13495
0.83984 1.14257
0.841842 1.15023
0.843844 1.15794
0.845846 1.1657
0.847848 1.17351
0.84985 1.18137
0.851852 1.18928
0.853854 1.19724
0.855856 1.20526
0.857858 1.21333
0.85986 1.22146
0.861862 1.22964
0.863864 1.23788
0.865866 1.24618
0.867868 1.25453
0.86987 1.26295
0.871872 1.27142
0.873874 1.27996
0.875876 1.28856
0.877878 1.29722
0.87988 1.30595
0.881882 1.31474
0.883884 1.3236
0.885886 1.33253
0.887888 1.34153
0.88989 1.3506
0.891892 1.35974
0.893894 1.36895
0.895896 1.37823
0.897898 1.3876
0.8999 1.39703
0.901902 1.40655
0.903904 1.41614
0.905906 1.42581
0.907908 1.43557
0.90991 1.4454
0.911912 1.45532
0.913914 1.46533
0.915916 1.47542
0.917918 1.4856
0.91992 1.49588
0.921922 1.50624
0.923924 1.51669
0.925926 1.52724
0.927928 1.53788
0.92993 1.54863
0.931932 1.55947
0.933934 1.57041
0.935936 1.58145
0.937938 1.5926
0.93994 1.60385
0.941942 1.61521
0.943944 1.62668
0.945946 1.63825
0.947948 1.64994
0.94995 1.66175
0.951952 1.67367
0.953954 1.68571
0.955956 1.69787
0.957958 1.71015
0.95996 1.72255
0.961962 1.73508
0.963964 1.74774
0.965966 1.76052
0.967968 1.77344
0.96997 1.78649
0.971972 1.79968
0.973974 1.81301
0.975976 1.82648
0.977978 1.84008
0.97998 1.85384
0.981982 1.86774
0.983984 1.88179
0.985986 1.89599
0.987988 1.91035
0.98999 1.92486
0.991992 1.93953
0.993994 1.95437
0.995996 1.96936
0.997998 1.98453
1 1.99986
