-1 -1.14145
-0.997998 -1.12738
-0.995996 -1.11401
-0.993994 -1.10129
-0.991992 -1.08921
-0.98999 -1.07772
-0.987988 -1.06681
-0.985986 -1.05644
-0.983984 -1.04659
-0.981982 -1.03722
-0.97998 -1.02833
-0.977978 -1.01988
-0.975976 -1.01185
-0.973974 -1.00422
-0.971972 -0.996981
-0.96997 -0.990101
-0.967968 -0.983566
-0.965966 -0.977359
-0.963964 -0.971463
-0.961962 -0.965864
-0.95996 -0.960545
-0.957958 -0.955494
-0.955956 -0.950696
-0.953954 -0.946139
-0.951952 -0.94181
-0.94995 -0.937698
-0.947948 -0.933792
-0.945946 -0.930082
-0.943944 -0.926556
-0.941942 -0.923207
-0.93994 -0.920024
-0.937938 -0.917
-0.935936 -0.914126
-0.933934 -0.911394
-0.931932 -0.908798
-0.92993 -0.906329
-0.927928 -0.903982
-0.925926 -0.90175
-0.923924 -0.899627
-0.921922 -0.897608
-0.91992 -0.895687
-0.917918 -0.893859
-0.915916 -0.892119
-0.913914 -0.890463
-0.911912 -0.888887
-0.90991 -0.887385
-0.907908 -0.885955
-0.905906 -0.884593
-0.903904 -0.883295
-0.901902 -0.882058
-0.8999 -0.880879
-0.897898 -0.879754
-0.895896 -0.878682
-0.893894 -0.877659
-0.891892 -0.876683
-0.88989 -0.875751
-0.887888 -0.874862
-0.885886 -0.874012
-0.883884 -0.873201
-0.881882 -0.872426
-0.87988 -0.871686
-0.877878 -0.870978
-0.875876 -0.870302
-0.873874 -0.869655
-0.871872 -0.869036
-0.86987 -0.868444
-0.867868 -0.867878
-0.865866 -0.867336
-0.863864 -0.866817
-0.861862 -0.866321
-0.85986 -0.865846
-0.857858 -0.86539
-0.855856 -0.864954
-0.853854 -0.864537
-0.851852 -0.864137
-0.84985 -0.863754
-0.847848 -0.863387
-0.845846 -0.863035
-0.843844 -0.862698
-0.841842 -0.862375
-0.83984 -0.862066
-0.837838 -0.86177
-0.835836 -0.861486
-0.833834 -0.861214
-0.831832 -0.860953
-0.82983 -0.860704
-0.827828 -0.860465
-0.825826 -0.860236
-0.823824 -0.860017
-0.821822 -0.859808
-0.81982 -0.859608
-0.817818 -0.859416
-0.815816 -0.859233
-0.813814 -0.859058
-0.811812 -0.85889
-0.80981 -0.858731
-0.807808 -0.858578
-0.805806 -0.858433
-0.803804 -0.858294
-0.801802 -0.858162
-0.7998 -0.858036
-0.797798 -0.857916
-0.795796 -0.857802
-0.793794 -0.857694
-0.791792 -0.857591
-0.78979 -0.857494
-0.787788 -0.857401
-0.785786 -0.857314
-0.783784 -0.857231
-0.781782 -0.857152
-0.77978 -0.857079
-0.777778 -0.857009
-0.775776 -0.856943
-0.773774 -0.856882
-0.771772 -0.856824
-0.76977 -0.85677
-0.767768 -0.856719
-0.765766 -0.856671
-0.763764 -0.856627
-0.761762 -0.856586
-0.75976 -0.856548
-0.757758 -0.856512
-0.755756 -0.85648
-0.753754 -0.85645
-0.751752 -0.856422
-0.74975 -0.856397
-0.747748 -0.856374
-0.745746 -0.856353
-0.743744 -0.856333
-0.741742 -0.856316
-0.73974 -0.856301
-0.737738 -0.856287
-0.735736 -0.856275
-0.733734 -0.856264
-0.731732 -0.856254
-0.72973 -0.856246
-0.727728 -0.856239
-0.725726 -0.856233
-0.723724 -0.856227
-0.721722 -0.856223
-0.71972 -0.856219
-0.717718 -0.856216
-0.715716 -0.856214
-0.713714 -0.856211
-0.711712 -0.85621
-0.70971 -0.856208
-0.707708 -0.856207
-0.705706 -0.856205
-0.703704 -0.856204
-0.701702 -0.856203
-0.6997 -0.856201
-0.697698 -0.856199
-0.695696 -0.856197
-0.693694 -0.856194
-0.691692 -0.856191
-0.68969 -0.856187
-0.687688 -0.856183
-0.685686 -0.856177
-0.683684 -0.856171
-0.681682 -0.856164
-0.67968 -0.856156
-0.677678 -0.856147
-0.675676 -0.856137
-0.673674 -0.856126
-0.671672 -0.856113
-0.66967 -0.856099
-0.667668 -0.856083
-0.665666 -0.856067
-0.663664 -0.856048
-0.661662 -0.856028
-0.65966 -0.856006
-0.657658 -0.855983
-0.655656 -0.855957
-0.653654 -0.85593
-0.651652 -0.855901
-0.64965 -0.85587
-0.647648 -0.855836
-0.645646 -0.855801
-0.643644 -0.855763
-0.641642 -0.855724
-0.63964 -0.855682
-0.637638 -0.855637
-0.635636 -0.85559
-0.633634 -0.855541
-0.631632 -0.855489
-0.62963 -0.855435
-0.627628 -0.855378
-0.625626 -0.855318
-0.623624 -0.855255
-0.621622 -0.85519
-0.61962 -0.855122
-0.617618 -0.855051
-0.615616 -0.854977
-0.613614 -0.854901
-0.611612 -0.854821
-0.60961 -0.854738
-0.607608 -0.854652
-0.605606 -0.854563
-0.603604 -0.85447
-0.601602 -0.854375
-0.5996 -0.854276
-0.597598 -0.854173
-0.595596 -0.854068
-0.593594 -0.853959
-0.591592 -0.853846
-0.58959 -0.85373
-0.587588 -0.853611
-0.585586 -0.853488
-0.583584 -0.853361
-0.581582 -0.853231
-0.57958 -0.853096
-0.577578 -0.852959
-0.575576 -0.852817
-0.573574 -0.852672
-0.571572 -0.852523
-0.56957 -0.852369
-0.567568 -0.852212
-0.565566 -0.852051
-0.563564 -0.851887
-0.561562 -0.851718
-0.55956 -0.851545
-0.557558 -0.851367
-0.555556 -0.851186
-0.553554 -0.851001
-0.551552 -0.850811
-0.54955 -0.850618
-0.547548 -0.85042
-0.545546 -0.850217
-0.543544 -0.850011
-0.541542 -0.8498
-0.53954 -0.849585
-0.537538 -0.849365
-0.535536 -0.849141
-0.533534 -0.848912
-0.531532 -0.848679
-0.52953 -0.848442
-0.527528 -0.8482
-0.525526 -0.847953
-0.523524 -0.847702
-0.521522 -0.847446
-0.51952 -0.847185
-0.517518 -0.84692
-0.515516 -0.84665
-0.513514 -0.846375
-0.511512 -0.846096
-0.50951 -0.845812
-0.507508 -0.845523
-0.505506 -0.845229
-0.503503 -0.84493
-0.501501 -0.844627
-0.499499 -0.844318
-0.497497 -0.844005
-0.495495 -0.843686
-0.493493 -0.843363
-0.491491 -0.843034
-0.489489 -0.842701
-0.487487 -0.842362
-0.485485 -0.842019
-0.483483 -0.84167
-0.481481 -0.841316
-0.479479 -0.840957
-0.477477 -0.840593
-0.475475 -0.840224
-0.473473 -0.839849
-0.471471 -0.83947
-0.469469 -0.839085
-0.467467 -0.838694
-0.465465 -0.838299
-0.463463 -0.837898
-0.461461 -0.837491
-0.459459 -0.83708
-0.457457 -0.836663
-0.455455 -0.83624
-0.453453 -0.835812
-0.451451 -0.835379
-0.449449 -0.83494
-0.447447 -0.834496
-0.445445 -0.834046
-0.443443 -0.833591
-0.441441 -0.83313
-0.439439 -0.832664
-0.437437 -0.832192
-0.435435 -0.831714
-0.433433 -0.831231
-0.431431 -0.830742
-0.429429 -0.830247
-0.427427 -0.829747
-0.425425 -0.829241
-0.423423 -0.82873
-0.421421 -0.828212
-0.419419 -0.827689
-0.417417 -0.82716
-0.415415 -0.826626
-0.413413 -0.826085
-0.411411 -0.825539
-0.409409 -0.824987
-0.407407 -0.824429
-0.405405 -0.823865
-0.403403 -0.823295
-0.401401 -0.822719
-0.399399 -0.822138
-0.397397 -0.82155
-0.395395 -0.820957
-0.393393 -0.820358
-0.391391 -0.819752
-0.389389 -0.819141
-0.387387 -0.818523
-0.385385 -0.8179
-0.383383 -0.81727
-0.381381 -0.816635
-0.379379 -0.815993
-0.377377 -0.815345
-0.375375 -0.814691
-0.373373 -0.814031
-0.371371 -0.813365
-0.369369 -0.812693
-0.367367 -0.812014
-0.365365 -0.81133
-0.363363 -0.810639
-0.361361 -0.809942
-0.359359 -0.809239
-0.357357 -0.808529
-0.355355 -0.807813
-0.353353 -0.807091
-0.351351 -0.806363
-0.349349 -0.805628
-0.347347 -0.804887
-0.345345 -0.80414
-0.343343 -0.803386
-0.341341 -0.802626
-0.339339 -0.80186
-0.337337 -0.801087
-0.335335 -0.800308
-0.333333 -0.799522
-0.331331 -0.79873
-0.329329 -0.797932
-0.327327 -0.797127
-0.325325 -0.796316
-0.323323 -0.795498
-0.321321 -0.794673
-0.319319 -0.793843
-0.317317 -0.793005
-0.315315 -0.792162
-0.313313 -0.791311
-0.311311 -0.790454
-0.309309 -0.789591
-0.307307 -0.788721
-0.305305 -0.787844
-0.303303 -0.786961
-0.301301 -0.786071
-0.299299 -0.785175
-0.297297 -0.784271
-0.295295 -0.783362
-0.293293 -0.782445
-0.291291 -0.781522
-0.289289 -0.780592
-0.287287 -0.779656
-0.285285 -0.778713
-0.283283 -0.777763
-0.281281 -0.776806
-0.279279 -0.775843
-0.277277 -0.774873
-0.275275 -0.773896
-0.273273 -0.772912
-0.271271 -0.771922
-0.269269 -0.770925
-0.267267 -0.769921
-0.265265 -0.76891
-0.263263 -0.767892
-0.261261 -0.766867
-0.259259 -0.765836
-0.257257 -0.764798
-0.255255 -0.763753
-0.253253 -0.762701
-0.251251 -0.761642
-0.249249 -0.760576
-0.247247 -0.759503
-0.245245 -0.758424
-0.243243 -0.757337
-0.241241 -0.756244
-0.239239 -0.755143
-0.237237 -0.754036
-0.235235 -0.752921
-0.233233 -0.7518
-0.231231 -0.750671
-0.229229 -0.749536
-0.227227 -0.748394
-0.225225 -0.747244
-0.223223 -0.746088
-0.221221 -0.744924
-0.219219 -0.743753
-0.217217 -0.742576
-0.215215 -0.741391
-0.213213 -0.740199
-0.211211 -0.739
-0.209209 -0.737794
-0.207207 -0.736581
-0.205205 -0.73536
-0.203203 -0.734133
-0.201201 -0.732898
-0.199199 -0.731657
-0.197197 -0.730408
-0.195195 -0.729152
-0.193193 -0.727888
-0.191191 -0.726618
-0.189189 -0.72534
-0.187187 -0.724055
-0.185185 -0.722763
-0.183183 -0.721464
-0.181181 -0.720157
-0.179179 -0.718843
-0.177177 -0.717522
-0.175175 -0.716194
-0.173173 -0.714858
-0.171171 -0.713515
-0.169169 -0.712165
-0.167167 -0.710807
-0.165165 -0.709442
-0.163163 -0.70807
-0.161161 -0.70669
-0.159159 -0.705304
-0.157157 -0.703909
-0.155155 -0.702508
-0.153153 -0.701099
-0.151151 -0.699682
-0.149149 -0.698259
-0.147147 -0.696827
-0.145145 -0.695389
-0.143143 -0.693943
-0.141141 -0.69249
-0.139139 -0.691029
-0.137137 -0.68956
-0.135135 -0.688085
-0.133133 -0.686601
-0.131131 -0.685111
-0.129129 -0.683613
-0.127127 -0.682107
-0.125125 -0.680594
-0.123123 -0.679073
-0.121121 -0.677545
-0.119119 -0.67601
-0.117117 -0.674466
-0.115115 -0.672916
-0.113113 -0.671357
-0.111111 -0.669792
-0.109109 -0.668218
-0.107107 -0.666637
-0.105105 -0.665049
-0.103103 -0.663453
-0.101101 -0.661849
-0.0990991 -0.660238
-0.0970971 -0.658619
-0.0950951 -0.656992
-0.0930931 -0.655358
-0.0910911 -0.653716
-0.0890891 -0.652067
-0.0870871 -0.65041
-0.0850851 -0.648745
-0.0830831 -0.647072
-0.0810811 -0.645392
-0.0790791 -0.643705
-0.0770771 -0.642009
-0.0750751 -0.640306
-0.0730731 -0.638595
-0.0710711 -0.636876
-0.0690691 -0.63515
-0.0670671 -0.633416
-0.0650651 -0.631674
-0.0630631 -0.629924
-0.0610611 -0.628167
-0.0590591 -0.626402
-0.0570571 -0.624629
-0.0550551 -0.622848
-0.0530531 -0.62106
-0.0510511 -0.619263
-0.049049 -0.617459
-0.047047 -0.615647
-0.045045 -0.613828
-0.043043 -0.612
-0.041041 -0.610165
-0.039039 -0.608321
-0.037037 -0.60647
-0.035035 -0.604611
-0.033033 -0.602744
-0.031031 -0.600869
-0.029029 -0.598987
-0.027027 -0.597096
-0.025025 -0.595198
-0.023023 -0.593291
-0.021021 -0.591377
-0.019019 -0.589455
-0.017017 -0.587525
-0.015015 -0.585586
-0.013013 -0.58364
-0.011011 -0.581686
-0.00900901 -0.579724
-0.00700701 -0.577754
-0.005005 -0.575776
-0.003003 -0.57379
-0.001001 -0.571796
0.001001 -0.569794
0.003003 -0.567784
0.005005 -0.565766
0.00700701 -0.56374
0.00900901 -0.561706
0.011011 -0.559664
0.013013 -0.557614
0.015015 -0.555555
0.017017 -0.553489
0.019019 -0.551414
0.021021 -0.549332
0.023023 -0.547241
0.025025 -0.545142
0.027027 -0.543036
0.029029 -0.540921
0.031031 -0.538797
0.033033 -0.536666
0.035035 -0.534527
0.037037 -0.532379
0.039039 -0.530223
0.041041 -0.528059
0.043043 -0.525887
0.045045 -0.523707
0.047047 -0.521518
0.049049 -0.519322
0.0510511 -0.517117
0.0530531 -0.514904
0.0550551 -0.512682
0.0570571 -0.510453
0.0590591 -0.508215
0.0610611 -0.505969
0.0630631 -0.503714
0.0650651 -0.501452
0.0670671 -0.499181
0.0690691 -0.496902
0.0710711 -0.494614
0.0730731 -0.492318
0.0750751 -0.490014
0.0770771 -0.487702
0.0790791 -0.485381
0.0810811 -0.483052
0.0830831 -0.480715
0.0850851 -0.478369
0.0870871 -0.476015
0.0890891 -0.473652
0.0910911 -0.471281
0.0930931 -0.468902
0.0950951 -0.466514
0.0970971 -0.464118
0.0990991 -0.461714
0.101101 -0.459301
0.103103 -0.456879
0.105105 -0.45445
0.107107 -0.452011
0.109109 -0.449565
0.111111 -0.44711
0.113113 -0.444646
0.115115 -0.442174
0.117117 -0.439693
0.119119 -0.437204
0.121121 -0.434707
0.123123 -0.432201
0.125125 -0.429686
0.127127 -0.427163
0.129129 -0.424631
0.131131 -0.422091
0.133133 -0.419542
0.135135 -0.416985
0.137137 -0.414419
0.139139 -0.411845
0.141141 -0.409261
0.143143 -0.40667
0.145145 -0.40407
0.147147 -0.401461
0.149149 -0.398843
0.151151 -0.396217
0.153153 -0.393582
0.155155 -0.390939
0.157157 -0.388287
0.159159 -0.385626
0.161161 -0.382956
0.163163 -0.380278
0.165165 -0.377591
0.167167 -0.374896
0.169169 -0.372192
0.171171 -0.369479
0.173173 -0.366757
0.175175 -0.364026
0.177177 -0.361287
0.179179 -0.358539
0.181181 -0.355782
0.183183 -0.353017
0.185185 -0.350242
0.187187 -0.347459
0.189189 -0.344667
0.191191 -0.341867
0.193193 -0.339057
0.195195 -0.336239
0.197197 -0.333411
0.199199 -0.330575
0.201201 -0.32773
0.203203 -0.324877
0.205205 -0.322014
0.207207 -0.319142
0.209209 -0.316262
0.211211 -0.313372
0.213213 -0.310474
0.215215 -0.307567
0.217217 -0.30465
0.219219 -0.301725
0.221221 -0.298791
0.223223 -0.295848
0.225225 -0.292896
0.227227 -0.289935
0.229229 -0.286965
0.231231 -0.283985
0.233233 -0.280997
0.235235 -0.278
0.237237 -0.274994
0.239239 -0.271979
0.241241 -0.268954
0.243243 -0.265921
0.245245 -0.262878
0.247247 -0.259827
0.249249 -0.256766
0.251251 -0.253696
0.253253 -0.250617
0.255255 -0.247529
0.257257 -0.244432
0.259259 -0.241326
0.261261 -0.23821
0.263263 -0.235086
0.265265 -0.231952
0.267267 -0.228809
0.269269 -0.225656
0.271271 -0.222495
0.273273 -0.219324
0.275275 -0.216144
0.277277 -0.212955
0.279279 -0.209756
0.281281 -0.206548
0.283283 -0.203331
0.285285 -0.200105
0.287287 -0.196869
0.289289 -0.193624
0.291291 -0.190369
0.293293 -0.187106
0.295295 -0.183832
0.297297 -0.18055
0.299299 -0.177258
0.301301 -0.173957
0.303303 -0.170646
0.305305 -0.167326
0.307307 -0.163996
0.309309 -0.160657
0.311311 -0.157309
0.313313 -0.153951
0.315315 -0.150584
0.317317 -0.147207
0.319319 -0.14382
0.321321 -0.140424
0.323323 -0.137019
0.325325 -0.133604
0.327327 -0.130179
0.329329 -0.126745
0.331331 -0.123302
0.333333 -0.119848
0.335335 -0.116385
0.337337 -0.112913
0.339339 -0.109431
0.341341 -0.105939
0.343343 -0.102437
0.345345 -0.0989261
0.347347 -0.0954053
0.349349 -0.0918747
0.351351 -0.0883344
0.353353 -0.0847844
0.355355 -0.0812246
0.357357 -0.0776551
0.359359 -0.0740758
0.361361 -0.0704868
0.363363 -0.0668879
0.365365 -0.0632792
0.367367 -0.0596607
0.369369 -0.0560323
0.371371 -0.0523941
0.373373 -0.048746
0.375375 -0.045088
0.377377 -0.0414201
0.379379 -0.0377422
0.381381 -0.0340545
0.383383 -0.0303568
0.385385 -0.0266491
0.387387 -0.0229314
0.389389 -0.0192038
0.391391 -0.0154661
0.393393 -0.0117184
0.395395 -0.00796067
0.397397 -0.00419287
0.399399 -0.000414985
0.401401 0.00337299
0.403403 0.00717107
0.405405 0.0109793
0.407407 0.0147976
0.409409 0.0186262
0.411411 0.0224648
0.413413 0.0263137
0.415415 0.0301728
0.417417 0.0340422
0.419419 0.0379217
0.421421 0.0418116
0.423423 0.0457117
0.425425 0.0496221
0.427427 0.0535428
0.429429 0.0574739
0.431431 0.0614153
0.433433 0.0653671
0.435435 0.0693293
0.437437 0.0733019
0.439439 0.0772849
0.441441 0.0812784
0.443443 0.0852824
0.445445 0.0892968
0.447447 0.0933217
0.449449 0.0973572
0.451451 0.101403
0.453453 0.10546
0.455455 0.109527
0.457457 0.113605
0.459459 0.117693
0.461461 0.121792
0.463463 0.125902
0.465465 0.130022
0.467467 0.134153
0.469469 0.138295
0.471471 0.142448
0.473473 0.146611
0.475475 0.150785
0.477477 0.15497
0.479479 0.159166
0.481481 0.163372
0.483483 0.16759
0.485485 0.171818
0.487487 0.176058
0.489489 0.180308
0.491491 0.184569
0.493493 0.188842
0.495495 0.193125
0.497497 0.197419
0.499499 0.201725
0.501501 0.206041
0.503503 0.210369
0.505506 0.214708
0.507508 0.219058
0.50951 0.223419
0.511512 0.227791
0.513514 0.232175
0.515516 0.23657
0.517518 0.240976
0.51952 0.245394
0.521522 0.249822
0.523524 0.254263
0.525526 0.258714
0.527528 0.263177
0.52953 0.267652
0.531532 0.272138
0.533534 0.276636
0.535536 0.281145
0.537538 0.285665
0.53954 0.290198
0.541542 0.294742
0.543544 0.299297
0.545546 0.303865
0.547548 0.308444
0.54955 0.313034
0.551552 0.317637
0.553554 0.322251
0.555556 0.326878
0.557558 0.331516
0.55956 0.336166
0.561562 0.340828
0.563564 0.345502
0.565566 0.350188
0.567568 0.354886
0.56957 0.359596
0.571572 0.364318
0.573574 0.369052
0.575576 0.373799
0.577578 0.378558
0.57958 0.383329
0.581582 0.388112
0.583584 0.392908
0.585586 0.397716
0.587588 0.402536
0.58959 0.407369
0.591592 0.412215
0.593594 0.417073
0.595596 0.421943
0.597598 0.426827
0.5996 0.431722
0.601602 0.436631
0.603604 0.441552
0.605606 0.446486
0.607608 0.451433
0.60961 0.456393
0.611612 0.461366
0.613614 0.466351
0.615616 0.47135
0.617618 0.476362
0.61962 0.481386
0.621622 0.486424
0.623624 0.491476
0.625626 0.49654
0.627628 0.501618
0.62963 0.506709
0.631632 0.511813
0.633634 0.516931
0.635636 0.522063
0.637638 0.527208
0.63964 0.532367
0.641642 0.537539
0.643644 0.542725
0.645646 0.547925
0.647648 0.553139
0.64965 0.558366
0.651652 0.563608
0.653654 0.568864
0.655656 0.574133
0.657658 0.579417
0.65966 0.584715
0.661662 0.590028
0.663664 0.595354
0.665666 0.600695
0.667668 0.606051
0.66967 0.611421
0.671672 0.616806
0.673674 0.622205
0.675676 0.62762
0.677678 0.633049
0.67968 0.638492
0.681682 0.643951
0.683684 0.649425
0.685686 0.654914
0.687688 0.660419
0.68969 0.665938
0.691692 0.671473
0.693694 0.677023
0.695696 0.682589
0.697698 0.688171
0.6997 0.693768
0.701702 0.69938
0.703704 0.705009
0.705706 0.710654
0.707708 0.716314
0.70971 0.721991
0.711712 0.727684
0.713714 0.733393
0.715716 0.739119
0.717718 0.744861
0.71972 0.750619
0.721722 0.756395
0.723724 0.762187
0.725726 0.767996
0.727728 0.773821
0.72973 0.779664
0.731732 0.785524
0.733734 0.791402
0.735736 0.797296
0.737738 0.803208
0.73974 0.809138
0.741742 0.815085
0.743744 0.82105
0.745746 0.827033
0.747748 0.833034
0.74975 0.839053
0.751752 0.845091
0.753754 0.851146
0.755756 0.857221
0.757758 0.863313
0.75976 0.869425
0.761762 0.875555
0.763764 0.881705
0.765766 0.887873
0.767768 0.894061
0.76977 0.900268
0.771772 0.906494
0.773774 0.912741
0.775776 0.919007
0.777778 0.925293
0.77978 0.931599
0.781782 0.937925
0.783784 0.944272
0.785786 0.950639
0.787788 0.957028
0.78979 0.963437
0.791792 0.969867
0.793794 0.976318
0.795796 0.982791
0.797798 0.989286
0.7998 0.995803
0.801802 1.00234
0.803804 1.0089
0.805806 1.01549
0.807808 1.02209
0.80981 1.02872
0.811812 1.03537
0.813814 1.04205
0.815816 1.04875
0.817818 1.05548
0.81982 1.06222
0.821822 1.069
0.823824 1.0758
0.825826 1.08262
0.827828 1.08947
0.82983 1.09635
0.831832 1.10325
0.833834 1.11018
0.835836 1.11714
0.837838 1.12412
0.83984 1.13114
0.841842 1.13818
0.843844 1.14525
0.845846 1.15235
0.847848 1.15949
0.84985 1.16665
0.851852 1.17385
0.853854 1.18108
0.855856 1.18834
0.857858 1.19564
0.85986 1.20297
0.861862 1.21034
0.863864 1.21775
0.865866 1.22519
0.867868 1.23267
0.86987 1.2402
0.871872 1.24776
0.873874 1.25537
0.875876 1.26303
0.877878 1.27072
0.87988 1.27847
0.881882 1.28627
0.883884 1.29411
0.885886 1.30201
0.887888 1.30996
0.88989 1.31797
0.891892 1.32603
0.893894 1.33416
0.895896 1.34235
0.897898 1.3506
0.8999 1.35893
0.901902 1.36732
0.903904 1.37579
0.905906 1.38433
0.907908 1.39296
0.90991 1.40166
0.911912 1.41046
0.913914 1.41935
0.915916 1.42833
0.917918 1.43741
0.91992 1.4466
0.921922 1.4559
0.923924 1.46531
0.925926 1.47483
0.927928 1.48449
0.92993 1.49428
0.931932 1.5042
0.933934 1.51427
0.935936 1.52449
0.937938 1.53486
0.93994 1.54541
0.941942 1.55612
0.943944 1.56702
0.945946 1.57812
0.947948 1.58941
0.94995 1.60092
0.951952 1.61264
0.953954 1.6246
0.955956 1.63681
0.957958 1.64927
0.95996 1.662
0.961962 1.67501
0.963964 1.68832
0.965966 1.70195
0.967968 1.7159
0.96997 1.73019
0.971972 1.74485
0.973974 1.75988
0.975976 1.77532
0.977978 1.79117
0.97998 1.80746
0.981982 1.82421
0.983984 1.84144
0.985986 1.85918
0.987988 1.87746
0.98999 1.89629
0.991992 1.91571
0.993994 1.93575
0.995996 1.95643
0.997998 1.97779
1 1.99986
