-1 -1.14145
-0.997998 -1.11437
-0.995996 -1.09107
-0.993994 -1.07098
-0.991992 -1.05359
-0.98999 -1.03847
-0.987988 -1.02527
-0.985986 -1.01369
-0.983984 -1.00347
-0.981982 -0.994409
-0.97998 -0.986327
-0.977978 -0.979076
-0.975976 -0.972532
-0.973974 -0.966592
-0.971972 -0.961169
-0.96997 -0.95619
-0.967968 -0.951596
-0.965966 -0.947335
-0.963964 -0.943365
-0.961962 -0.93965
-0.95996 -0.936162
-0.957958 -0.932874
-0.955956 -0.929766
-0.953954 -0.92682
-0.951952 -0.92402
-0.94995 -0.921355
-0.947948 -0.918812
-0.945946 -0.916383
-0.943944 -0.914059
-0.941942 -0.911833
-0.93994 -0.909699
-0.937938 -0.907651
-0.935936 -0.905684
-0.933934 -0.903794
-0.931932 -0.901977
-0.92993 -0.900229
-0.927928 -0.898547
-0.925926 -0.896927
-0.923924 -0.895368
-0.921922 -0.893866
-0.91992 -0.892419
-0.917918 -0.891024
-0.915916 -0.88968
-0.913914 -0.888384
-0.911912 -0.887135
-0.90991 -0.88593
-0.907908 -0.884768
-0.905906 -0.883648
-0.903904 -0.882567
-0.901902 -0.881524
-0.8999 -0.880519
-0.897898 -0.879548
-0.895896 -0.878612
-0.893894 -0.877709
-0.891892 -0.876838
-0.88989 -0.875997
-0.887888 -0.875186
-0.885886 -0.874403
-0.883884 -0.873648
-0.881882 -0.87292
-0.87988 -0.872217
-0.877878 -0.871539
-0.875876 -0.870886
-0.873874 -0.870255
-0.871872 -0.869647
-0.86987 -0.869061
-0.867868 -0.868496
-0.865866 -0.867951
-0.863864 -0.867426
-0.861862 -0.86692
-0.85986 -0.866432
-0.857858 -0.865963
-0.855856 -0.86551
-0.853854 -0.865075
-0.851852 -0.864655
-0.84985 -0.864252
-0.847848 -0.863864
-0.845846 -0.86349
-0.843844 -0.863131
-0.841842 -0.862785
-0.83984 -0.862453
-0.837838 -0.862135
-0.835836 -0.861828
-0.833834 -0.861534
-0.831832 -0.861252
-0.82983 -0.860981
-0.827828 -0.860722
-0.825826 -0.860473
-0.823824 -0.860235
-0.821822 -0.860007
-0.81982 -0.859788
-0.817818 -0.859579
-0.815816 -0.859379
-0.813814 -0.859188
-0.811812 -0.859006
-0.80981 -0.858832
-0.807808 -0.858666
-0.805806 -0.858508
-0.803804 -0.858358
-0.801802 -0.858214
-0.7998 -0.858078
-0.797798 -0.857949
-0.795796 -0.857826
-0.793794 -0.857709
-0.791792 -0.857599
-0.78979 -0.857495
-0.787788 -0.857396
-0.785786 -0.857303
-0.783784 -0.857215
-0.781782 -0.857132
-0.77978 -0.857054
-0.777778 -0.856981
-0.775776 -0.856912
-0.773774 -0.856848
-0.771772 -0.856787
-0.76977 -0.856731
-0.767768 -0.856679
-0.765766 -0.85663
-0.763764 -0.856585
-0.761762 -0.856543
-0.75976 -0.856505
-0.757758 -0.85647
-0.755756 -0.856437
-0.753754 -0.856407
-0.751752 -0.85638
-0.74975 -0.856355
-0.747748 -0.856333
-0.745746 -0.856313
-0.743744 -0.856295
-0.741742 -0.856279
-0.73974 -0.856265
-0.737738 -0.856252
-0.735736 -0.856242
-0.733734 -0.856232
-0.731732 -0.856224
-0.72973 -0.856217
-0.727728 -0.856212
-0.725726 -0.856207
-0.723724 -0.856203
-0.721722 -0.856201
-0.71972 -0.856198
-0.717718 -0.856197
-0.715716 -0.856196
-0.713714 -0.856195
-0.711712 -0.856195
-0.70971 -0.856195
-0.707708 -0.856194
-0.705706 -0.856194
-0.703704 -0.856194
-0.701702 -0.856194
-0.6997 -0.856194
-0.697698 -0.856193
-0.695696 -0.856192
-0.693694 -0.85619
-0.691692 -0.856188
-0.68969 -0.856185
-0.687688 -0.856181
-0.685686 -0.856177
-0.683684 -0.856171
-0.681682 -0.856165
-0.67968 -0.856158
-0.677678 -0.856149
-0.675676 -0.85614
-0.673674 -0.856129
-0.671672 -0.856116
-0.66967 -0.856103
-0.667668 -0.856088
-0.665666 -0.856071
-0.663664 -0.856053
-0.661662 -0.856033
-0.65966 -0.856011
-0.657658 -0.855988
-0.655656 -0.855963
-0.653654 -0.855935
-0.651652 -0.855906
-0.64965 -0.855875
-0.647648 -0.855842
-0.645646 -0.855806
-0.643644 -0.855769
-0.641642 -0.855729
-0.63964 -0.855687
-0.637638 -0.855642
-0.635636 -0.855595
-0.633634 -0.855546
-0.631632 -0.855494
-0.62963 -0.855439
-0.627628 -0.855382
-0.625626 -0.855322
-0.623624 -0.85526
-0.621622 -0.855194
-0.61962 -0.855126
-0.617618 -0.855055
-0.615616 -0.854981
-0.613614 -0.854904
-0.611612 -0.854824
-0.60961 -0.85474
-0.607608 -0.854654
-0.605606 -0.854565
-0.603604 -0.854472
-0.601602 -0.854376
-0.5996 -0.854277
-0.597598 -0.854175
-0.595596 -0.854069
-0.593594 -0.85396
-0.591592 -0.853847
-0.58959 -0.853731
-0.587588 -0.853611
-0.585586 -0.853488
-0.583584 -0.853361
-0.581582 -0.853231
-0.57958 -0.853097
-0.577578 -0.852959
-0.575576 -0.852817
-0.573574 -0.852671
-0.571572 -0.852522
-0.56957 -0.852369
-0.567568 -0.852212
-0.565566 -0.852051
-0.563564 -0.851886
-0.561562 -0.851717
-0.55956 -0.851544
-0.557558 -0.851367
-0.555556 -0.851185
-0.553554 -0.851
-0.551552 -0.85081
-0.54955 -0.850617
-0.547548 -0.850419
-0.545546 -0.850216
-0.543544 -0.85001
-0.541542 -0.849799
-0.53954 -0.849584
-0.537538 -0.849364
-0.535536 -0.84914
-0.533534 -0.848911
-0.531532 -0.848678
-0.52953 -0.848441
-0.527528 -0.848199
-0.525526 -0.847952
-0.523524 -0.847701
-0.521522 -0.847445
-0.51952 -0.847184
-0.517518 -0.846919
-0.515516 -0.846649
-0.513514 -0.846375
-0.511512 -0.846095
-0.50951 -0.845811
-0.507508 -0.845522
-0.505506 -0.845228
-0.503503 -0.84493
-0.501501 -0.844626
-0.499499 -0.844318
-0.497497 -0.844004
-0.495495 -0.843686
-0.493493 -0.843362
-0.491491 -0.843034
-0.489489 -0.842701
-0.487487 -0.842362
-0.485485 -0.842019
-0.483483 -0.84167
-0.481481 -0.841316
-0.479479 -0.840957
-0.477477 -0.840593
-0.475475 -0.840224
-0.473473 -0.839849
-0.471471 -0.83947
-0.469469 -0.839085
-0.467467 -0.838694
-0.465465 -0.838299
-0.463463 -0.837898
-0.461461 -0.837491
-0.459459 -0.83708
-0.457457 -0.836663
-0.455455 -0.83624
-0.453453 -0.835813
-0.451451 -0.835379
-0.449449 -0.83494
-0.447447 -0.834496
-0.445445 -0.834046
-0.443443 -0.833591
-0.441441 -0.83313
-0.439439 -0.832664
-0.437437 -0.832192
-0.435435 -0.831714
-0.433433 -0.831231
-0.431431 -0.830742
-0.429429 -0.830248
-0.427427 -0.829747
-0.425425 -0.829241
-0.423423 -0.82873
-0.421421 -0.828212
-0.419419 -0.827689
-0.417417 -0.82716
-0.415415 -0.826626
-0.413413 -0.826085
-0.411411 -0.825539
-0.409409 -0.824987
-0.407407 -0.824429
-0.405405 -0.823865
-0.403403 -0.823295
-0.401401 -0.82272
-0.399399 -0.822138
-0.397397 -0.821551
-0.395395 -0.820957
-0.393393 -0.820358
-0.391391 -0.819752
-0.389389 -0.819141
-0.387387 -0.818523
-0.385385 -0.8179
-0.383383 -0.81727
-0.381381 -0.816635
-0.379379 -0.815993
-0.377377 -0.815345
-0.375375 -0.814691
-0.373373 -0.814031
-0.371371 -0.813365
-0.369369 -0.812693
-0.367367 -0.812014
-0.365365 -0.81133
-0.363363 -0.810639
-0.361361 -0.809942
-0.359359 -0.809238
-0.357357 -0.808529
-0.355355 -0.807813
-0.353353 -0.807091
-0.351351 -0.806363
-0.349349 -0.805628
-0.347347 -0.804887
-0.345345 -0.80414
-0.343343 -0.803386
-0.341341 -0.802626
-0.339339 -0.80186
-0.337337 -0.801087
-0.335335 -0.800308
-0.333333 -0.799522
-0.331331 -0.79873
-0.329329 -0.797932
-0.327327 -0.797127
-0.325325 -0.796316
-0.323323 -0.795498
-0.321321 -0.794673
-0.319319 -0.793843
-0.317317 -0.793005
-0.315315 -0.792161
-0.313313 -0.791311
-0.311311 -0.790454
-0.309309 -0.789591
-0.307307 -0.788721
-0.305305 -0.787844
-0.303303 -0.786961
-0.301301 -0.786071
-0.299299 -0.785174
-0.297297 -0.784271
-0.295295 -0.783362
-0.293293 -0.782445
-0.291291 -0.781522
-0.289289 -0.780592
-0.287287 -0.779656
-0.285285 -0.778713
-0.283283 -0.777763
-0.281281 -0.776806
-0.279279 -0.775843
-0.277277 -0.774873
-0.275275 -0.773896
-0.273273 -0.772912
-0.271271 -0.771922
-0.269269 -0.770925
-0.267267 -0.769921
-0.265265 -0.76891
-0.263263 -0.767892
-0.261261 -0.766867
-0.259259 -0.765836
-0.257257 -0.764798
-0.255255 -0.763753
-0.253253 -0.762701
-0.251251 -0.761642
-0.249249 -0.760576
-0.247247 -0.759503
-0.245245 -0.758424
-0.243243 -0.757337
-0.241241 -0.756244
-0.239239 -0.755143
-0.237237 -0.754036
-0.235235 -0.752921
-0.233233 -0.7518
-0.231231 -0.750671
-0.229229 -0.749536
-0.227227 -0.748394
-0.225225 -0.747244
-0.223223 -0.746088
-0.221221 -0.744924
-0.219219 -0.743753
-0.217217 -0.742576
-0.215215 -0.741391
-0.213213 -0.740199
-0.211211 -0.739
-0.209209 -0.737794
-0.207207 -0.736581
-0.205205 -0.735361
-0.203203 -0.734133
-0.201201 -0.732898
-0.199199 -0.731657
-0.197197 -0.730408
-0.195195 -0.729152
-0.193193 -0.727888
-0.191191 -0.726618
-0.189189 -0.72534
-0.187187 -0.724055
-0.185185 -0.722763
-0.183183 -0.721464
-0.181181 -0.720157
-0.179179 -0.718843
-0.177177 -0.717522
-0.175175 -0.716194
-0.173173 -0.714858
-0.171171 -0.713515
-0.169169 -0.712165
-0.167167 -0.710807
-0.165165 -0.709442
-0.163163 -0.70807
-0.161161 -0.70669
-0.159159 -0.705304
-0.157157 -0.703909
-0.155155 -0.702508
-0.153153 -0.701099
-0.151151 -0.699682
-0.149149 -0.698259
-0.147147 -0.696827
-0.145145 -0.695389
-0.143143 -0.693943
-0.141141 -0.69249
-0.139139 -0.691029
-0.137137 -0.68956
-0.135135 -0.688085
-0.133133 -0.686601
-0.131131 -0.685111
-0.129129 -0.683613
-0.127127 -0.682107
-0.125125 -0.680594
-0.123123 -0.679073
-0.121121 -0.677545
-0.119119 -0.67601
-0.117117 -0.674466
-0.115115 -0.672916
-0.113113 -0.671357
-0.111111 -0.669792
-0.109109 -0.668218
-0.107107 -0.666637
-0.105105 -0.665049
-0.103103 -0.663453
-0.101101 -0.661849
-0.0990991 -0.660238
-0.0970971 -0.658619
-0.0950951 -0.656992
-0.0930931 -0.655358
-0.0910911 -0.653716
-0.0890891 -0.652067
-0.0870871 -0.65041
-0.0850851 -0.648745
-0.0830831 -0.647072
-0.0810811 -0.645392
-0.0790791 -0.643705
-0.0770771 -0.642009
-0.0750751 -0.640306
-0.0730731 -0.638595
-0.0710711 -0.636876
-0.0690691 -0.63515
-0.0670671 -0.633416
-0.0650651 -0.631674
-0.0630631 -0.629924
-0.0610611 -0.628167
-0.0590591 -0.626402
-0.0570571 -0.624629
-0.0550551 -0.622848
-0.0530531 -0.62106
-0.0510511 -0.619263
-0.049049 -0.617459
-0.047047 -0.615647
-0.045045 -0.613828
-0.043043 -0.612
-0.041041 -0.610165
-0.039039 -0.608321
-0.037037 -0.60647
-0.035035 -0.604611
-0.033033 -0.602744
-0.031031 -0.600869
-0.029029 -0.598987
-0.027027 -0.597096
-0.025025 -0.595198
-0.023023 -0.593291
-0.021021 -0.591377
-0.019019 -0.589455
-0.017017 -0.587525
-0.015015 -0.585586
-0.013013 -0.58364
-0.011011 -0.581686
-0.00900901 -0.579724
-0.00700701 -0.577754
-0.005005 -0.575776
-0.003003 -0.57379
-0.001001 -0.571796
0.001001 -0.569794
0.003003 -0.567784
0.005005 -0.565766
0.00700701 -0.56374
0.00900901 -0.561706
0.011011 -0.559664
0.013013 -0.557614
0.015015 -0.555555
0.017017 -0.553489
0.019019 -0.551414
0.021021 -0.549332
0.023023 -0.547241
0.025025 -0.545142
0.027027 -0.543036
0.029029 -0.540921
0.031031 -0.538797
0.033033 -0.536666
0.035035 -0.534527
0.037037 -0.532379
0.039039 -0.530223
0.041041 -0.528059
0.043043 -0.525887
0.045045 -0.523707
0.047047 -0.521518
0.049049 -0.519322
0.0510511 -0.517117
0.0530531 -0.514904
0.0550551 -0.512682
0.0570571 -0.510453
0.0590591 -0.508215
0.0610611 -0.505969
0.0630631 -0.503714
0.0650651 -0.501452
0.0670671 -0.499181
0.0690691 -0.496902
0.0710711 -0.494614
0.0730731 -0.492318
0.0750751 -0.490014
0.0770771 -0.487702
0.0790791 -0.485381
0.0810811 -0.483052
0.0830831 -0.480715
0.0850851 -0.478369
0.0870871 -0.476015
0.0890891 -0.473652
0.0910911 -0.471281
0.0930931 -0.468902
0.0950951 -0.466514
0.0970971 -0.464118
0.0990991 -0.461714
0.101101 -0.459301
0.103103 -0.456879
0.105105 -0.45445
0.107107 -0.452011
0.109109 -0.449565
0.111111 -0.44711
0.113113 -0.444646
0.115115 -0.442174
0.117117 -0.439693
0.119119 -0.437204
0.121121 -0.434707
0.123123 -0.432201
0.125125 -0.429686
0.127127 -0.427163
0.129129 -0.424631
0.131131 -0.422091
0.133133 -0.419542
0.135135 -0.416985
0.137137 -0.414419
0.139139 -0.411845
0.141141 -0.409262
0.143143 -0.40667
0.145145 -0.40407
0.147147 -0.401461
0.149149 -0.398843
0.151151 -0.396217
0.153153 -0.393582
0.155155 -0.390939
0.157157 -0.388287
0.159159 -0.385626
0.161161 -0.382956
0.163163 -0.380278
0.165165 -0.377591
0.167167 -0.374896
0.169169 -0.372192
0.171171 -0.369479
0.173173 -0.366757
0.175175 -0.364026
0.177177 -0.361287
0.179179 -0.358539
0.181181 -0.355783
0.183183 -0.353017
0.185185 -0.350243
0.187187 -0.34746
0.189189 -0.344668
0.191191 -0.341867
0.193193 -0.339057
0.195195 -0.336239
0.197197 -0.333412
0.199199 -0.330576
0.201201 -0.327731
0.203203 -0.324877
0.205205 -0.322014
0.207207 -0.319143
0.209209 -0.316262
0.211211 -0.313373
0.213213 -0.310474
0.215215 -0.307567
0.217217 -0.304651
0.219219 -0.301726
0.221221 -0.298792
0.223223 -0.295849
0.225225 -0.292896
0.227227 -0.289935
0.229229 -0.286965
0.231231 -0.283986
0.233233 -0.280998
0.235235 -0.278001
0.237237 -0.274995
0.239239 -0.27198
0.241241 -0.268955
0.243243 -0.265922
0.245245 -0.26288
0.247247 -0.259828
0.249249 -0.256767
0.251251 -0.253698
0.253253 -0.250619
0.255255 -0.247531
0.257257 -0.244434
0.259259 -0.241327
0.261261 -0.238212
0.263263 -0.235087
0.265265 -0.231954
0.267267 -0.228811
0.269269 -0.225658
0.271271 -0.222497
0.273273 -0.219326
0.275275 -0.216146
0.277277 -0.212957
0.279279 -0.209759
0.281281 -0.206551
0.283283 -0.203334
0.285285 -0.200108
0.287287 -0.196872
0.289289 -0.193627
0.291291 -0.190373
0.293293 -0.187109
0.295295 -0.183836
0.297297 -0.180554
0.299299 -0.177262
0.301301 -0.173961
0.303303 -0.17065
0.305305 -0.16733
0.307307 -0.164001
0.309309 -0.160662
0.311311 -0.157314
0.313313 -0.153956
0.315315 -0.150589
0.317317 -0.147212
0.319319 -0.143826
0.321321 -0.140431
0.323323 -0.137025
0.325325 -0.133611
0.327327 -0.130186
0.329329 -0.126752
0.331331 -0.123309
0.333333 -0.119856
0.335335 -0.116393
0.337337 -0.112921
0.339339 -0.109439
0.341341 -0.105947
0.343343 -0.102446
0.345345 -0.0989354
0.347347 -0.0954148
0.349349 -0.0918845
0.351351 -0.0883445
0.353353 -0.0847948
0.355355 -0.0812353
0.357357 -0.0776661
0.359359 -0.0740871
0.361361 -0.0704983
0.363363 -0.0668997
0.365365 -0.0632913
0.367367 -0.059673
0.369369 -0.0560449
0.371371 -0.0524069
0.373373 -0.048759
0.375375 -0.0451012
0.377377 -0.0414335
0.379379 -0.0377559
0.381381 -0.0340683
0.383383 -0.0303707
0.385385 -0.0266631
0.387387 -0.0229455
0.389389 -0.0192179
0.391391 -0.0154803
0.393393 -0.0117325
0.395395 -0.00797469
0.397397 -0.00420675
0.399399 -0.000428667
0.401401 0.00335957
0.403403 0.00715798
0.405405 0.0109666
0.407407 0.0147854
0.409409 0.0186145
0.411411 0.0224539
0.413413 0.0263036
0.415415 0.0301636
0.417417 0.0340339
0.419419 0.0379146
0.421421 0.0418058
0.423423 0.0457074
0.425425 0.0496194
0.427427 0.053542
0.429429 0.0574751
0.431431 0.0614188
0.433433 0.0653731
0.435435 0.069338
0.437437 0.0733137
0.439439 0.0773
0.441441 0.0812971
0.443443 0.085305
0.445445 0.0893238
0.447447 0.0933535
0.449449 0.0973941
0.451451 0.101446
0.453453 0.105508
0.455455 0.109582
0.457457 0.113667
0.459459 0.117763
0.461461 0.121871
0.463463 0.12599
0.465465 0.13012
0.467467 0.134262
0.469469 0.138415
0.471471 0.14258
0.473473 0.146757
0.475475 0.150946
0.477477 0.155146
0.479479 0.159359
0.481481 0.163583
0.483483 0.16782
0.485485 0.172069
0.487487 0.176331
0.489489 0.180605
0.491491 0.184892
0.493493 0.189192
0.495495 0.193504
0.497497 0.19783
0.499499 0.202169
0.501501 0.206522
0.503503 0.210888
0.505506 0.215268
0.507508 0.219663
0.50951 0.224071
0.511512 0.228494
0.513514 0.232931
0.515516 0.237383
0.517518 0.241851
0.51952 0.246334
0.521522 0.250833
0.523524 0.255347
0.525526 0.259878
0.527528 0.264426
0.52953 0.26899
0.531532 0.273572
0.533534 0.278172
0.535536 0.28279
0.537538 0.287426
0.53954 0.292082
0.541542 0.296756
0.543544 0.301451
0.545546 0.306167
0.547548 0.310903
0.54955 0.315662
0.551552 0.320442
0.553554 0.325246
0.555556 0.330073
0.557558 0.334924
0.55956 0.339801
0.561562 0.344703
0.563564 0.349632
0.565566 0.354589
0.567568 0.359575
0.56957 0.36459
0.571572 0.369636
0.573574 0.374714
0.575576 0.379825
0.577578 0.38497
0.57958 0.39015
0.581582 0.395367
0.583584 0.400623
0.585586 0.405918
0.587588 0.411255
0.58959 0.416635
0.591592 0.42206
0.593594 0.427532
0.595596 0.433052
0.597598 0.438623
0.5996 0.444248
0.601602 0.449927
0.603604 0.455665
0.605606 0.461463
0.607608 0.467324
0.60961 0.473251
0.611612 0.479247
0.613614 0.485315
0.615616 0.491458
0.617618 0.49768
0.61962 0.503986
0.621622 0.510377
0.623624 0.51686
0.625626 0.523437
0.627628 0.530114
0.62963 0.536896
0.631632 0.543787
0.633634 0.550792
0.635636 0.557919
0.637638 0.565171
0.63964 0.572556
0.641642 0.58008
0.643644 0.58775
0.645646 0.595573
0.647648 0.603557
0.64965 0.61171
0.651652 0.62004
0.653654 0.628557
0.655656 0.63727
0.657658 0.646188
0.65966 0.655321
0.661662 0.664682
0.663664 0.674282
0.665666 0.684132
0.667668 0.694245
0.66967 0.704635
0.671672 0.715316
0.673674 0.726303
0.675676 0.737611
0.677678 0.749258
0.67968 0.761259
0.681682 0.773634
0.683684 0.786402
0.685686 0.799583
0.687688 0.813198
0.68969 0.827269
0.691692 0.84182
0.693694 0.856877
0.695696 0.872464
0.697698 0.888609
0.6997 0.905341
0.701702 0.92269
0.703704 0.940689
0.705706 0.95937
0.707708 0.97877
0.70971 0.998924
0.711712 1.01987
0.713714 1.04166
0.715716 1.06432
0.717718 1.0879
0.71972 1.11246
0.721722 1.13804
0.723724 1.16469
0.725726 1.19247
0.727728 1.22145
0.72973 1.25167
0.731732 1.2832
0.733734 1.31612
0.735736 1.35049
0.737738 1.38639
0.73974 1.4239
0.741742 1.46309
0.743744 1.50407
0.745746 1.54692
0.747748 1.59173
0.74975 1.63861
0.751752 1.68766
0.753754 1.739
0.755756 1.79275
0.757758 1.84902
0.75976 1.90796
0.761762 1.96968
0.763764 2.03435
0.765766 2.10211
0.767768 2.17312
0.76977 2.24755
0.771772 2.32558
0.773774 2.40738
0.775776 2.49316
0.777778 2.58311
0.77978 2.67746
0.781782 2.77643
0.783784 2.88025
0.785786 2.98918
0.787788 3.10348
0.78979 3.22343
0.791792 3.3493
0.793794 3.48142
0.795796 3.6201
0.797798 3.76568
0.7998 3.91851
0.801802 4.07896
0.803804 4.24742
0.805806 4.42431
0.807808 4.61006
0.80981 4.80512
0.811812 5.00996
0.813814 5.2251
0.815816 5.45106
0.817818 5.68839
0.81982 5.93767
0.821822 6.19952
0.823824 6.47458
0.825826 6.76353
0.827828 7.06707
0.82983 7.38596
0.831832 7.72097
0.833834 8.07294
0.835836 8.44273
0.837838 8.83124
0.83984 9.23944
0.841842 9.66834
0.843844 10.119
0.845846 10.5925
0.847848 11.09
0.84985 11.6128
0.851852 12.1621
0.853854 12.7393
0.855856 13.3458
0.857858 13.9831
0.85986 14.6528
0.861862 15.3566
0.863864 16.096
0.865866 16.8731
0.867868 17.6896
0.86987 18.5477
0.871872 19.4493
0.873874 20.3968
0.875876 21.3924
0.877878 22.4386
0.87988 23.5379
0.881882 24.6931
0.883884 25.907
0.885886 27.1825
0.887888 28.5228
0.88989 29.9312
0.891892 31.411
0.893894 32.966
0.895896 34.5999
0.897898 36.3167
0.8999 38.1206
0.901902 40.0159
0.903904 42.0073
0.905906 44.0996
0.907908 46.298
0.90991 48.6077
0.911912 51.0343
0.913914 53.5837
0.915916 56.2621
0.917918 59.0759
0.91992 62.032
0.921922 65.1374
0.923924 68.3996
0.925926 71.8265
0.927928 75.4263
0.92993 79.2076
0.931932 83.1795
0.933934 87.3514
0.935936 91.7333
0.937938 96.3357
0.93994 101.169
0.941942 106.246
0.943944 111.577
0.945946 117.176
0.947948 123.056
0.94995 129.23
0.951952 135.714
0.953954 142.521
0.955956 149.669
0.957958 157.174
0.95996 165.053
0.961962 173.325
0.963964 182.009
0.965966 191.125
0.967968 200.694
0.96997 210.738
0.971972 221.281
0.973974 232.346
0.975976 243.958
0.977978 256.145
0.97998 268.934
0.981982 282.354
0.983984 296.436
0.985986 311.21
0.987988 326.711
0.98999 342.973
0.991992 360.033
0.993994 377.928
0.995996 396.699
0.997998 416.387
1 437.036
