-1 -1.14145
-0.997998 -1.13764
-0.995996 -1.13386
-0.993994 -1.1301
-0.991992 -1.12636
-0.98999 -1.12264
-0.987988 -1.11895
-0.985986 -1.11528
-0.983984 -1.11163
-0.981982 -1.108
-0.97998 -1.1044
-0.977978 -1.10082
-0.975976 -1.09726
-0.973974 -1.09373
-0.971972 -1.09021
-0.96997 -1.08672
-0.967968 -1.08326
-0.965966 -1.07981
-0.963964 -1.07639
-0.961962 -1.07299
-0.95996 -1.06961
-0.957958 -1.06626
-0.955956 -1.06293
-0.953954 -1.05962
-0.951952 -1.05633
-0.94995 -1.05307
-0.947948 -1.04983
-0.945946 -1.04661
-0.943944 -1.04341
-0.941942 -1.04024
-0.93994 -1.03709
-0.937938 -1.03396
-0.935936 -1.03085
-0.933934 -1.02777
-0.931932 -1.02471
-0.92993 -1.02167
-0.927928 -1.01866
-0.925926 -1.01566
-0.923924 -1.01269
-0.921922 -1.00975
-0.91992 -1.00682
-0.917918 -1.00392
-0.915916 -1.00104
-0.913914 -0.998183
-0.911912 -0.995349
-0.90991 -0.992538
-0.907908 -0.989749
-0.905906 -0.986982
-0.903904 -0.984239
-0.901902 -0.981517
-0.8999 -0.978819
-0.897898 -0.976143
-0.895896 -0.97349
-0.893894 -0.970859
-0.891892 -0.968251
-0.88989 -0.965666
-0.887888 -0.963103
-0.885886 -0.960563
-0.883884 -0.958045
-0.881882 -0.95555
-0.87988 -0.953078
-0.877878 -0.950628
-0.875876 -0.948201
-0.873874 -0.945797
-0.871872 -0.943415
-0.86987 -0.941056
-0.867868 -0.938719
-0.865866 -0.936405
-0.863864 -0.934114
-0.861862 -0.931845
-0.85986 -0.929599
-0.857858 -0.927375
-0.855856 -0.925174
-0.853854 -0.922996
-0.851852 -0.92084
-0.84985 -0.918707
-0.847848 -0.916597
-0.845846 -0.914509
-0.843844 -0.912444
-0.841842 -0.910401
-0.83984 -0.908381
-0.837838 -0.906384
-0.835836 -0.904409
-0.833834 -0.902457
-0.831832 -0.900527
-0.82983 -0.898621
-0.827828 -0.896736
-0.825826 -0.894875
-0.823824 -0.893036
-0.821822 -0.891219
-0.81982 -0.889425
-0.817818 -0.887654
-0.815816 -0.885906
-0.813814 -0.88418
-0.811812 -0.882476
-0.80981 -0.880796
-0.807808 -0.879138
-0.805806 -0.877502
-0.803804 -0.875889
-0.801802 -0.874299
-0.7998 -0.872731
-0.797798 -0.871187
-0.795796 -0.869664
-0.793794 -0.868164
-0.791792 -0.866687
-0.78979 -0.865233
-0.787788 -0.863801
-0.785786 -0.862392
-0.783784 -0.861005
-0.781782 -0.859641
-0.77978 -0.858299
-0.777778 -0.856981
-0.775776 -0.855684
-0.773774 -0.854411
-0.771772 -0.85316
-0.76977 -0.851931
-0.767768 -0.850726
-0.765766 -0.849543
-0.763764 -0.848382
-0.761762 -0.847244
-0.75976 -0.846129
-0.757758 -0.845036
-0.755756 -0.843966
-0.753754 -0.842919
-0.751752 -0.841894
-0.74975 -0.840892
-0.747748 -0.839913
-0.745746 -0.838956
-0.743744 -0.838021
-0.741742 -0.83711
-0.73974 -0.836221
-0.737738 -0.835354
-0.735736 -0.83451
-0.733734 -0.833689
-0.731732 -0.83289
-0.72973 -0.832114
-0.727728 -0.831361
-0.725726 -0.83063
-0.723724 -0.829922
-0.721722 -0.829237
-0.71972 -0.828574
-0.717718 -0.827934
-0.715716 -0.827316
-0.713714 -0.826721
-0.711712 -0.826148
-0.70971 -0.825599
-0.707708 -0.825071
-0.705706 -0.824567
-0.703704 -0.824085
-0.701702 -0.823626
-0.6997 -0.823189
-0.697698 -0.822775
-0.695696 -0.822383
-0.693694 -0.822014
-0.691692 -0.821668
-0.68969 -0.821345
-0.687688 -0.821044
-0.685686 -0.820765
-0.683684 -0.820509
-0.681682 -0.820276
-0.67968 -0.820066
-0.677678 -0.819878
-0.675676 -0.819712
-0.673674 -0.81957
-0.671672 -0.81945
-0.66967 -0.819352
-0.667668 -0.819277
-0.665666 -0.819225
-0.663664 -0.819196
-0.661662 -0.819189
-0.65966 -0.819204
-0.657658 -0.819243
-0.655656 -0.819303
-0.653654 -0.819387
-0.651652 -0.819493
-0.64965 -0.819622
-0.647648 -0.819773
-0.645646 -0.819947
-0.643644 -0.820144
-0.641642 -0.820363
-0.63964 -0.820605
-0.637638 -0.820869
-0.635636 -0.821156
-0.633634 -0.821466
-0.631632 -0.821798
-0.62963 -0.822153
-0.627628 -0.822531
-0.625626 -0.822931
-0.623624 -0.823354
-0.621622 -0.823799
-0.61962 -0.824267
-0.617618 -0.824758
-0.615616 -0.825271
-0.613614 -0.825807
-0.611612 -0.826365
-0.60961 -0.826946
-0.607608 -0.82755
-0.605606 -0.828176
-0.603604 -0.828825
-0.601602 -0.829497
-0.5996 -0.830191
-0.597598 -0.830908
-0.595596 -0.831647
-0.593594 -0.832409
-0.591592 -0.833194
-0.58959 -0.834001
-0.587588 -0.834831
-0.585586 -0.835684
-0.583584 -0.836559
-0.581582 -0.837456
-0.57958 -0.838377
-0.577578 -0.83932
-0.575576 -0.840285
-0.573574 -0.841274
-0.571572 -0.842284
-0.56957 -0.843318
-0.567568 -0.844374
-0.565566 -0.845453
-0.563564 -0.846554
-0.561562 -0.847678
-0.55956 -0.848824
-0.557558 -0.849994
-0.555556 -0.851185
-0.553554 -0.851068
-0.551552 -0.850945
-0.54955 -0.850815
-0.547548 -0.85068
-0.545546 -0.850537
-0.543544 -0.850389
-0.541542 -0.850234
-0.53954 -0.850072
-0.537538 -0.849905
-0.535536 -0.849731
-0.533534 -0.84955
-0.531532 -0.849364
-0.52953 -0.849171
-0.527528 -0.848971
-0.525526 -0.848766
-0.523524 -0.848554
-0.521522 -0.848335
-0.51952 -0.848111
-0.517518 -0.84788
-0.515516 -0.847643
-0.513514 -0.847399
-0.511512 -0.847149
-0.50951 -0.846892
-0.507508 -0.84663
-0.505506 -0.846361
-0.503503 -0.846085
-0.501501 -0.845804
-0.499499 -0.845516
-0.497497 -0.845221
-0.495495 -0.844921
-0.493493 -0.844614
-0.491491 -0.8443
-0.489489 -0.843981
-0.487487 -0.843655
-0.485485 -0.843322
-0.483483 -0.842983
-0.481481 -0.842638
-0.479479 -0.842287
-0.477477 -0.841929
-0.475475 -0.841565
-0.473473 -0.841195
-0.471471 -0.840818
-0.469469 -0.840435
-0.467467 -0.840046
-0.465465 -0.83965
-0.463463 -0.839248
-0.461461 -0.838839
-0.459459 -0.838425
-0.457457 -0.838004
-0.455455 -0.837576
-0.453453 -0.837142
-0.451451 -0.836702
-0.449449 -0.836256
-0.447447 -0.835803
-0.445445 -0.835344
-0.443443 -0.834879
-0.441441 -0.834407
-0.439439 -0.833929
-0.437437 -0.833444
-0.435435 -0.832954
-0.433433 -0.832456
-0.431431 -0.831953
-0.429429 -0.831443
-0.427427 -0.830927
-0.425425 -0.830405
-0.423423 -0.829876
-0.421421 -0.829341
-0.419419 -0.828799
-0.417417 -0.828251
-0.415415 -0.827697
-0.413413 -0.827137
-0.411411 -0.82657
-0.409409 -0.825997
-0.407407 -0.825417
-0.405405 -0.824832
-0.403403 -0.824239
-0.401401 -0.823641
-0.399399 -0.823036
-0.397397 -0.822425
-0.395395 -0.821807
-0.393393 -0.821184
-0.391391 -0.820553
-0.389389 -0.819917
-0.387387 -0.819274
-0.385385 -0.818625
-0.383383 -0.817969
-0.381381 -0.817307
-0.379379 -0.816639
-0.377377 -0.815965
-0.375375 -0.815284
-0.373373 -0.814597
-0.371371 -0.813903
-0.369369 -0.813203
-0.367367 -0.812497
-0.365365 -0.811785
-0.363363 -0.811066
-0.361361 -0.81034
-0.359359 -0.809609
-0.357357 -0.808871
-0.355355 -0.808127
-0.353353 -0.807376
-0.351351 -0.806619
-0.349349 -0.805856
-0.347347 -0.805087
-0.345345 -0.804311
-0.343343 -0.803528
-0.341341 -0.80274
-0.339339 -0.801945
-0.337337 -0.801144
-0.335335 -0.800336
-0.333333 -0.799522
-0.331331 -0.798702
-0.329329 -0.797875
-0.327327 -0.797042
-0.325325 -0.796203
-0.323323 -0.795357
-0.321321 -0.794506
-0.319319 -0.793647
-0.317317 -0.792783
-0.315315 -0.791912
-0.313313 -0.791034
-0.311311 -0.790151
-0.309309 -0.789261
-0.307307 -0.788365
-0.305305 -0.787462
-0.303303 -0.786553
-0.301301 -0.785638
-0.299299 -0.784716
-0.297297 -0.783788
-0.295295 -0.782854
-0.293293 -0.781913
-0.291291 -0.780966
-0.289289 -0.780013
-0.287287 -0.779053
-0.285285 -0.778087
-0.283283 -0.777115
-0.281281 -0.776136
-0.279279 -0.775151
-0.277277 -0.77416
-0.275275 -0.773162
-0.273273 -0.772158
-0.271271 -0.771148
-0.269269 -0.770131
-0.267267 -0.769108
-0.265265 -0.768079
-0.263263 -0.767043
-0.261261 -0.766001
-0.259259 -0.764953
-0.257257 -0.763898
-0.255255 -0.762837
-0.253253 -0.76177
-0.251251 -0.760696
-0.249249 -0.759616
-0.247247 -0.75853
-0.245245 -0.757437
-0.243243 -0.756338
-0.241241 -0.755232
-0.239239 -0.754121
-0.237237 -0.753003
-0.235235 -0.751878
-0.233233 -0.750748
-0.231231 -0.74961
-0.229229 -0.748467
-0.227227 -0.747317
-0.225225 -0.746161
-0.223223 -0.744999
-0.221221 -0.74383
-0.219219 -0.742655
-0.217217 -0.741474
-0.215215 -0.740286
-0.213213 -0.739092
-0.211211 -0.737891
-0.209209 -0.736685
-0.207207 -0.735472
-0.205205 -0.734252
-0.203203 -0.733026
-0.201201 -0.731794
-0.199199 -0.730556
-0.197197 -0.729311
-0.195195 -0.72806
-0.193193 -0.726802
-0.191191 -0.725539
-0.189189 -0.724269
-0.187187 -0.722992
-0.185185 -0.721709
-0.183183 -0.72042
-0.181181 -0.719125
-0.179179 -0.717823
-0.177177 -0.716515
-0.175175 -0.7152
-0.173173 -0.713879
-0.171171 -0.712552
-0.169169 -0.711219
-0.167167 -0.709879
-0.165165 -0.708533
-0.163163 -0.70718
-0.161161 -0.705822
-0.159159 -0.704456
-0.157157 -0.703085
-0.155155 -0.701707
-0.153153 -0.700323
-0.151151 -0.698932
-0.149149 -0.697536
-0.147147 -0.696132
-0.145145 -0.694723
-0.143143 -0.693307
-0.141141 -0.691885
-0.139139 -0.690456
-0.137137 -0.689021
-0.135135 -0.68758
-0.133133 -0.686133
-0.131131 -0.684679
-0.129129 -0.683219
-0.127127 -0.681752
-0.125125 -0.680279
-0.123123 -0.6788
-0.121121 -0.677314
-0.119119 -0.675823
-0.117117 -0.674324
-0.115115 -0.67282
-0.113113 -0.671309
-0.111111 -0.669792
-0.109109 -0.668252
-0.107107 -0.666705
-0.105105 -0.665148
-0.103103 -0.663583
-0.101101 -0.66201
-0.0990991 -0.660428
-0.0970971 -0.658838
-0.0950951 -0.65724
-0.0930931 -0.655632
-0.0910911 -0.654017
-0.0890891 -0.652392
-0.0870871 -0.65076
-0.0850851 -0.649119
-0.0830831 -0.647469
-0.0810811 -0.645811
-0.0790791 -0.644144
-0.0770771 -0.642469
-0.0750751 -0.640785
-0.0730731 -0.639093
-0.0710711 -0.637393
-0.0690691 -0.635684
-0.0670671 -0.633966
-0.0650651 -0.63224
-0.0630631 -0.630506
-0.0610611 -0.628763
-0.0590591 -0.627011
-0.0570571 -0.625251
-0.0550551 -0.623483
-0.0530531 -0.621706
-0.0510511 -0.61992
-0.049049 -0.618126
-0.047047 -0.616324
-0.045045 -0.614513
-0.043043 -0.612693
-0.041041 -0.610866
-0.039039 -0.609029
-0.037037 -0.607184
-0.035035 -0.605331
-0.033033 -0.603469
-0.031031 -0.601599
-0.029029 -0.59972
-0.027027 -0.597833
-0.025025 -0.595937
-0.023023 -0.594032
-0.021021 -0.59212
-0.019019 -0.590198
-0.017017 -0.588269
-0.015015 -0.58633
-0.013013 -0.584384
-0.011011 -0.582428
-0.00900901 -0.580465
-0.00700701 -0.578493
-0.005005 -0.576512
-0.003003 -0.574523
-0.001001 -0.572525
0.001001 -0.570519
0.003003 -0.568504
0.005005 -0.566481
0.00700701 -0.56445
0.00900901 -0.562409
0.011011 -0.560361
0.013013 -0.558304
0.015015 -0.556238
0.017017 -0.554164
0.019019 -0.552082
0.021021 -0.549991
0.023023 -0.547891
0.025025 -0.545783
0.027027 -0.543667
0.029029 -0.541542
0.031031 -0.539408
0.033033 -0.537266
0.035035 -0.535116
0.037037 -0.532957
0.039039 -0.530789
0.041041 -0.528614
0.043043 -0.526429
0.045045 -0.524236
0.047047 -0.522035
0.049049 -0.519825
0.0510511 -0.517607
0.0530531 -0.51538
0.0550551 -0.513145
0.0570571 -0.510901
0.0590591 -0.508649
0.0610611 -0.506388
0.0630631 -0.504118
0.0650651 -0.501841
0.0670671 -0.499554
0.0690691 -0.49726
0.0710711 -0.494957
0.0730731 -0.492645
0.0750751 -0.490325
0.0770771 -0.487996
0.0790791 -0.485659
0.0810811 -0.483313
0.0830831 -0.480959
0.0850851 -0.478596
0.0870871 -0.476225
0.0890891 -0.473846
0.0910911 -0.471457
0.0930931 -0.469061
0.0950951 -0.466656
0.0970971 -0.464242
0.0990991 -0.46182
0.101101 -0.45939
0.103103 -0.456951
0.105105 -0.454503
0.107107 -0.452047
0.109109 -0.449583
0.111111 -0.44711
0.113113 -0.444628
0.115115 -0.442138
0.117117 -0.43964
0.119119 -0.437133
0.121121 -0.434617
0.123123 -0.432094
0.125125 -0.429561
0.127127 -0.42702
0.129129 -0.424471
0.131131 -0.421913
0.133133 -0.419347
0.135135 -0.416772
0.137137 -0.414189
0.139139 -0.411597
0.141141 -0.408996
0.143143 -0.406388
0.145145 -0.40377
0.147147 -0.401145
0.149149 -0.39851
0.151151 -0.395868
0.153153 -0.393216
0.155155 -0.390557
0.157157 -0.387888
0.159159 -0.385212
0.161161 -0.382527
0.163163 -0.379833
0.165165 -0.377131
0.167167 -0.37442
0.169169 -0.371701
0.171171 -0.368973
0.173173 -0.366237
0.175175 -0.363493
0.177177 -0.36074
0.179179 -0.357978
0.181181 -0.355208
0.183183 -0.352429
0.185185 -0.349642
0.187187 -0.346847
0.189189 -0.344043
0.191191 -0.34123
0.193193 -0.338409
0.195195 -0.33558
0.197197 -0.332742
0.199199 -0.329896
0.201201 -0.327041
0.203203 -0.324177
0.205205 -0.321305
0.207207 -0.318425
0.209209 -0.315536
0.211211 -0.312639
0.213213 -0.309733
0.215215 -0.306818
0.217217 -0.303896
0.219219 -0.300964
0.221221 -0.298024
0.223223 -0.295076
0.225225 -0.292119
0.227227 -0.289154
0.229229 -0.28618
0.231231 -0.283198
0.233233 -0.280207
0.235235 -0.277208
0.237237 -0.2742
0.239239 -0.271184
0.241241 -0.26816
0.243243 -0.265126
0.245245 -0.262085
0.247247 -0.259035
0.249249 -0.255976
0.251251 -0.252909
0.253253 -0.249833
0.255255 -0.246749
0.257257 -0.243656
0.259259 -0.240555
0.261261 -0.237446
0.263263 -0.234328
0.265265 -0.231201
0.267267 -0.228066
0.269269 -0.224923
0.271271 -0.221771
0.273273 -0.21861
0.275275 -0.215441
0.277277 -0.212264
0.279279 -0.209078
0.281281 -0.205883
0.283283 -0.20268
0.285285 -0.199469
0.287287 -0.196249
0.289289 -0.193021
0.291291 -0.189784
0.293293 -0.186538
0.295295 -0.183284
0.297297 -0.180022
0.299299 -0.176751
0.301301 -0.173472
0.303303 -0.170184
0.305305 -0.166888
0.307307 -0.163583
0.309309 -0.16027
0.311311 -0.156948
0.313313 -0.153618
0.315315 -0.150279
0.317317 -0.146932
0.319319 -0.143576
0.321321 -0.140212
0.323323 -0.136839
0.325325 -0.133458
0.327327 -0.130068
0.329329 -0.12667
0.331331 -0.123263
0.333333 -0.119848
0.335335 -0.116501
0.337337 -0.113141
0.339339 -0.109769
0.341341 -0.106384
0.343343 -0.102988
0.345345 -0.0995784
0.347347 -0.0961571
0.349349 -0.0927234
0.351351 -0.0892773
0.353353 -0.085819
0.355355 -0.0823484
0.357357 -0.0788655
0.359359 -0.0753702
0.361361 -0.0718626
0.363363 -0.0683428
0.365365 -0.0648106
0.367367 -0.0612661
0.369369 -0.0577093
0.371371 -0.0541402
0.373373 -0.0505588
0.375375 -0.0469651
0.377377 -0.043359
0.379379 -0.0397407
0.381381 -0.0361101
0.383383 -0.0324671
0.385385 -0.0288118
0.387387 -0.0251442
0.389389 -0.0214644
0.391391 -0.0177722
0.393393 -0.0140676
0.395395 -0.0103508
0.397397 -0.00662171
0.399399 -0.00288027
0.401401 0.000873472
0.403403 0.00463953
0.405405 0.00841789
0.407407 0.0122086
0.409409 0.0160115
0.411411 0.0198268
0.413413 0.0236544
0.415415 0.0274943
0.417417 0.0313466
0.419419 0.0352111
0.421421 0.0390879
0.423423 0.0429771
0.425425 0.0468785
0.427427 0.0507923
0.429429 0.0547184
0.431431 0.0586568
0.433433 0.0626074
0.435435 0.0665704
0.437437 0.0705458
0.439439 0.0745334
0.441441 0.0785333
0.443443 0.0825455
0.445445 0.0865701
0.447447 0.090607
0.449449 0.0946561
0.451451 0.0987176
0.453453 0.102791
0.455455 0.106877
0.457457 0.110976
0.459459 0.115087
0.461461 0.11921
0.463463 0.123345
0.465465 0.127493
0.467467 0.131653
0.469469 0.135825
0.471471 0.140009
0.473473 0.144206
0.475475 0.148415
0.477477 0.152637
0.479479 0.156871
0.481481 0.161117
0.483483 0.165375
0.485485 0.169646
0.487487 0.173929
0.489489 0.178224
0.491491 0.182532
0.493493 0.186852
0.495495 0.191184
0.497497 0.195529
0.499499 0.199886
0.501501 0.204255
0.503503 0.208637
0.505506 0.21303
0.507508 0.217437
0.50951 0.221855
0.511512 0.226286
0.513514 0.230729
0.515516 0.235184
0.517518 0.239652
0.51952 0.244132
0.521522 0.248624
0.523524 0.253129
0.525526 0.257646
0.527528 0.262175
0.52953 0.266716
0.531532 0.27127
0.533534 0.275836
0.535536 0.280415
0.537538 0.285006
0.53954 0.289609
0.541542 0.294224
0.543544 0.298852
0.545546 0.303492
0.547548 0.308144
0.54955 0.312809
0.551552 0.317486
0.553554 0.322175
0.555556 0.326877
0.557558 0.33159
0.55956 0.336317
0.561562 0.341055
0.563564 0.345806
0.565566 0.350569
0.567568 0.355344
0.56957 0.360132
0.571572 0.364932
0.573574 0.369745
0.575576 0.374569
0.577578 0.379406
0.57958 0.384255
0.581582 0.389117
0.583584 0.393991
0.585586 0.398877
0.587588 0.403776
0.58959 0.408686
0.591592 0.41361
0.593594 0.418545
0.595596 0.423493
0.597598 0.428453
0.5996 0.433425
0.601602 0.43841
0.603604 0.443407
0.605606 0.448416
0.607608 0.453438
0.60961 0.458472
0.611612 0.463518
0.613614 0.468576
0.615616 0.473647
0.617618 0.47873
0.61962 0.483826
0.621622 0.488934
0.623624 0.494054
0.625626 0.499186
0.627628 0.504331
0.62963 0.509488
0.631632 0.514657
0.633634 0.519839
0.635636 0.525033
0.637638 0.530239
0.63964 0.535457
0.641642 0.540688
0.643644 0.545931
0.645646 0.551187
0.647648 0.556455
0.64965 0.561735
0.651652 0.567027
0.653654 0.572332
0.655656 0.577649
0.657658 0.582978
0.65966 0.58832
0.661662 0.593674
0.663664 0.59904
0.665666 0.604419
0.667668 0.60981
0.66967 0.615213
0.671672 0.620628
0.673674 0.626056
0.675676 0.631496
0.677678 0.636949
0.67968 0.642413
0.681682 0.64789
0.683684 0.65338
0.685686 0.658881
0.687688 0.664395
0.68969 0.669922
0.691692 0.67546
0.693694 0.681011
0.695696 0.686574
0.697698 0.69215
0.6997 0.697738
0.701702 0.703338
0.703704 0.70895
0.705706 0.714575
0.707708 0.720212
0.70971 0.725862
0.711712 0.731523
0.713714 0.737197
0.715716 0.742884
0.717718 0.748582
0.71972 0.754293
0.721722 0.760016
0.723724 0.765752
0.725726 0.7715
0.727728 0.77726
0.72973 0.783032
0.731732 0.788817
0.733734 0.794614
0.735736 0.800424
0.737738 0.806245
0.73974 0.812079
0.741742 0.817926
0.743744 0.823784
0.745746 0.829655
0.747748 0.835539
0.74975 0.841434
0.751752 0.847342
0.753754 0.853262
0.755756 0.859195
0.757758 0.865139
0.75976 0.871097
0.761762 0.877066
0.763764 0.883048
0.765766 0.889042
0.767768 0.895048
0.76977 0.901067
0.771772 0.907098
0.773774 0.913141
0.775776 0.919197
0.777778 0.925264
0.77978 0
0.781782 0
0.783784 0
0.785786 0
0.787788 0
0.78979 0
0.791792 0
0.793794 0
0.795796 0
0.797798 0
0.7998 0
0.801802 0
0.803804 0
0.805806 0
0.807808 0
0.80981 0
0.811812 0
0.813814 0
0.815816 0
0.817818 0
0.81982 0
0.821822 0
0.823824 0
0.825826 0
0.827828 0
0.82983 0
0.831832 0
0.833834 0
0.835836 0
0.837838 0
0.83984 0
0.841842 0
0.843844 0
0.845846 0
0.847848 0
0.84985 0
0.851852 0
0.853854 0
0.855856 0
0.857858 0
0.85986 0
0.861862 0
0.863864 0
0.865866 0
0.867868 0
0.86987 0
0.871872 0
0.873874 0
0.875876 0
0.877878 0
0.87988 0
0.881882 0
0.883884 0
0.885886 0
0.887888 0
0.88989 0
0.891892 0
0.893894 0
0.895896 0
0.897898 0
0.8999 0
0.901902 0
0.903904 0
0.905906 0
0.907908 0
0.90991 0
0.911912 0
0.913914 0
0.915916 0
0.917918 0
0.91992 0
0.921922 0
0.923924 0
0.925926 0
0.927928 0
0.92993 0
0.931932 0
0.933934 0
0.935936 0
0.937938 0
0.93994 0
0.941942 0
0.943944 0
0.945946 0
0.947948 0
0.94995 0
0.951952 0
0.953954 0
0.955956 0
0.957958 0
0.95996 0
0.961962 0
0.963964 0
0.965966 0
0.967968 0
0.96997 0
0.971972 0
0.973974 0
0.975976 0
0.977978 0
0.97998 0
0.981982 0
0.983984 0
0.985986 0
0.987988 0
0.98999 0
0.991992 0
0.993994 0
0.995996 0
0.997998 0
1 0
