-1 -1.14145
-0.997998 -1.12941
-0.995996 -1.11764
-0.993994 -1.10614
-0.991992 -1.09493
-0.98999 -1.08399
-0.987988 -1.07332
-0.985986 -1.06293
-0.983984 -1.05282
-0.981982 -1.04298
-0.97998 -1.03342
-0.977978 -1.02413
-0.975976 -1.01512
-0.973974 -1.00638
-0.971972 -0.997926
-0.96997 -0.989743
-0.967968 -0.981836
-0.965966 -0.974205
-0.963964 -0.966849
-0.961962 -0.95977
-0.95996 -0.952967
-0.957958 -0.946439
-0.955956 -0.940187
-0.953954 -0.934211
-0.951952 -0.928511
-0.94995 -0.923087
-0.947948 -0.917938
-0.945946 -0.913066
-0.943944 -0.908469
-0.941942 -0.904149
-0.93994 -0.900104
-0.937938 -0.896335
-0.935936 -0.892841
-0.933934 -0.889624
-0.931932 -0.886683
-0.92993 -0.884017
-0.927928 -0.881627
-0.925926 -0.879513
-0.923924 -0.877675
-0.921922 -0.876113
-0.91992 -0.874827
-0.917918 -0.873817
-0.915916 -0.873082
-0.913914 -0.872623
-0.911912 -0.87244
-0.90991 -0.872534
-0.907908 -0.872902
-0.905906 -0.873547
-0.903904 -0.874468
-0.901902 -0.875664
-0.8999 -0.877137
-0.897898 -0.878885
-0.895896 -0.878708
-0.893894 -0.877916
-0.891892 -0.877139
-0.88989 -0.876377
-0.887888 -0.875631
-0.885886 -0.8749
-0.883884 -0.874184
-0.881882 -0.873484
-0.87988 -0.872799
-0.877878 -0.872129
-0.875876 -0.871474
-0.873874 -0.870834
-0.871872 -0.87021
-0.86987 -0.869601
-0.867868 -0.869007
-0.865866 -0.868429
-0.863864 -0.867865
-0.861862 -0.867317
-0.85986 -0.866784
-0.857858 -0.866267
-0.855856 -0.865765
-0.853854 -0.865278
-0.851852 -0.864806
-0.84985 -0.864349
-0.847848 -0.863908
-0.845846 -0.863482
-0.843844 -0.863071
-0.841842 -0.862676
-0.83984 -0.862295
-0.837838 -0.86193
-0.835836 -0.86158
-0.833834 -0.861246
-0.831832 -0.860927
-0.82983 -0.860623
-0.827828 -0.860334
-0.825826 -0.86006
-0.823824 -0.859802
-0.821822 -0.859559
-0.81982 -0.859331
-0.817818 -0.859119
-0.815816 -0.858921
-0.813814 -0.858739
-0.811812 -0.858572
-0.80981 -0.858421
-0.807808 -0.858285
-0.805806 -0.858163
-0.803804 -0.858058
-0.801802 -0.857967
-0.7998 -0.857892
-0.797798 -0.857832
-0.795796 -0.857787
-0.793794 -0.857726
-0.791792 -0.857644
-0.78979 -0.857564
-0.787788 -0.857486
-0.785786 -0.85741
-0.783784 -0.857336
-0.781782 -0.857264
-0.77978 -0.857194
-0.777778 -0.857126
-0.775776 -0.857061
-0.773774 -0.856997
-0.771772 -0.856936
-0.76977 -0.856877
-0.767768 -0.856819
-0.765766 -0.856764
-0.763764 -0.856711
-0.761762 -0.85666
-0.75976 -0.856612
-0.757758 -0.856565
-0.755756 -0.85652
-0.753754 -0.856478
-0.751752 -0.856437
-0.74975 -0.856399
-0.747748 -0.856363
-0.745746 -0.856328
-0.743744 -0.856296
-0.741742 -0.856266
-0.73974 -0.856238
-0.737738 -0.856212
-0.735736 -0.856189
-0.733734 -0.856167
-0.731732 -0.856148
-0.72973 -0.85613
-0.727728 -0.856115
-0.725726 -0.856101
-0.723724 -0.85609
-0.721722 -0.856081
-0.71972 -0.856074
-0.717718 -0.856069
-0.715716 -0.856066
-0.713714 -0.856066
-0.711712 -0.856067
-0.70971 -0.85607
-0.707708 -0.856076
-0.705706 -0.856084
-0.703704 -0.856093
-0.701702 -0.856105
-0.6997 -0.856119
-0.697698 -0.856135
-0.695696 -0.856153
-0.693694 -0.856173
-0.691692 -0.856192
-0.68969 -0.856201
-0.687688 -0.856208
-0.685686 -0.856212
-0.683684 -0.856214
-0.681682 -0.856214
-0.67968 -0.856212
-0.677678 -0.856207
-0.675676 -0.8562
-0.673674 -0.856191
-0.671672 -0.856179
-0.66967 -0.856165
-0.667668 -0.856149
-0.665666 -0.856131
-0.663664 -0.85611
-0.661662 -0.856087
-0.65966 -0.856062
-0.657658 -0.856034
-0.655656 -0.856004
-0.653654 -0.855972
-0.651652 -0.855938
-0.64965 -0.855901
-0.647648 -0.855862
-0.645646 -0.85582
-0.643644 -0.855777
-0.641642 -0.855731
-0.63964 -0.855683
-0.637638 -0.855632
-0.635636 -0.855579
-0.633634 -0.855524
-0.631632 -0.855467
-0.62963 -0.855407
-0.627628 -0.855345
-0.625626 -0.855281
-0.623624 -0.855214
-0.621622 -0.855145
-0.61962 -0.855074
-0.617618 -0.855001
-0.615616 -0.854925
-0.613614 -0.854847
-0.611612 -0.854767
-0.60961 -0.854684
-0.607608 -0.854599
-0.605606 -0.854512
-0.603604 -0.854423
-0.601602 -0.854331
-0.5996 -0.854237
-0.597598 -0.85414
-0.595596 -0.854042
-0.593594 -0.853941
-0.591592 -0.853837
-0.58959 -0.853732
-0.587588 -0.853618
-0.585586 -0.853501
-0.583584 -0.853379
-0.581582 -0.853253
-0.57958 -0.853122
-0.577578 -0.852987
-0.575576 -0.852847
-0.573574 -0.852703
-0.571572 -0.852555
-0.56957 -0.852402
-0.567568 -0.852245
-0.565566 -0.852084
-0.563564 -0.851918
-0.561562 -0.851748
-0.55956 -0.851573
-0.557558 -0.851394
-0.555556 -0.851211
-0.553554 -0.851023
-0.551552 -0.850831
-0.54955 -0.850634
-0.547548 -0.850433
-0.545546 -0.850228
-0.543544 -0.850018
-0.541542 -0.849804
-0.53954 -0.849585
-0.537538 -0.849362
-0.535536 -0.849135
-0.533534 -0.848903
-0.531532 -0.848667
-0.52953 -0.848427
-0.527528 -0.848182
-0.525526 -0.847932
-0.523524 -0.847679
-0.521522 -0.847421
-0.51952 -0.847158
-0.517518 -0.846891
-0.515516 -0.84662
-0.513514 -0.846344
-0.511512 -0.846064
-0.50951 -0.84578
-0.507508 -0.845491
-0.505506 -0.845198
-0.503503 -0.8449
-0.501501 -0.844598
-0.499499 -0.844292
-0.497497 -0.843981
-0.495495 -0.843666
-0.493493 -0.843346
-0.491491 -0.843022
-0.489489 -0.842694
-0.487487 -0.842361
-0.485485 -0.842022
-0.483483 -0.841677
-0.481481 -0.841326
-0.479479 -0.84097
-0.477477 -0.840608
-0.475475 -0.840241
-0.473473 -0.839868
-0.471471 -0.839489
-0.469469 -0.839105
-0.467467 -0.838715
-0.465465 -0.83832
-0.463463 -0.837918
-0.461461 -0.837512
-0.459459 -0.837099
-0.457457 -0.836681
-0.455455 -0.836258
-0.453453 -0.835829
-0.451451 -0.835394
-0.449449 -0.834954
-0.447447 -0.834508
-0.445445 -0.834056
-0.443443 -0.833599
-0.441441 -0.833136
-0.439439 -0.832667
-0.437437 -0.832193
-0.435435 -0.831714
-0.433433 -0.831228
-0.431431 -0.830738
-0.429429 -0.830241
-0.427427 -0.829739
-0.425425 -0.829231
-0.423423 -0.828718
-0.421421 -0.828199
-0.419419 -0.827674
-0.417417 -0.827144
-0.415415 -0.826608
-0.413413 -0.826067
-0.411411 -0.82552
-0.409409 -0.824967
-0.407407 -0.824409
-0.405405 -0.823845
-0.403403 -0.823276
-0.401401 -0.822701
-0.399399 -0.82212
-0.397397 -0.821534
-0.395395 -0.820942
-0.393393 -0.820345
-0.391391 -0.819741
-0.389389 -0.819133
-0.387387 -0.818518
-0.385385 -0.817898
-0.383383 -0.817272
-0.381381 -0.816639
-0.379379 -0.816
-0.377377 -0.815354
-0.375375 -0.814702
-0.373373 -0.814043
-0.371371 -0.813378
-0.369369 -0.812706
-0.367367 -0.812029
-0.365365 -0.811344
-0.363363 -0.810653
-0.361361 -0.809956
-0.359359 -0.809253
-0.357357 -0.808543
-0.355355 -0.807826
-0.353353 -0.807103
-0.351351 -0.806374
-0.349349 -0.805639
-0.347347 -0.804896
-0.345345 -0.804148
-0.343343 -0.803393
-0.341341 -0.802632
-0.339339 -0.801864
-0.337337 -0.80109
-0.335335 -0.800309
-0.333333 -0.799522
-0.331331 -0.798729
-0.329329 -0.797929
-0.327327 -0.797123
-0.325325 -0.79631
-0.323323 -0.795491
-0.321321 -0.794665
-0.319319 -0.793833
-0.317317 -0.792995
-0.315315 -0.79215
-0.313313 -0.791299
-0.311311 -0.790441
-0.309309 -0.789577
-0.307307 -0.788707
-0.305305 -0.78783
-0.303303 -0.786947
-0.301301 -0.786057
-0.299299 -0.785161
-0.297297 -0.784259
-0.295295 -0.78335
-0.293293 -0.782434
-0.291291 -0.781512
-0.289289 -0.780584
-0.287287 -0.77965
-0.285285 -0.778709
-0.283283 -0.777761
-0.281281 -0.776807
-0.279279 -0.775846
-0.277277 -0.774877
-0.275275 -0.773902
-0.273273 -0.77292
-0.271271 -0.77193
-0.269269 -0.770934
-0.267267 -0.769931
-0.265265 -0.76892
-0.263263 -0.767903
-0.261261 -0.766879
-0.259259 -0.765847
-0.257257 -0.764809
-0.255255 -0.763763
-0.253253 -0.762711
-0.251251 -0.761652
-0.249249 -0.760585
-0.247247 -0.759512
-0.245245 -0.758431
-0.243243 -0.757344
-0.241241 -0.756249
-0.239239 -0.755148
-0.237237 -0.754039
-0.235235 -0.752924
-0.233233 -0.751801
-0.231231 -0.750672
-0.229229 -0.749535
-0.227227 -0.748392
-0.225225 -0.747241
-0.223223 -0.746084
-0.221221 -0.744919
-0.219219 -0.743747
-0.217217 -0.742569
-0.215215 -0.741383
-0.213213 -0.740191
-0.211211 -0.738991
-0.209209 -0.737784
-0.207207 -0.736571
-0.205205 -0.73535
-0.203203 -0.734122
-0.201201 -0.732888
-0.199199 -0.731646
-0.197197 -0.730397
-0.195195 -0.729142
-0.193193 -0.727879
-0.191191 -0.726609
-0.189189 -0.725332
-0.187187 -0.724049
-0.185185 -0.722758
-0.183183 -0.72146
-0.181181 -0.720155
-0.179179 -0.718844
-0.177177 -0.717524
-0.175175 -0.716197
-0.173173 -0.714863
-0.171171 -0.713521
-0.169169 -0.712172
-0.167167 -0.710815
-0.165165 -0.709451
-0.163163 -0.708079
-0.161161 -0.7067
-0.159159 -0.705313
-0.157157 -0.703919
-0.155155 -0.702517
-0.153153 -0.701108
-0.151151 -0.699691
-0.149149 -0.698267
-0.147147 -0.696835
-0.145145 -0.695396
-0.143143 -0.693949
-0.141141 -0.692495
-0.139139 -0.691034
-0.137137 -0.689564
-0.135135 -0.688088
-0.133133 -0.686604
-0.131131 -0.685112
-0.129129 -0.683613
-0.127127 -0.682107
-0.125125 -0.680593
-0.123123 -0.679071
-0.121121 -0.677542
-0.119119 -0.676005
-0.117117 -0.674461
-0.115115 -0.67291
-0.113113 -0.671351
-0.111111 -0.669785
-0.109109 -0.668211
-0.107107 -0.666629
-0.105105 -0.66504
-0.103103 -0.663444
-0.101101 -0.66184
-0.0990991 -0.660228
-0.0970971 -0.65861
-0.0950951 -0.656983
-0.0930931 -0.655349
-0.0910911 -0.653708
-0.0890891 -0.652059
-0.0870871 -0.650403
-0.0850851 -0.648739
-0.0830831 -0.647068
-0.0810811 -0.645389
-0.0790791 -0.643703
-0.0770771 -0.642009
-0.0750751 -0.640307
-0.0730731 -0.638598
-0.0710711 -0.636881
-0.0690691 -0.635155
-0.0670671 -0.633422
-0.0650651 -0.631681
-0.0630631 -0.629932
-0.0610611 -0.628175
-0.0590591 -0.62641
-0.0570571 -0.624638
-0.0550551 -0.622857
-0.0530531 -0.621068
-0.0510511 -0.619272
-0.049049 -0.617467
-0.047047 -0.615655
-0.045045 -0.613835
-0.043043 -0.612007
-0.041041 -0.610171
-0.039039 -0.608327
-0.037037 -0.606475
-0.035035 -0.604615
-0.033033 -0.602747
-0.031031 -0.600872
-0.029029 -0.598988
-0.027027 -0.597097
-0.025025 -0.595197
-0.023023 -0.59329
-0.021021 -0.591375
-0.019019 -0.589452
-0.017017 -0.587521
-0.015015 -0.585582
-0.013013 -0.583635
-0.011011 -0.58168
-0.00900901 -0.579718
-0.00700701 -0.577747
-0.005005 -0.575769
-0.003003 -0.573782
-0.001001 -0.571788
0.001001 -0.569786
0.003003 -0.567776
0.005005 -0.565758
0.00700701 -0.563732
0.00900901 -0.561698
0.011011 -0.559656
0.013013 -0.557606
0.015015 -0.555549
0.017017 -0.553483
0.019019 -0.55141
0.021021 -0.549328
0.023023 -0.547239
0.025025 -0.545142
0.027027 -0.543037
0.029029 -0.540923
0.031031 -0.538801
0.033033 -0.536671
0.035035 -0.534533
0.037037 -0.532386
0.039039 -0.530231
0.041041 -0.528068
0.043043 -0.525896
0.045045 -0.523716
0.047047 -0.521527
0.049049 -0.519331
0.0510511 -0.517126
0.0530531 -0.514912
0.0550551 -0.51269
0.0570571 -0.51046
0.0590591 -0.508222
0.0610611 -0.505975
0.0630631 -0.50372
0.0650651 -0.501457
0.0670671 -0.499185
0.0690691 -0.496905
0.0710711 -0.494617
0.0730731 -0.49232
0.0750751 -0.490015
0.0770771 -0.487702
0.0790791 -0.48538
0.0810811 -0.48305
0.0830831 -0.480712
0.0850851 -0.478365
0.0870871 -0.47601
0.0890891 -0.473647
0.0910911 -0.471275
0.0930931 -0.468895
0.0950951 -0.466507
0.0970971 -0.46411
0.0990991 -0.461706
0.101101 -0.459292
0.103103 -0.456871
0.105105 -0.454441
0.107107 -0.452002
0.109109 -0.449556
0.111111 -0.447101
0.113113 -0.444638
0.115115 -0.442166
0.117117 -0.439686
0.119119 -0.437198
0.121121 -0.434702
0.123123 -0.432197
0.125125 -0.429684
0.127127 -0.427162
0.129129 -0.424632
0.131131 -0.422094
0.133133 -0.419547
0.135135 -0.416991
0.137137 -0.414426
0.139139 -0.411852
0.141141 -0.40927
0.143143 -0.406679
0.145145 -0.404079
0.147147 -0.40147
0.149149 -0.398853
0.151151 -0.396227
0.153153 -0.393592
0.155155 -0.390948
0.157157 -0.388296
0.159159 -0.385634
0.161161 -0.382964
0.163163 -0.380286
0.165165 -0.377598
0.167167 -0.374902
0.169169 -0.372196
0.171171 -0.369483
0.173173 -0.36676
0.175175 -0.364028
0.177177 -0.361288
0.179179 -0.358539
0.181181 -0.355781
0.183183 -0.353015
0.185185 -0.35024
0.187187 -0.347456
0.189189 -0.344663
0.191191 -0.341861
0.193193 -0.339051
0.195195 -0.336231
0.197197 -0.333403
0.199199 -0.330567
0.201201 -0.327721
0.203203 -0.324867
0.205205 -0.322004
0.207207 -0.319132
0.209209 -0.316251
0.211211 -0.313362
0.213213 -0.310464
0.215215 -0.307557
0.217217 -0.304641
0.219219 -0.301717
0.221221 -0.298784
0.223223 -0.295842
0.225225 -0.292891
0.227227 -0.289931
0.229229 -0.286963
0.231231 -0.283986
0.233233 -0.281
0.235235 -0.278005
0.237237 -0.275
0.239239 -0.271987
0.241241 -0.268963
0.243243 -0.265931
0.245245 -0.262889
0.247247 -0.259838
0.249249 -0.256778
0.251251 -0.253708
0.253253 -0.25063
0.255255 -0.247541
0.257257 -0.244444
0.259259 -0.241337
0.261261 -0.238221
0.263263 -0.235096
0.265265 -0.231961
0.267267 -0.228817
0.269269 -0.225664
0.271271 -0.222501
0.273273 -0.219329
0.275275 -0.216148
0.277277 -0.212957
0.279279 -0.209758
0.281281 -0.206549
0.283283 -0.20333
0.285285 -0.200103
0.287287 -0.196866
0.289289 -0.193619
0.291291 -0.190364
0.293293 -0.187099
0.295295 -0.183825
0.297297 -0.180541
0.299299 -0.177248
0.301301 -0.173946
0.303303 -0.170635
0.305305 -0.167314
0.307307 -0.163984
0.309309 -0.160645
0.311311 -0.157296
0.313313 -0.153939
0.315315 -0.150571
0.317317 -0.147195
0.319319 -0.143809
0.321321 -0.140414
0.323323 -0.13701
0.325325 -0.133596
0.327327 -0.130173
0.329329 -0.126741
0.331331 -0.123299
0.333333 -0.119848
0.335335 -0.116388
0.337337 -0.112919
0.339339 -0.109439
0.341341 -0.105949
0.343343 -0.102449
0.345345 -0.0989395
0.347347 -0.0954198
0.349349 -0.0918901
0.351351 -0.0883504
0.353353 -0.0848007
0.355355 -0.0812411
0.357357 -0.0776714
0.359359 -0.0740918
0.361361 -0.0705022
0.363363 -0.0669026
0.365365 -0.063293
0.367367 -0.0596735
0.369369 -0.056044
0.371371 -0.0524044
0.373373 -0.0487549
0.375375 -0.0450955
0.377377 -0.041426
0.379379 -0.0377466
0.381381 -0.0340571
0.383383 -0.0303577
0.385385 -0.0266484
0.387387 -0.022929
0.389389 -0.0191996
0.391391 -0.0154603
0.393393 -0.011711
0.395395 -0.00795169
0.397397 -0.00418241
0.399399 -0.000403153
0.401401 0.00338609
0.403403 0.00718531
0.405405 0.0109945
0.407407 0.0148137
0.409409 0.0186429
0.411411 0.022482
0.413413 0.0263312
0.415415 0.0301903
0.417417 0.0340594
0.419419 0.0379384
0.421421 0.0418275
0.423423 0.0457265
0.425425 0.0496356
0.427427 0.0535546
0.429429 0.0574836
0.431431 0.0614225
0.433433 0.0653715
0.435435 0.0693304
0.437437 0.0732986
0.439439 0.0772775
0.441441 0.0812673
0.443443 0.0852681
0.445445 0.0892798
0.447447 0.0933025
0.449449 0.0973362
0.451451 0.101381
0.453453 0.105436
0.455455 0.109503
0.457457 0.11358
0.459459 0.117669
0.461461 0.121768
0.463463 0.125879
0.465465 0.13
0.467467 0.134132
0.469469 0.138276
0.471471 0.14243
0.473473 0.146595
0.475475 0.150771
0.477477 0.154958
0.479479 0.159156
0.481481 0.163365
0.483483 0.167585
0.485485 0.171816
0.487487 0.176058
0.489489 0.180311
0.491491 0.184575
0.493493 0.188849
0.495495 0.193135
0.497497 0.197432
0.499499 0.201739
0.501501 0.206058
0.503503 0.210388
0.505506 0.214728
0.507508 0.21908
0.50951 0.223442
0.511512 0.227815
0.513514 0.2322
0.515516 0.236595
0.517518 0.241001
0.51952 0.245419
0.521522 0.249847
0.523524 0.254286
0.525526 0.258736
0.527528 0.263197
0.52953 0.267669
0.531532 0.272152
0.533534 0.276646
0.535536 0.281151
0.537538 0.285667
0.53954 0.290192
0.541542 0.294729
0.543544 0.299278
0.545546 0.30384
0.547548 0.308415
0.54955 0.313001
0.551552 0.317601
0.553554 0.322213
0.555556 0.326837
0.557558 0.331474
0.55956 0.336124
0.561562 0.340786
0.563564 0.34546
0.565566 0.350147
0.567568 0.354847
0.56957 0.359559
0.571572 0.364284
0.573574 0.369021
0.575576 0.373771
0.577578 0.378533
0.57958 0.383308
0.581582 0.388095
0.583584 0.392895
0.585586 0.397707
0.587588 0.402532
0.58959 0.40737
0.591592 0.41222
0.593594 0.417082
0.595596 0.421957
0.597598 0.426845
0.5996 0.431745
0.601602 0.436658
0.603604 0.441583
0.605606 0.44652
0.607608 0.451471
0.60961 0.456433
0.611612 0.461409
0.613614 0.466397
0.615616 0.471397
0.617618 0.47641
0.61962 0.481435
0.621622 0.486473
0.623624 0.491523
0.625626 0.496586
0.627628 0.501662
0.62963 0.50675
0.631632 0.511851
0.633634 0.516964
0.635636 0.522089
0.637638 0.527227
0.63964 0.532378
0.641642 0.537539
0.643644 0.542711
0.645646 0.547898
0.647648 0.5531
0.64965 0.558318
0.651652 0.563551
0.653654 0.5688
0.655656 0.574064
0.657658 0.579344
0.65966 0.584639
0.661662 0.58995
0.663664 0.595276
0.665666 0.600618
0.667668 0.605975
0.66967 0.611348
0.671672 0.616736
0.673674 0.622139
0.675676 0.627558
0.677678 0.632993
0.67968 0.638443
0.681682 0.643908
0.683684 0.649389
0.685686 0.654885
0.687688 0.660397
0.68969 0.665924
0.691692 0.671467
0.693694 0.677025
0.695696 0.682599
0.697698 0.688188
0.6997 0.693793
0.701702 0.699413
0.703704 0.705049
0.705706 0.7107
0.707708 0.716366
0.70971 0.722048
0.711712 0.727746
0.713714 0.733459
0.715716 0.739187
0.717718 0.744931
0.71972 0.750691
0.721722 0.756466
0.723724 0.762256
0.725726 0.768062
0.727728 0.773883
0.72973 0.77972
0.731732 0.785572
0.733734 0.79144
0.735736 0.797323
0.737738 0.803222
0.73974 0.809136
0.741742 0.815065
0.743744 0.821009
0.745746 0.82695
0.747748 0.832914
0.74975 0.838901
0.751752 0.84491
0.753754 0.850942
0.755756 0.856996
0.757758 0.863073
0.75976 0.869173
0.761762 0.875295
0.763764 0.88144
0.765766 0.887607
0.767768 0.893797
0.76977 0.90001
0.771772 0.906245
0.773774 0.912502
0.775776 0.918782
0.777778 0.925085
0.77978 0.931411
0.781782 0.937759
0.783784 0.944129
0.785786 0.950522
0.787788 0.956938
0.78979 0.963376
0.791792 0.969837
0.793794 0.976321
0.795796 0.982827
0.797798 0.989355
0.7998 0.995906
0.801802 1.00248
0.803804 1.00908
0.805806 1.0157
0.807808 1.02234
0.80981 1.029
0.811812 1.03569
0.813814 1.0424
0.815816 1.04913
0.817818 1.05588
0.81982 1.06266
0.821822 1.06946
0.823824 1.07628
0.825826 1.08313
0.827828 1.08999
0.82983 1.09688
0.831832 1.1038
0.833834 1.11073
0.835836 1.11769
0.837838 1.12467
0.83984 1.13167
0.841842 1.1387
0.843844 1.14575
0.845846 1.15282
0.847848 1.15977
0.84985 1.16675
0.851852 1.17379
0.853854 1.18088
0.855856 1.18802
0.857858 1.19521
0.85986 1.20246
0.861862 1.20977
0.863864 1.21712
0.865866 1.22454
0.867868 1.232
0.86987 1.23952
0.871872 1.24709
0.873874 1.25472
0.875876 1.2624
0.877878 1.27013
0.87988 1.27792
0.881882 1.28576
0.883884 1.29366
0.885886 1.30161
0.887888 1.30961
0.88989 1.31767
0.891892 1.32578
0.893894 1.33394
0.895896 1.34216
0.897898 1.35043
0.8999 1.35876
0.901902 1.36714
0.903904 1.37557
0.905906 1.38406
0.907908 1.3926
0.90991 1.40119
0.911912 1.40984
0.913914 1.41854
0.915916 1.4273
0.917918 1.43611
0.91992 1.44497
0.921922 1.45389
0.923924 1.46286
0.925926 1.47189
0.927928 1.48096
0.92993 1.4901
0.931932 1.49928
0.933934 1.50852
0.935936 1.51782
0.937938 1.52717
0.93994 1.53657
0.941942 1.54602
0.943944 1.55553
0.945946 1.56509
0.947948 1.57471
0.94995 0
0.951952 0
0.953954 0
0.955956 0
0.957958 0
0.95996 0
0.961962 0
0.963964 0
0.965966 0
0.967968 0
0.96997 0
0.971972 0
0.973974 0
0.975976 0
0.977978 0
0.97998 0
0.981982 0
0.983984 0
0.985986 0
0.987988 0
0.98999 0
0.991992 0
0.993994 0
0.995996 0
0.997998 0
1 0
