-1 -1.14145
-0.997998 -1.14944
-0.995996 -1.15739
-0.993994 -1.16531
-0.991992 -1.17319
-0.98999 -1.18103
-0.987988 -1.18884
-0.985986 -1.19661
-0.983984 -1.20434
-0.981982 -1.21204
-0.97998 -1.2197
-0.977978 -1.22732
-0.975976 -1.23491
-0.973974 -1.24246
-0.971972 -1.24997
-0.96997 -1.25745
-0.967968 -1.26489
-0.965966 -1.27229
-0.963964 -1.27966
-0.961962 -1.28699
-0.95996 -1.29428
-0.957958 -1.30154
-0.955956 -1.30876
-0.953954 -1.31594
-0.951952 -1.32309
-0.94995 -1.3302
-0.947948 -1.33728
-0.945946 -1.34431
-0.943944 -1.35131
-0.941942 -1.35828
-0.93994 -1.3652
-0.937938 -1.37209
-0.935936 -1.37895
-0.933934 -1.38577
-0.931932 -1.39255
-0.92993 -1.39929
-0.927928 -1.406
-0.925926 -1.41267
-0.923924 -1.4193
-0.921922 -1.4259
-0.91992 -1.43246
-0.917918 -1.43898
-0.915916 -1.44547
-0.913914 -1.45192
-0.911912 -1.45834
-0.90991 -1.46472
-0.907908 -1.47106
-0.905906 -1.47736
-0.903904 -1.48363
-0.901902 -1.48986
-0.8999 -1.49605
-0.897898 -1.50221
-0.895896 -1.50833
-0.893894 -1.51442
-0.891892 -1.52046
-0.88989 -1.52648
-0.887888 -1.53245
-0.885886 -1.53839
-0.883884 -1.54429
-0.881882 -1.55015
-0.87988 -1.55598
-0.877878 -1.56177
-0.875876 -1.56753
-0.873874 -1.57325
-0.871872 -1.57893
-0.86987 -1.58457
-0.867868 -1.59018
-0.865866 -1.59575
-0.863864 -1.60129
-0.861862 -1.60679
-0.85986 -1.61225
-0.857858 -1.61767
-0.855856 -1.62306
-0.853854 -1.62841
-0.851852 -1.63373
-0.84985 -1.63901
-0.847848 -1.64425
-0.845846 -1.64945
-0.843844 -1.65462
-0.841842 -1.65975
-0.83984 -1.66485
-0.837838 -1.66991
-0.835836 -1.67493
-0.833834 -1.67991
-0.831832 -1.68486
-0.82983 -1.68978
-0.827828 -1.69465
-0.825826 -1.69949
-0.823824 -1.70429
-0.821822 -1.70906
-0.81982 -1.71379
-0.817818 -1.71848
-0.815816 -1.72313
-0.813814 -1.72775
-0.811812 -1.73234
-0.80981 -1.73688
-0.807808 -1.74139
-0.805806 -1.74586
-0.803804 -1.7503
-0.801802 -1.7547
-0.7998 -1.75906
-0.797798 -1.76339
-0.795796 -1.76767
-0.793794 -1.77193
-0.791792 -1.77614
-0.78979 -1.78032
-0.787788 -1.78447
-0.785786 -1.78857
-0.783784 -1.79264
-0.781782 -1.79667
-0.77978 -1.80067
-0.777778 -1.80463
-0.775776 -1.80855
-0.773774 -1.81244
-0.771772 -1.81629
-0.76977 -1.8201
-0.767768 -1.82388
-0.765766 -1.82762
-0.763764 -1.83132
-0.761762 -1.83499
-0.75976 -1.83862
-0.757758 -1.84221
-0.755756 -1.84576
-0.753754 -1.84928
-0.751752 -1.85277
-0.74975 -1.85621
-0.747748 -1.85962
-0.745746 -1.863
-0.743744 -1.86633
-0.741742 -1.86963
-0.73974 -1.8729
-0.737738 -1.87612
-0.735736 -1.87931
-0.733734 -1.88247
-0.731732 -1.88558
-0.72973 -1.88866
-0.727728 -1.89171
-0.725726 -1.89471
-0.723724 -1.89768
-0.721722 -1.90062
-0.71972 -1.90352
-0.717718 -1.90638
-0.715716 -1.9092
-0.713714 -1.91199
-0.711712 -1.91474
-0.70971 -1.91745
-0.707708 -1.92013
-0.705706 -1.92277
-0.703704 -1.92537
-0.701702 -1.92794
-0.6997 -1.93047
-0.697698 -1.93296
-0.695696 -1.93542
-0.693694 -1.93784
-0.691692 -1.94023
-0.68969 -1.94257
-0.687688 -1.94488
-0.685686 -1.94716
-0.683684 -1.94939
-0.681682 -1.9516
-0.67968 -1.95376
-0.677678 -1.95589
-0.675676 -1.95798
-0.673674 -1.96003
-0.671672 -1.96205
-0.66967 -1.96403
-0.667668 -1.96598
-0.665666 -1.96788
-0.663664 -1.96975
-0.661662 -1.97159
-0.65966 -1.97339
-0.657658 -1.97515
-0.655656 -1.97687
-0.653654 -1.97856
-0.651652 -1.98021
-0.64965 -1.98183
-0.647648 -1.9834
-0.645646 -1.98495
-0.643644 -1.98645
-0.641642 -1.98792
-0.63964 -1.98935
-0.637638 -1.99074
-0.635636 -1.9921
-0.633634 -1.99342
-0.631632 -1.99471
-0.62963 -1.99596
-0.627628 -1.99717
-0.625626 -1.99834
-0.623624 -1.99948
-0.621622 -2.00058
-0.61962 -2.00165
-0.617618 -2.00268
-0.615616 -2.00367
-0.613614 -2.00462
-0.611612 -2.00554
-0.60961 -2.00642
-0.607608 -2.00727
-0.605606 -2.00808
-0.603604 -2.00885
-0.601602 -2.00958
-0.5996 -2.01028
-0.597598 -2.01095
-0.595596 -2.01157
-0.593594 -2.01216
-0.591592 -2.01271
-0.58959 -2.01323
-0.587588 -2.01371
-0.585586 -2.01415
-0.583584 -2.01455
-0.581582 -2.01492
-0.57958 -2.01525
-0.577578 -2.01555
-0.575576 -2.01581
-0.573574 -2.01603
-0.571572 -2.01622
-0.56957 -2.01637
-0.567568 -2.01648
-0.565566 -2.01655
-0.563564 -2.01659
-0.561562 -2.0166
-0.55956 -2.01656
-0.557558 -2.01649
-0.555556 -2.01638
-0.553554 -2.01624
-0.551552 -2.01606
-0.54955 -2.01584
-0.547548 -2.01559
-0.545546 -2.0153
-0.543544 -2.01497
-0.541542 -2.01461
-0.53954 -2.01421
-0.537538 -2.01377
-0.535536 -2.01329
-0.533534 -2.01278
-0.531532 -2.01224
-0.52953 -2.01165
-0.527528 -2.01103
-0.525526 -2.01038
-0.523524 -2.00968
-0.521522 -2.00895
-0.51952 -2.00818
-0.517518 -2.00738
-0.515516 -2.00654
-0.513514 -2.00566
-0.511512 -2.00475
-0.50951 -2.0038
-0.507508 -2.00281
-0.505506 -2.00179
-0.503503 -2.00073
-0.501501 -1.99963
-0.499499 -1.9985
-0.497497 -1.99733
-0.495495 -1.99612
-0.493493 -1.99488
-0.491491 -1.9936
-0.489489 -1.99228
-0.487487 -1.99093
-0.485485 -1.98954
-0.483483 -1.98812
-0.481481 -1.98665
-0.479479 -1.98515
-0.477477 -1.98362
-0.475475 -1.98204
-0.473473 -1.98043
-0.471471 -1.97879
-0.469469 -1.9771
-0.467467 -1.97539
-0.465465 -1.97363
-0.463463 -1.97184
-0.461461 -1.97001
-0.459459 -1.96814
-0.457457 -1.96624
-0.455455 -1.9643
-0.453453 -1.96232
-0.451451 -1.96031
-0.449449 -1.95826
-0.447447 -1.95618
-0.445445 -1.95405
-0.443443 -1.95189
-0.441441 -1.9497
-0.439439 -1.94747
-0.437437 -1.9452
-0.435435 -1.94289
-0.433433 -1.94055
-0.431431 -1.93817
-0.429429 -1.93575
-0.427427 -1.9333
-0.425425 -1.93081
-0.423423 -1.92829
-0.421421 -1.92572
-0.419419 -1.92313
-0.417417 -1.92049
-0.415415 -1.91782
-0.413413 -1.91511
-0.411411 -1.91236
-0.409409 -1.90958
-0.407407 -1.90676
-0.405405 -1.90391
-0.403403 -1.90102
-0.401401 -1.89809
-0.399399 -1.89512
-0.397397 -1.89212
-0.395395 -1.88908
-0.393393 -1.88601
-0.391391 -1.88289
-0.389389 -1.87975
-0.387387 -1.87656
-0.385385 -1.87334
-0.383383 -1.87008
-0.381381 -1.86679
-0.379379 -1.86345
-0.377377 -1.86009
-0.375375 -1.85668
-0.373373 -1.85324
-0.371371 -1.84976
-0.369369 -1.84625
-0.367367 -1.8427
-0.365365 -1.83911
-0.363363 -1.83548
-0.361361 -1.83182
-0.359359 -1.82812
-0.357357 -1.82439
-0.355355 -1.82062
-0.353353 -1.81681
-0.351351 -1.81297
-0.349349 -1.80908
-0.347347 -1.80517
-0.345345 -1.80121
-0.343343 -1.79722
-0.341341 -1.79319
-0.339339 -1.78913
-0.337337 -1.78503
-0.335335 -1.78089
-0.333333 -1.77672
-0.331331 -1.7725
-0.329329 -1.76826
-0.327327 -1.76397
-0.325325 -1.75965
-0.323323 -1.75529
-0.321321 -1.7509
-0.319319 -1.74647
-0.317317 -1.742
-0.315315 -1.7375
-0.313313 -1.73296
-0.311311 -1.72838
-0.309309 -1.72377
-0.307307 -1.71912
-0.305305 -1.71443
-0.303303 -1.7097
-0.301301 -1.70494
-0.299299 -1.70015
-0.297297 -1.69531
-0.295295 -1.69044
-0.293293 -1.68554
-0.291291 -1.68059
-0.289289 -1.67561
-0.287287 -1.67059
-0.285285 -1.66554
-0.283283 -1.66045
-0.281281 -1.65532
-0.279279 -1.65016
-0.277277 -1.64496
-0.275275 -1.63972
-0.273273 -1.63445
-0.271271 -1.62914
-0.269269 -1.62379
-0.267267 -1.61841
-0.265265 -1.61299
-0.263263 -1.60753
-0.261261 -1.60204
-0.259259 -1.59651
-0.257257 -1.59094
-0.255255 -1.58534
-0.253253 -1.5797
-0.251251 -1.57402
-0.249249 -1.56831
-0.247247 -1.56256
-0.245245 -1.55678
-0.243243 -1.55095
-0.241241 -1.54509
-0.239239 -1.5392
-0.237237 -1.53326
-0.235235 -1.52729
-0.233233 -1.52129
-0.231231 -1.51524
-0.229229 -1.50916
-0.227227 -1.50305
-0.225225 -1.4969
-0.223223 -1.49071
-0.221221 -1.48448
-0.219219 -1.47822
-0.217217 -1.47192
-0.215215 -1.46558
-0.213213 -1.45921
-0.211211 -1.4528
-0.209209 -1.44636
-0.207207 -1.43987
-0.205205 -1.43335
-0.203203 -1.4268
-0.201201 -1.42021
-0.199199 -1.41358
-0.197197 -1.40691
-0.195195 -1.40021
-0.193193 -1.39347
-0.191191 -1.38669
-0.189189 -1.37988
-0.187187 -1.37303
-0.185185 -1.36615
-0.183183 -1.35922
-0.181181 -1.35227
-0.179179 -1.34527
-0.177177 -1.33824
-0.175175 -1.33117
-0.173173 -1.32406
-0.171171 -1.31692
-0.169169 -1.30974
-0.167167 -1.30253
-0.165165 -1.29528
-0.163163 -1.28799
-0.161161 -1.28066
-0.159159 -1.2733
-0.157157 -1.2659
-0.155155 -1.25847
-0.153153 -1.251
-0.151151 -1.24349
-0.149149 -1.23594
-0.147147 -1.22836
-0.145145 -1.22074
-0.143143 -1.21309
-0.141141 -1.2054
-0.139139 -1.19767
-0.137137 -1.1899
-0.135135 -1.1821
-0.133133 -1.17426
-0.131131 -1.16639
-0.129129 -1.15848
-0.127127 -1.15053
-0.125125 -1.14254
-0.123123 -1.13452
-0.121121 -1.12646
-0.119119 -1.11837
-0.117117 -1.11024
-0.115115 -1.10207
-0.113113 -1.09387
-0.111111 -1.08563
-0.109109 -1.07735
-0.107107 -1.06903
-0.105105 -1.06068
-0.103103 -1.05229
-0.101101 -1.04387
-0.0990991 -1.03541
-0.0970971 -1.02691
-0.0950951 -1.01838
-0.0930931 -1.00981
-0.0910911 -1.0012
-0.0890891 -0.992554
-0.0870871 -0.983873
-0.0850851 -0.975156
-0.0830831 -0.966402
-0.0810811 -0.957611
-0.0790791 -0.948784
-0.0770771 -0.93992
-0.0750751 -0.931019
-0.0730731 -0.922082
-0.0710711 -0.913108
-0.0690691 -0.904097
-0.0670671 -0.89505
-0.0650651 -0.885966
-0.0630631 -0.876846
-0.0610611 -0.867689
-0.0590591 -0.858495
-0.0570571 -0.849265
-0.0550551 -0.839997
-0.0530531 -0.830694
-0.0510511 -0.821354
-0.049049 -0.811977
-0.047047 -0.802563
-0.045045 -0.793113
-0.043043 -0.783626
-0.041041 -0.774102
-0.039039 -0.764542
-0.037037 -0.754945
-0.035035 -0.745312
-0.033033 -0.735642
-0.031031 -0.725935
-0.029029 -0.716192
-0.027027 -0.706412
-0.025025 -0.696595
-0.023023 -0.686742
-0.021021 -0.676852
-0.019019 -0.666926
-0.017017 -0.656963
-0.015015 -0.646963
-0.013013 -0.636926
-0.011011 -0.626853
-0.00900901 -0.616743
-0.00700701 -0.606597
-0.005005 -0.596414
-0.003003 -0.586194
-0.001001 -0.575938
0.001001 -0.565652
0.003003 -0.55538
0.005005 -0.545128
0.00700701 -0.534897
0.00900901 -0.524687
0.011011 -0.514497
0.013013 -0.504328
0.015015 -0.494179
0.017017 -0.484051
0.019019 -0.473944
0.021021 -0.463857
0.023023 -0.45379
0.025025 -0.443745
0.027027 -0.43372
0.029029 -0.423715
0.031031 -0.413732
0.033033 -0.403768
0.035035 -0.393826
0.037037 -0.383904
0.039039 -0.374002
0.041041 -0.364122
0.043043 -0.354261
0.045045 -0.344422
0.047047 -0.334603
0.049049 -0.324804
0.0510511 -0.315027
0.0530531 -0.30527
0.0550551 -0.295533
0.0570571 -0.285817
0.0590591 -0.276122
0.0610611 -0.266447
0.0630631 -0.256793
0.0650651 -0.247159
0.0670671 -0.237547
0.0690691 -0.227954
0.0710711 -0.218383
0.0730731 -0.208831
0.0750751 -0.199301
0.0770771 -0.189791
0.0790791 -0.180302
0.0810811 -0.170833
0.0830831 -0.161385
0.0850851 -0.151958
0.0870871 -0.142551
0.0890891 -0.133165
0.0910911 -0.123799
0.0930931 -0.114454
0.0950951 -0.10513
0.0970971 -0.0958258
0.0990991 -0.0865426
0.101101 -0.07728
0.103103 -0.068038
0.105105 -0.0588167
0.107107 -0.0496159
0.109109 -0.0404357
0.111111 -0.0312762
0.113113 -0.0221372
0.115115 -0.0130189
0.117117 -0.00392113
0.119119 0.005156
0.121121 0.0142125
0.123123 0.0232485
0.125125 0.0322638
0.127127 0.0412585
0.129129 0.0502326
0.131131 0.0591861
0.133133 0.068119
0.135135 0.0770312
0.137137 0.0859229
0.139139 0.094794
0.141141 0.103644
0.143143 0.112474
0.145145 0.121284
0.147147 0.130072
0.149149 0.13884
0.151151 0.147588
0.153153 0.156314
0.155155 0.165021
0.157157 0.173706
0.159159 0.182371
0.161161 0.191016
0.163163 0.19964
0.165165 0.208243
0.167167 0.216825
0.169169 0.225387
0.171171 0.233929
0.173173 0.242449
0.175175 0.25095
0.177177 0.259429
0.179179 0.267888
0.181181 0.276326
0.183183 0.284744
0.185185 0.293141
0.187187 0.301518
0.189189 0.309874
0.191191 0.318209
0.193193 0.326524
0.195195 0.334818
0.197197 0.343091
0.199199 0.351344
0.201201 0.359576
0.203203 0.367788
0.205205 0.375979
0.207207 0.384149
0.209209 0.392299
0.211211 0.400429
0.213213 0.408537
0.215215 0.416625
0.217217 0.424693
0.219219 0.432739
0.221221 0.440766
0.223223 0.448771
0.225225 0.456756
0.227227 0.464721
0.229229 0.472664
0.231231 0.480588
0.233233 0.48849
0.235235 0.496372
0.237237 0.504233
0.239239 0.512074
0.241241 0.519894
0.243243 0.527694
0.245245 0.535473
0.247247 0.543231
0.249249 0.550969
0.251251 0.558686
0.253253 0.566382
0.255255 0.574058
0.257257 0.581714
0.259259 0.589348
0.261261 0.596962
0.263263 0.604556
0.265265 0.612129
0.267267 0.619681
0.269269 0.627213
0.271271 0.634724
0.273273 0.642214
0.275275 0.649684
0.277277 0.657133
0.279279 0.664562
0.281281 0.67197
0.283283 0.679357
0.285285 0.686724
0.287287 0.69407
0.289289 0.701396
0.291291 0.708701
0.293293 0.715985
0.295295 0.723249
0.297297 0.730492
0.299299 0.737715
0.301301 0.744917
0.303303 0.752098
0.305305 0.759259
0.307307 0.766399
0.309309 0.773518
0.311311 0.780617
0.313313 0.787696
0.315315 0.794753
0.317317 0.80179
0.319319 0.808807
0.321321 0.815803
0.323323 0.822778
0.325325 0.829733
0.327327 0.836667
0.329329 0.84358
0.331331 0.850473
0.333333 0.857345
0.335335 0.864197
0.337337 0.871028
0.339339 0.877838
0.341341 0.884628
0.343343 0.891397
0.345345 0.898146
0.347347 0.904874
0.349349 0.911581
0.351351 0.918268
0.353353 0.924934
0.355355 0.93158
0.357357 0.938205
0.359359 0.944809
0.361361 0.951393
0.363363 0.957956
0.365365 0.964499
0.367367 0.971021
0.369369 0.977522
0.371371 0.984003
0.373373 0.990463
0.375375 0.996902
0.377377 1.00332
0.379379 1.00972
0.381381 1.0161
0.383383 1.02245
0.385385 1.02879
0.387387 1.03511
0.389389 1.0414
0.391391 1.04768
0.393393 1.05393
0.395395 1.06016
0.397397 1.06638
0.399399 1.07257
0.401401 1.07874
0.403403 1.08489
0.405405 1.09102
0.407407 1.09713
0.409409 1.10322
0.411411 1.10929
0.413413 1.11534
0.415415 1.12137
0.417417 1.12737
0.419419 1.13336
0.421421 1.13932
0.423423 1.14527
0.425425 1.15119
0.427427 1.1571
0.429429 1.16298
0.431431 1.16884
0.433433 1.17468
0.435435 1.18051
0.437437 1.18631
0.439439 1.19209
0.441441 1.19785
0.443443 1.20358
0.445445 1.2093
0.447447 1.215
0.449449 1.22068
0.451451 1.22633
0.453453 1.23197
0.455455 1.23759
0.457457 1.24318
0.459459 1.24875
0.461461 1.25431
0.463463 1.25984
0.465465 1.26535
0.467467 1.27084
0.469469 1.27632
0.471471 1.28177
0.473473 1.2872
0.475475 1.2926
0.477477 1.29799
0.479479 1.30336
0.481481 1.30871
0.483483 1.31404
0.485485 1.31934
0.487487 1.32463
0.489489 1.32989
0.491491 1.33514
0.493493 1.34036
0.495495 1.34556
0.497497 1.35075
0.499499 1.35591
0.501501 1.36105
0.503503 1.36617
0.505506 1.37127
0.507508 1.37635
0.50951 1.38141
0.511512 1.38645
0.513514 1.39146
0.515516 1.39646
0.517518 1.40144
0.51952 1.40639
0.521522 1.41133
0.523524 1.41624
0.525526 1.42114
0.527528 1.42601
0.52953 1.43086
0.531532 1.4357
0.533534 1.44051
0.535536 1.4453
0.537538 1.45007
0.53954 1.45482
0.541542 1.45955
0.543544 1.46426
0.545546 1.46894
0.547548 1.47361
0.54955 1.47826
0.551552 1.48288
0.553554 1.48749
0.555556 1.49207
0.557558 1.49664
0.55956 1.50118
0.561562 1.50571
0.563564 1.51021
0.565566 1.51469
0.567568 1.51915
0.56957 1.52359
0.571572 1.52801
0.573574 1.53241
0.575576 1.53679
0.577578 1.54115
0.57958 1.54549
0.581582 1.5498
0.583584 1.5541
0.585586 1.55838
0.587588 1.56263
0.58959 1.56687
0.591592 1.57108
0.593594 1.57527
0.595596 1.57945
0.597598 1.5836
0.5996 1.58773
0.601602 1.59184
0.603604 1.59593
0.605606 1.6
0.607608 1.60405
0.60961 1.60808
0.611612 1.61209
0.613614 1.61607
0.615616 1.62004
0.617618 1.62399
0.61962 1.62791
0.621622 1.63182
0.623624 1.6357
0.625626 1.63957
0.627628 1.64341
0.62963 1.64723
0.631632 1.65103
0.633634 1.65481
0.635636 1.65857
0.637638 1.66231
0.63964 1.66603
0.641642 1.66973
0.643644 1.67341
0.645646 1.67707
0.647648 1.68071
0.64965 1.68432
0.651652 1.68792
0.653654 1.69149
0.655656 1.69505
0.657658 1.69858
0.65966 1.7021
0.661662 1.70559
0.663664 1.70906
0.665666 1.71251
0.667668 1.71594
0.66967 1.71935
0.671672 1.72274
0.673674 1.72611
0.675676 1.72946
0.677678 1.73279
0.67968 1.7361
0.681682 1.73938
0.683684 1.74265
0.685686 1.74589
0.687688 1.74912
0.68969 1.75232
0.691692 1.75551
0.693694 1.75867
0.695696 1.76181
0.697698 1.76493
0.6997 1.76804
0.701702 1.77112
0.703704 1.77418
0.705706 1.77722
0.707708 1.78024
0.70971 1.78323
0.711712 1.78621
0.713714 1.78917
0.715716 1.7921
0.717718 1.79502
0.71972 1.79792
0.721722 1.80079
0.723724 1.80364
0.725726 1.80648
0.727728 1.80929
0.72973 1.81208
0.731732 1.81485
0.733734 1.8176
0.735736 1.82034
0.737738 1.82305
0.73974 1.82573
0.741742 1.8284
0.743744 1.83105
0.745746 1.83368
0.747748 1.83628
0.74975 1.83887
0.751752 1.84144
0.753754 1.84398
0.755756 1.84651
0.757758 1.84901
0.75976 1.85149
0.761762 1.85395
0.763764 1.8564
0.765766 1.85882
0.767768 1.86122
0.76977 1.8636
0.771772 1.86596
0.773774 1.8683
0.775776 1.87062
0.777778 1.87291
0.77978 1.87519
0.781782 1.87745
0.783784 1.87968
0.785786 1.8819
0.787788 1.88409
0.78979 1.88627
0.791792 1.88842
0.793794 1.89055
0.795796 1.89266
0.797798 1.89476
0.7998 1.89683
0.801802 1.89888
0.803804 1.90091
0.805806 1.90292
0.807808 1.9049
0.80981 1.90687
0.811812 1.90882
0.813814 1.91075
0.815816 1.91265
0.817818 1.91454
0.81982 1.9164
0.821822 1.91825
0.823824 1.92007
0.825826 1.92187
0.827828 1.92366
0.82983 1.92542
0.831832 1.92716
0.833834 1.92888
0.835836 1.93058
0.837838 1.93226
0.83984 1.93392
0.841842 1.93556
0.843844 1.93717
0.845846 1.93877
0.847848 1.94035
0.84985 1.9419
0.851852 1.94344
0.853854 1.94495
0.855856 1.94645
0.857858 1.94792
0.85986 1.94937
0.861862 1.9508
0.863864 1.95222
0.865866 1.95361
0.867868 1.95498
0.86987 1.95633
0.871872 1.95766
0.873874 1.95897
0.875876 1.96025
0.877878 1.96152
0.87988 1.96277
0.881882 1.96399
0.883884 1.9652
0.885886 1.96638
0.887888 1.96755
0.88989 1.96869
0.891892 1.96981
0.893894 1.97092
0.895896 1.972
0.897898 1.97306
0.8999 1.9741
0.901902 1.97512
0.903904 1.97612
0.905906 1.9771
0.907908 1.97806
0.90991 1.97899
0.911912 1.97991
0.913914 1.98081
0.915916 1.98168
0.917918 1.98254
0.91992 1.98337
0.921922 1.98419
0.923924 1.98498
0.925926 1.98575
0.927928 1.98651
0.92993 1.98724
0.931932 1.98795
0.933934 1.98864
0.935936 1.98931
0.937938 1.98996
0.93994 1.99059
0.941942 1.99119
0.943944 1.99178
0.945946 1.99235
0.947948 1.99289
0.94995 1.99342
0.951952 1.99392
0.953954 1.99441
0.955956 1.99487
0.957958 1.99531
0.95996 1.99574
0.961962 1.99614
0.963964 1.99652
0.965966 1.99688
0.967968 1.99722
0.96997 1.99754
0.971972 1.99784
0.973974 1.99812
0.975976 1.99837
0.977978 1.99861
0.97998 1.99883
0.981982 1.99902
0.983984 1.9992
0.985986 1.99935
0.987988 1.99949
0.98999 1.9996
0.991992 1.99969
0.993994 1.99977
0.995996 1.99982
0.997998 1.99985
1 1.99986
