-1 -1.14145
-0.997998 -1.1382
-0.995996 -1.13494
-0.993994 -1.13169
-0.991992 -1.12843
-0.98999 -1.12518
-0.987988 -1.12193
-0.985986 -1.11869
-0.983984 -1.11544
-0.981982 -1.1122
-0.97998 -1.10896
-0.977978 -1.10572
-0.975976 -1.10249
-0.973974 -1.09926
-0.971972 -1.09603
-0.96997 -1.09282
-0.967968 -1.0896
-0.965966 -1.08639
-0.963964 -1.08319
-0.961962 -1.07999
-0.95996 -1.0768
-0.957958 -1.07362
-0.955956 -1.07044
-0.953954 -1.06727
-0.951952 -1.06411
-0.94995 -1.06095
-0.947948 -1.05781
-0.945946 -1.05467
-0.943944 -1.05154
-0.941942 -1.04843
-0.93994 -1.04532
-0.937938 -1.04222
-0.935936 -1.03913
-0.933934 -1.03605
-0.931932 -1.03299
-0.92993 -1.02993
-0.927928 -1.02689
-0.925926 -1.02386
-0.923924 -1.02084
-0.921922 -1.01784
-0.91992 -1.01485
-0.917918 -1.01187
-0.915916 -1.0089
-0.913914 -1.00595
-0.911912 -1.00302
-0.90991 -1.00009
-0.907908 -0.997188
-0.905906 -0.994298
-0.903904 -0.991423
-0.901902 -0.988565
-0.8999 -0.985723
-0.897898 -0.982897
-0.895896 -0.980089
-0.893894 -0.977299
-0.891892 -0.974526
-0.88989 -0.971772
-0.887888 -0.969036
-0.885886 -0.966319
-0.883884 -0.963621
-0.881882 -0.960943
-0.87988 -0.958285
-0.877878 -0.955647
-0.875876 -0.953029
-0.873874 -0.950433
-0.871872 -0.947857
-0.86987 -0.945303
-0.867868 -0.942772
-0.865866 -0.940262
-0.863864 -0.937775
-0.861862 -0.935311
-0.85986 -0.93287
-0.857858 -0.930453
-0.855856 -0.928059
-0.853854 -0.92569
-0.851852 -0.923346
-0.84985 -0.921026
-0.847848 -0.918732
-0.845846 -0.916463
-0.843844 -0.914221
-0.841842 -0.912004
-0.83984 -0.909814
-0.837838 -0.907652
-0.835836 -0.905516
-0.833834 -0.903408
-0.831832 -0.901329
-0.82983 -0.899277
-0.827828 -0.897254
-0.825826 -0.89526
-0.823824 -0.893296
-0.821822 -0.891361
-0.81982 -0.889456
-0.817818 -0.887581
-0.815816 -0.885737
-0.813814 -0.883925
-0.811812 -0.882143
-0.80981 -0.880393
-0.807808 -0.878675
-0.805806 -0.87699
-0.803804 -0.875337
-0.801802 -0.873718
-0.7998 -0.872131
-0.797798 -0.870579
-0.795796 -0.86906
-0.793794 -0.867576
-0.791792 -0.866126
-0.78979 -0.864712
-0.787788 -0.863333
-0.785786 -0.86199
-0.783784 -0.860682
-0.781782 -0.859412
-0.77978 -0.858178
-0.777778 -0.856981
-0.775776 -0.855821
-0.773774 -0.854698
-0.771772 -0.853612
-0.76977 -0.852562
-0.767768 -0.851547
-0.765766 -0.850567
-0.763764 -0.849623
-0.761762 -0.848712
-0.75976 -0.847835
-0.757758 -0.846991
-0.755756 -0.84618
-0.753754 -0.845401
-0.751752 -0.844655
-0.74975 -0.843939
-0.747748 -0.843255
-0.745746 -0.842601
-0.743744 -0.841977
-0.741742 -0.841382
-0.73974 -0.840817
-0.737738 -0.84028
-0.735736 -0.839772
-0.733734 -0.839291
-0.731732 -0.838837
-0.72973 -0.83841
-0.727728 -0.83801
-0.725726 -0.837635
-0.723724 -0.837286
-0.721722 -0.836961
-0.71972 -0.836662
-0.717718 -0.836386
-0.715716 -0.836133
-0.713714 -0.835904
-0.711712 -0.835697
-0.70971 -0.835513
-0.707708 -0.83535
-0.705706 -0.835208
-0.703704 -0.835087
-0.701702 -0.834986
-0.6997 -0.834905
-0.697698 -0.834844
-0.695696 -0.834801
-0.693694 -0.834777
-0.691692 -0.834771
-0.68969 -0.834783
-0.687688 -0.834811
-0.685686 -0.834856
-0.683684 -0.834917
-0.681682 -0.834994
-0.67968 -0.835086
-0.677678 -0.835193
-0.675676 -0.835314
-0.673674 -0.835448
-0.671672 -0.835597
-0.66967 -0.835758
-0.667668 -0.835931
-0.665666 -0.836116
-0.663664 -0.836313
-0.661662 -0.836521
-0.65966 -0.83674
-0.657658 -0.836968
-0.655656 -0.837207
-0.653654 -0.837454
-0.651652 -0.83771
-0.64965 -0.837975
-0.647648 -0.838247
-0.645646 -0.838526
-0.643644 -0.838813
-0.641642 -0.839106
-0.63964 -0.839404
-0.637638 -0.839709
-0.635636 -0.840018
-0.633634 -0.840332
-0.631632 -0.84065
-0.62963 -0.840971
-0.627628 -0.841296
-0.625626 -0.841623
-0.623624 -0.841953
-0.621622 -0.842284
-0.61962 -0.842617
-0.617618 -0.84295
-0.615616 -0.843284
-0.613614 -0.843618
-0.611612 -0.843951
-0.60961 -0.844284
-0.607608 -0.844615
-0.605606 -0.844943
-0.603604 -0.84527
-0.601602 -0.845594
-0.5996 -0.845914
-0.597598 -0.846231
-0.595596 -0.846543
-0.593594 -0.84685
-0.591592 -0.847153
-0.58959 -0.84745
-0.587588 -0.84774
-0.585586 -0.848025
-0.583584 -0.848302
-0.581582 -0.848571
-0.57958 -0.848833
-0.577578 -0.849086
-0.575576 -0.849331
-0.573574 -0.849566
-0.571572 -0.849791
-0.56957 -0.850006
-0.567568 -0.850211
-0.565566 -0.850404
-0.563564 -0.850585
-0.561562 -0.850755
-0.55956 -0.850911
-0.557558 -0.851055
-0.555556 -0.851185
-0.553554 -0.851302
-0.551552 -0.851404
-0.54955 -0.851493
-0.547548 -0.851568
-0.545546 -0.851629
-0.543544 -0.851677
-0.541542 -0.851712
-0.53954 -0.851733
-0.537538 -0.851741
-0.535536 -0.851736
-0.533534 -0.851717
-0.531532 -0.851686
-0.52953 -0.851642
-0.527528 -0.851585
-0.525526 -0.851515
-0.523524 -0.851433
-0.521522 -0.851338
-0.51952 -0.851231
-0.517518 -0.851112
-0.515516 -0.85098
-0.513514 -0.850836
-0.511512 -0.85068
-0.50951 -0.850512
-0.507508 -0.850333
-0.505506 -0.850141
-0.503503 -0.849938
-0.501501 -0.849723
-0.499499 -0.849497
-0.497497 -0.849259
-0.495495 -0.84901
-0.493493 -0.848749
-0.491491 -0.848478
-0.489489 -0.848195
-0.487487 -0.847902
-0.485485 -0.847597
-0.483483 -0.847282
-0.481481 -0.846956
-0.479479 -0.846619
-0.477477 -0.846272
-0.475475 -0.845915
-0.473473 -0.845547
-0.471471 -0.845169
-0.469469 -0.844781
-0.467467 -0.844382
-0.465465 -0.843974
-0.463463 -0.843556
-0.461461 -0.843128
-0.459459 -0.84269
-0.457457 -0.842243
-0.455455 -0.841786
-0.453453 -0.84132
-0.451451 -0.840845
-0.449449 -0.84036
-0.447447 -0.839866
-0.445445 -0.839363
-0.443443 -0.838851
-0.441441 -0.83833
-0.439439 -0.8378
-0.437437 -0.837262
-0.435435 -0.836715
-0.433433 -0.836159
-0.431431 -0.835595
-0.429429 -0.835023
-0.427427 -0.834443
-0.425425 -0.833854
-0.423423 -0.833257
-0.421421 -0.832652
-0.419419 -0.83204
-0.417417 -0.831419
-0.415415 -0.830791
-0.413413 -0.830155
-0.411411 -0.829512
-0.409409 -0.828861
-0.407407 -0.828203
-0.405405 -0.827538
-0.403403 -0.826866
-0.401401 -0.826186
-0.399399 -0.8255
-0.397397 -0.824806
-0.395395 -0.824106
-0.393393 -0.823399
-0.391391 -0.822686
-0.389389 -0.821965
-0.387387 -0.821239
-0.385385 -0.820506
-0.383383 -0.819767
-0.381381 -0.819022
-0.379379 -0.81827
-0.377377 -0.817513
-0.375375 -0.81675
-0.373373 -0.815981
-0.371371 -0.815206
-0.369369 -0.814426
-0.367367 -0.81364
-0.365365 -0.812849
-0.363363 -0.812052
-0.361361 -0.81125
-0.359359 -0.810443
-0.357357 -0.809631
-0.355355 -0.808814
-0.353353 -0.807992
-0.351351 -0.807165
-0.349349 -0.806333
-0.347347 -0.805497
-0.345345 -0.804656
-0.343343 -0.803811
-0.341341 -0.802962
-0.339339 -0.802108
-0.337337 -0.80125
-0.335335 -0.800388
-0.333333 -0.799522
-0.331331 -0.798652
-0.329329 -0.797778
-0.327327 -0.796901
-0.325325 -0.796019
-0.323323 -0.795133
-0.321321 -0.794243
-0.319319 -0.793349
-0.317317 -0.79245
-0.315315 -0.791548
-0.313313 -0.790641
-0.311311 -0.78973
-0.309309 -0.788814
-0.307307 -0.787894
-0.305305 -0.78697
-0.303303 -0.786041
-0.301301 -0.785108
-0.299299 -0.78417
-0.297297 -0.783228
-0.295295 -0.782281
-0.293293 -0.781329
-0.291291 -0.780372
-0.289289 -0.779411
-0.287287 -0.778445
-0.285285 -0.777474
-0.283283 -0.776498
-0.281281 -0.775518
-0.279279 -0.774532
-0.277277 -0.773541
-0.275275 -0.772546
-0.273273 -0.771545
-0.271271 -0.770539
-0.269269 -0.769528
-0.267267 -0.768511
-0.265265 -0.76749
-0.263263 -0.766463
-0.261261 -0.765431
-0.259259 -0.764393
-0.257257 -0.76335
-0.255255 -0.762302
-0.253253 -0.761248
-0.251251 -0.760188
-0.249249 -0.759123
-0.247247 -0.758052
-0.245245 -0.756976
-0.243243 -0.755894
-0.241241 -0.754806
-0.239239 -0.753712
-0.237237 -0.752613
-0.235235 -0.751507
-0.233233 -0.750396
-0.231231 -0.749279
-0.229229 -0.748156
-0.227227 -0.747026
-0.225225 -0.745891
-0.223223 -0.74475
-0.221221 -0.743602
-0.219219 -0.742448
-0.217217 -0.741288
-0.215215 -0.740122
-0.213213 -0.738949
-0.211211 -0.73777
-0.209209 -0.736585
-0.207207 -0.735393
-0.205205 -0.734194
-0.203203 -0.732989
-0.201201 -0.731778
-0.199199 -0.73056
-0.197197 -0.729335
-0.195195 -0.728104
-0.193193 -0.726866
-0.191191 -0.725621
-0.189189 -0.724369
-0.187187 -0.72311
-0.185185 -0.721845
-0.183183 -0.720572
-0.181181 -0.719293
-0.179179 -0.718006
-0.177177 -0.716713
-0.175175 -0.715412
-0.173173 -0.714104
-0.171171 -0.712789
-0.169169 -0.711467
-0.167167 -0.710137
-0.165165 -0.708801
-0.163163 -0.707456
-0.161161 -0.706105
-0.159159 -0.704746
-0.157157 -0.703379
-0.155155 -0.702005
-0.153153 -0.700624
-0.151151 -0.699235
-0.149149 -0.697838
-0.147147 -0.696433
-0.145145 -0.695021
-0.143143 -0.693601
-0.141141 -0.692173
-0.139139 -0.690738
-0.137137 -0.689294
-0.135135 -0.687843
-0.133133 -0.686383
-0.131131 -0.684916
-0.129129 -0.68344
-0.127127 -0.681957
-0.125125 -0.680465
-0.123123 -0.678965
-0.121121 -0.677457
-0.119119 -0.675941
-0.117117 -0.674416
-0.115115 -0.672883
-0.113113 -0.671341
-0.111111 -0.669792
-0.109109 -0.668233
-0.107107 -0.666667
-0.105105 -0.665091
-0.103103 -0.663508
-0.101101 -0.661916
-0.0990991 -0.660315
-0.0970971 -0.658706
-0.0950951 -0.657089
-0.0930931 -0.655463
-0.0910911 -0.653829
-0.0890891 -0.652187
-0.0870871 -0.650536
-0.0850851 -0.648877
-0.0830831 -0.647209
-0.0810811 -0.645533
-0.0790791 -0.643849
-0.0770771 -0.642156
-0.0750751 -0.640456
-0.0730731 -0.638746
-0.0710711 -0.637029
-0.0690691 -0.635303
-0.0670671 -0.633569
-0.0650651 -0.631827
-0.0630631 -0.630076
-0.0610611 -0.628317
-0.0590591 -0.62655
-0.0570571 -0.624775
-0.0550551 -0.622991
-0.0530531 -0.621199
-0.0510511 -0.619399
-0.049049 -0.617591
-0.047047 -0.615775
-0.045045 -0.61395
-0.043043 -0.612117
-0.041041 -0.610276
-0.039039 -0.608427
-0.037037 -0.60657
-0.035035 -0.604704
-0.033033 -0.602831
-0.031031 -0.600949
-0.029029 -0.599059
-0.027027 -0.597161
-0.025025 -0.595255
-0.023023 -0.593341
-0.021021 -0.591419
-0.019019 -0.589489
-0.017017 -0.58755
-0.015015 -0.585604
-0.013013 -0.583649
-0.011011 -0.581687
-0.00900901 -0.579716
-0.00700701 -0.577738
-0.005005 -0.575751
-0.003003 -0.573757
-0.001001 -0.571754
0.001001 -0.569743
0.003003 -0.567725
0.005005 -0.565698
0.00700701 -0.563664
0.00900901 -0.561621
0.011011 -0.559571
0.013013 -0.557513
0.015015 -0.555446
0.017017 -0.553372
0.019019 -0.55129
0.021021 -0.5492
0.023023 -0.547102
0.025025 -0.544996
0.027027 -0.542883
0.029029 -0.540761
0.031031 -0.538632
0.033033 -0.536495
0.035035 -0.534349
0.037037 -0.532197
0.039039 -0.530036
0.041041 -0.527867
0.043043 -0.525691
0.045045 -0.523507
0.047047 -0.521315
0.049049 -0.519115
0.0510511 -0.516907
0.0530531 -0.514692
0.0550551 -0.512469
0.0570571 -0.510238
0.0590591 -0.508
0.0610611 -0.505753
0.0630631 -0.503499
0.0650651 -0.501238
0.0670671 -0.498968
0.0690691 -0.496691
0.0710711 -0.494406
0.0730731 -0.492114
0.0750751 -0.489814
0.0770771 -0.487506
0.0790791 -0.485191
0.0810811 -0.482868
0.0830831 -0.480537
0.0850851 -0.478198
0.0870871 -0.475852
0.0890891 -0.473499
0.0910911 -0.471138
0.0930931 -0.468769
0.0950951 -0.466393
0.0970971 -0.464009
0.0990991 -0.461617
0.101101 -0.459218
0.103103 -0.456811
0.105105 -0.454397
0.107107 -0.451976
0.109109 -0.449546
0.111111 -0.44711
0.113113 -0.444665
0.115115 -0.442214
0.117117 -0.439754
0.119119 -0.437287
0.121121 -0.434812
0.123123 -0.43233
0.125125 -0.42984
0.127127 -0.427342
0.129129 -0.424836
0.131131 -0.422322
0.133133 -0.4198
0.135135 -0.417271
0.137137 -0.414733
0.139139 -0.412187
0.141141 -0.409633
0.143143 -0.407071
0.145145 -0.404501
0.147147 -0.401922
0.149149 -0.399335
0.151151 -0.39674
0.153153 -0.394136
0.155155 -0.391524
0.157157 -0.388903
0.159159 -0.386274
0.161161 -0.383636
0.163163 -0.38099
0.165165 -0.378335
0.167167 -0.375671
0.169169 -0.372999
0.171171 -0.370318
0.173173 -0.367628
0.175175 -0.364929
0.177177 -0.362221
0.179179 -0.359504
0.181181 -0.356778
0.183183 -0.354043
0.185185 -0.351299
0.187187 -0.348546
0.189189 -0.345783
0.191191 -0.343012
0.193193 -0.340231
0.195195 -0.337441
0.197197 -0.334641
0.199199 -0.331832
0.201201 -0.329013
0.203203 -0.326186
0.205205 -0.323348
0.207207 -0.320501
0.209209 -0.317644
0.211211 -0.314778
0.213213 -0.311901
0.215215 -0.309015
0.217217 -0.30612
0.219219 -0.303214
0.221221 -0.300298
0.223223 -0.297373
0.225225 -0.294438
0.227227 -0.291492
0.229229 -0.288536
0.231231 -0.285571
0.233233 -0.282595
0.235235 -0.279609
0.237237 -0.276612
0.239239 -0.273606
0.241241 -0.270588
0.243243 -0.267561
0.245245 -0.264523
0.247247 -0.261475
0.249249 -0.258416
0.251251 -0.255347
0.253253 -0.252266
0.255255 -0.249176
0.257257 -0.246074
0.259259 -0.242962
0.261261 -0.239839
0.263263 -0.236705
0.265265 -0.233561
0.267267 -0.230405
0.269269 -0.227238
0.271271 -0.224061
0.273273 -0.220872
0.275275 -0.217672
0.277277 -0.214461
0.279279 -0.211239
0.281281 -0.208006
0.283283 -0.204761
0.285285 -0.201505
0.287287 -0.198238
0.289289 -0.194959
0.291291 -0.191669
0.293293 -0.188367
0.295295 -0.185054
0.297297 -0.181729
0.299299 -0.178393
0.301301 -0.175044
0.303303 -0.171684
0.305305 -0.168313
0.307307 -0.164929
0.309309 -0.161534
0.311311 -0.158127
0.313313 -0.154707
0.315315 -0.151276
0.317317 -0.147833
0.319319 -0.144378
0.321321 -0.14091
0.323323 -0.137431
0.325325 -0.133939
0.327327 -0.130435
0.329329 -0.126918
0.331331 -0.123389
0.333333 -0.119848
0.335335 -0.116295
0.337337 -0.112729
0.339339 -0.109151
0.341341 -0.10556
0.343343 -0.101958
0.345345 -0.098344
0.347347 -0.094718
0.349349 -0.0910803
0.351351 -0.0874309
0.353353 -0.0837701
0.355355 -0.0800979
0.357357 -0.0764143
0.359359 -0.0727196
0.361361 -0.0690138
0.363363 -0.065297
0.365365 -0.0615693
0.367367 -0.0578309
0.369369 -0.0540817
0.371371 -0.050322
0.373373 -0.0465519
0.375375 -0.0427713
0.377377 -0.0389806
0.379379 -0.0351796
0.381381 -0.0313686
0.383383 -0.0275477
0.385385 -0.0237169
0.387387 -0.0198764
0.389389 -0.0160262
0.391391 -0.0121665
0.393393 -0.00829742
0.395395 -0.00441898
0.397397 -0.000531319
0.399399 0.00336546
0.401401 0.00727125
0.403403 0.011186
0.405405 0.0151095
0.407407 0.0190417
0.409409 0.0229825
0.411411 0.0269318
0.413413 0.0308895
0.415415 0.0348554
0.417417 0.0388296
0.419419 0.0428118
0.421421 0.0468021
0.423423 0.0508001
0.425425 0.054806
0.427427 0.0588195
0.429429 0.0628406
0.431431 0.0668691
0.433433 0.070905
0.435435 0.0749482
0.437437 0.0789984
0.439439 0.0830558
0.441441 0.08712
0.443443 0.0911911
0.445445 0.0952689
0.447447 0.0993534
0.449449 0.103444
0.451451 0.107542
0.453453 0.111645
0.455455 0.115755
0.457457 0.119871
0.459459 0.123993
0.461461 0.128121
0.463463 0.132255
0.465465 0.136394
0.467467 0.140539
0.469469 0.14469
0.471471 0.148846
0.473473 0.153007
0.475475 0.157173
0.477477 0.161345
0.479479 0.165521
0.481481 0.169702
0.483483 0.173888
0.485485 0.178079
0.487487 0.182274
0.489489 0.186474
0.491491 0.190678
0.493493 0.194886
0.495495 0.199098
0.497497 0.203315
0.499499 0.207535
0.501501 0.211759
0.503503 0.215987
0.505506 0.220218
0.507508 0.224453
0.50951 0.228692
0.511512 0.232933
0.513514 0.237178
0.515516 0.241426
0.517518 0.245677
0.51952 0.249931
0.521522 0.254188
0.523524 0.258447
0.525526 0.262709
0.527528 0.266973
0.52953 0.27124
0.531532 0.275509
0.533534 0.27978
0.535536 0.284054
0.537538 0.288329
0.53954 0.292606
0.541542 0.296885
0.543544 0.301165
0.545546 0.305447
0.547548 0.309731
0.54955 0.314015
0.551552 0.318301
0.553554 0.322588
0.555556 0.326877
0.557558 0.331166
0.55956 0.335456
0.561562 0.339749
0.563564 0.344044
0.565566 0.348342
0.567568 0.352643
0.56957 0.356949
0.571572 0.361259
0.573574 0.365574
0.575576 0.369894
0.577578 0.374221
0.57958 0.378554
0.581582 0.382894
0.583584 0.387241
0.585586 0.391597
0.587588 0.395962
0.58959 0.400335
0.591592 0.404718
0.593594 0.409111
0.595596 0.413515
0.597598 0.41793
0.5996 0.422357
0.601602 0.426796
0.603604 0.431247
0.605606 0.435712
0.607608 0.440191
0.60961 0.444683
0.611612 0.449191
0.613614 0.453714
0.615616 0.458252
0.617618 0.462807
0.61962 0.467379
0.621622 0.471967
0.623624 0.476574
0.625626 0.481199
0.627628 0.485843
0.62963 0.490506
0.631632 0.495189
0.633634 0.499892
0.635636 0.504617
0.637638 0.509362
0.63964 0.51413
0.641642 0.51892
0.643644 0.523733
0.645646 0.528569
0.647648 0.53343
0.64965 0.538315
0.651652 0.543224
0.653654 0.54816
0.655656 0.553121
0.657658 0.558109
0.65966 0.563124
0.661662 0.568166
0.663664 0.573237
0.665666 0.578336
0.667668 0.583464
0.66967 0.588621
0.671672 0.593809
0.673674 0.599027
0.675676 0.604277
0.677678 0.609558
0.67968 0.614871
0.681682 0.620217
0.683684 0.625596
0.685686 0.631009
0.687688 0.636456
0.68969 0.641938
0.691692 0.647455
0.693694 0.653007
0.695696 0.658596
0.697698 0.664222
0.6997 0.669885
0.701702 0.675586
0.703704 0.681325
0.705706 0.687102
0.707708 0.692919
0.70971 0.698776
0.711712 0.704674
0.713714 0.710612
0.715716 0.716591
0.717718 0.722613
0.71972 0.728676
0.721722 0.734783
0.723724 0.740933
0.725726 0.747127
0.727728 0.753365
0.72973 0.759649
0.731732 0.765978
0.733734 0.772352
0.735736 0.778774
0.737738 0.785242
0.73974 0.791758
0.741742 0.798322
0.743744 0.804934
0.745746 0.811595
0.747748 0.818306
0.74975 0.825067
0.751752 0.831879
0.753754 0.838741
0.755756 0.845656
0.757758 0.852622
0.75976 0.859641
0.761762 0.866713
0.763764 0.873839
0.765766 0.881019
0.767768 0.888253
0.76977 0.895543
0.771772 0.902889
0.773774 0.91029
0.775776 0.917749
0.777778 0.925264
0.77978 0.932838
0.781782 0.940468
0.783784 0.948155
0.785786 0.955899
0.787788 0.963698
0.78979 0.971552
0.791792 0.979461
0.793794 0.987423
0.795796 0.99544
0.797798 1.00351
0.7998 1.01163
0.801802 1.01981
0.803804 1.02803
0.805806 1.03631
0.807808 1.04463
0.80981 1.05301
0.811812 1.06144
0.813814 1.06991
0.815816 1.07844
0.817818 1.08701
0.81982 1.09563
0.821822 1.10429
0.823824 1.11301
0.825826 1.12176
0.827828 1.13057
0.82983 1.13941
0.831832 1.14831
0.833834 1.15724
0.835836 1.16622
0.837838 1.17524
0.83984 1.18431
0.841842 1.19341
0.843844 1.20256
0.845846 1.21174
0.847848 1.22097
0.84985 1.23024
0.851852 1.23954
0.853854 1.24889
0.855856 1.25827
0.857858 1.26769
0.85986 1.27715
0.861862 1.28664
0.863864 1.29617
0.865866 1.30573
0.867868 1.31533
0.86987 1.32496
0.871872 1.33463
0.873874 1.34433
0.875876 1.35406
0.877878 1.36383
0.87988 1.37363
0.881882 1.38346
0.883884 1.39332
0.885886 1.4032
0.887888 1.41312
0.88989 1.42307
0.891892 1.43305
0.893894 1.44305
0.895896 1.45309
0.897898 1.46314
0.8999 1.47323
0.901902 1.48334
0.903904 1.49348
0.905906 1.50364
0.907908 1.51383
0.90991 1.52404
0.911912 1.53427
0.913914 1.54453
0.915916 1.55481
0.917918 1.56511
0.91992 1.57543
0.921922 1.58578
0.923924 1.59614
0.925926 1.60653
0.927928 1.61693
0.92993 1.62735
0.931932 1.63779
0.933934 1.64825
0.935936 1.65872
0.937938 1.66921
0.93994 1.67972
0.941942 1.69024
0.943944 1.70078
0.945946 1.71133
0.947948 1.7219
0.94995 1.73248
0.951952 1.74307
0.953954 1.75368
0.955956 1.7643
0.957958 1.77493
0.95996 1.78557
0.961962 1.79622
0.963964 1.80688
0.965966 1.81755
0.967968 1.82822
0.96997 1.83891
0.971972 1.84961
0.973974 1.86031
0.975976 1.87102
0.977978 1.88173
0.97998 1.89245
0.981982 1.90318
0.983984 1.91391
0.985986 1.92464
0.987988 1.93538
0.98999 1.94612
0.991992 1.95687
0.993994 1.96761
0.995996 1.97836
0.997998 1.98911
1 1.99986
