-1 -1.14145
-0.997998 -1.13889
-0.995996 -1.13633
-0.993994 -1.13376
-0.991992 -1.1312
-0.98999 -1.12864
-0.987988 -1.12607
-0.985986 -1.12351
-0.983984 -1.12095
-0.981982 -1.11839
-0.97998 -1.11582
-0.977978 -1.11326
-0.975976 -1.1107
-0.973974 -1.10813
-0.971972 -1.10557
-0.96997 -1.10301
-0.967968 -1.10045
-0.965966 -1.09788
-0.963964 -1.09532
-0.961962 -1.09276
-0.95996 -1.0902
-0.957958 -1.08763
-0.955956 -1.08507
-0.953954 -1.08251
-0.951952 -1.07994
-0.94995 -1.07738
-0.947948 -1.07482
-0.945946 -1.07226
-0.943944 -1.06969
-0.941942 -1.06713
-0.93994 -1.06457
-0.937938 -1.062
-0.935936 -1.05944
-0.933934 -1.05688
-0.931932 -1.05432
-0.92993 -1.05175
-0.927928 -1.04919
-0.925926 -1.04663
-0.923924 -1.04406
-0.921922 -1.0415
-0.91992 -1.03894
-0.917918 -1.03638
-0.915916 -1.03381
-0.913914 -1.03125
-0.911912 -1.02869
-0.90991 -1.02613
-0.907908 -1.02356
-0.905906 -1.021
-0.903904 -1.01844
-0.901902 -1.01587
-0.8999 -1.01331
-0.897898 -1.01075
-0.895896 -1.00819
-0.893894 -1.00562
-0.891892 -1.00306
-0.88989 -1.0005
-0.887888 -0.997935
-0.885886 -0.995372
-0.883884 -0.992809
-0.881882 -0.990246
-0.87988 -0.987683
-0.877878 -0.985121
-0.875876 -0.982558
-0.873874 -0.979995
-0.871872 -0.977432
-0.86987 -0.974869
-0.867868 -0.972307
-0.865866 -0.969744
-0.863864 -0.967181
-0.861862 -0.964618
-0.85986 -0.962055
-0.857858 -0.959493
-0.855856 -0.95693
-0.853854 -0.954367
-0.851852 -0.951804
-0.84985 -0.949241
-0.847848 -0.946679
-0.845846 -0.944116
-0.843844 -0.941553
-0.841842 -0.93899
-0.83984 -0.936427
-0.837838 -0.933865
-0.835836 -0.931302
-0.833834 -0.928739
-0.831832 -0.926176
-0.82983 -0.923613
-0.827828 -0.921051
-0.825826 -0.918488
-0.823824 -0.915925
-0.821822 -0.913362
-0.81982 -0.910799
-0.817818 -0.908237
-0.815816 -0.905674
-0.813814 -0.903111
-0.811812 -0.900548
-0.80981 -0.897985
-0.807808 -0.895423
-0.805806 -0.89286
-0.803804 -0.890297
-0.801802 -0.887734
-0.7998 -0.885171
-0.797798 -0.882609
-0.795796 -0.880046
-0.793794 -0.877483
-0.791792 -0.87492
-0.78979 -0.872357
-0.787788 -0.869795
-0.785786 -0.867232
-0.783784 -0.864669
-0.781782 -0.862106
-0.77978 -0.859543
-0.777778 -0.856981
-0.775776 -0.856928
-0.773774 -0.856876
-0.771772 -0.856824
-0.76977 -0.856772
-0.767768 -0.85672
-0.765766 -0.856667
-0.763764 -0.856615
-0.761762 -0.856563
-0.75976 -0.856511
-0.757758 -0.856458
-0.755756 -0.856406
-0.753754 -0.856354
-0.751752 -0.856302
-0.74975 -0.85625
-0.747748 -0.856197
-0.745746 -0.856145
-0.743744 -0.856093
-0.741742 -0.856041
-0.73974 -0.855989
-0.737738 -0.855936
-0.735736 -0.855884
-0.733734 -0.855832
-0.731732 -0.85578
-0.72973 -0.855728
-0.727728 -0.855675
-0.725726 -0.855623
-0.723724 -0.855571
-0.721722 -0.855519
-0.71972 -0.855466
-0.717718 -0.855414
-0.715716 -0.855362
-0.713714 -0.85531
-0.711712 -0.855258
-0.70971 -0.855205
-0.707708 -0.855153
-0.705706 -0.855101
-0.703704 -0.855049
-0.701702 -0.854997
-0.6997 -0.854944
-0.697698 -0.854892
-0.695696 -0.85484
-0.693694 -0.854788
-0.691692 -0.854736
-0.68969 -0.854683
-0.687688 -0.854631
-0.685686 -0.854579
-0.683684 -0.854527
-0.681682 -0.854475
-0.67968 -0.854422
-0.677678 -0.85437
-0.675676 -0.854318
-0.673674 -0.854266
-0.671672 -0.854213
-0.66967 -0.854161
-0.667668 -0.854109
-0.665666 -0.854057
-0.663664 -0.854005
-0.661662 -0.853952
-0.65966 -0.8539
-0.657658 -0.853848
-0.655656 -0.853796
-0.653654 -0.853744
-0.651652 -0.853691
-0.64965 -0.853639
-0.647648 -0.853587
-0.645646 -0.853535
-0.643644 -0.853483
-0.641642 -0.85343
-0.63964 -0.853378
-0.637638 -0.853326
-0.635636 -0.853274
-0.633634 -0.853221
-0.631632 -0.853169
-0.62963 -0.853117
-0.627628 -0.853065
-0.625626 -0.853013
-0.623624 -0.85296
-0.621622 -0.852908
-0.61962 -0.852856
-0.617618 -0.852804
-0.615616 -0.852752
-0.613614 -0.852699
-0.611612 -0.852647
-0.60961 -0.852595
-0.607608 -0.852543
-0.605606 -0.852491
-0.603604 -0.852438
-0.601602 -0.852386
-0.5996 -0.852334
-0.597598 -0.852282
-0.595596 -0.85223
-0.593594 -0.852177
-0.591592 -0.852125
-0.58959 -0.852073
-0.587588 -0.852021
-0.585586 -0.851968
-0.583584 -0.851916
-0.581582 -0.851864
-0.57958 -0.851812
-0.577578 -0.85176
-0.575576 -0.851707
-0.573574 -0.851655
-0.571572 -0.851603
-0.56957 -0.851551
-0.567568 -0.851499
-0.565566 -0.851446
-0.563564 -0.851394
-0.561562 -0.851342
-0.55956 -0.85129
-0.557558 -0.851238
-0.555556 -0.851185
-0.553554 -0.85072
-0.551552 -0.850254
-0.54955 -0.849789
-0.547548 -0.849324
-0.545546 -0.848858
-0.543544 -0.848393
-0.541542 -0.847927
-0.53954 -0.847462
-0.537538 -0.846996
-0.535536 -0.846531
-0.533534 -0.846066
-0.531532 -0.8456
-0.52953 -0.845135
-0.527528 -0.844669
-0.525526 -0.844204
-0.523524 -0.843738
-0.521522 -0.843273
-0.51952 -0.842808
-0.517518 -0.842342
-0.515516 -0.841877
-0.513514 -0.841411
-0.511512 -0.840946
-0.50951 -0.84048
-0.507508 -0.840015
-0.505506 -0.839549
-0.503503 -0.839084
-0.501501 -0.838619
-0.499499 -0.838153
-0.497497 -0.837688
-0.495495 -0.837222
-0.493493 -0.836757
-0.491491 -0.836291
-0.489489 -0.835826
-0.487487 -0.835361
-0.485485 -0.834895
-0.483483 -0.83443
-0.481481 -0.833964
-0.479479 -0.833499
-0.477477 -0.833033
-0.475475 -0.832568
-0.473473 -0.832103
-0.471471 -0.831637
-0.469469 -0.831172
-0.467467 -0.830706
-0.465465 -0.830241
-0.463463 -0.829775
-0.461461 -0.82931
-0.459459 -0.828844
-0.457457 -0.828379
-0.455455 -0.827914
-0.453453 -0.827448
-0.451451 -0.826983
-0.449449 -0.826517
-0.447447 -0.826052
-0.445445 -0.825586
-0.443443 -0.825121
-0.441441 -0.824656
-0.439439 -0.82419
-0.437437 -0.823725
-0.435435 -0.823259
-0.433433 -0.822794
-0.431431 -0.822328
-0.429429 -0.821863
-0.427427 -0.821398
-0.425425 -0.820932
-0.423423 -0.820467
-0.421421 -0.820001
-0.419419 -0.819536
-0.417417 -0.81907
-0.415415 -0.818605
-0.413413 -0.818139
-0.411411 -0.817674
-0.409409 -0.817209
-0.407407 -0.816743
-0.405405 -0.816278
-0.403403 -0.815812
-0.401401 -0.815347
-0.399399 -0.814881
-0.397397 -0.814416
-0.395395 -0.813951
-0.393393 -0.813485
-0.391391 -0.81302
-0.389389 -0.812554
-0.387387 -0.812089
-0.385385 -0.811623
-0.383383 -0.811158
-0.381381 -0.810693
-0.379379 -0.810227
-0.377377 -0.809762
-0.375375 -0.809296
-0.373373 -0.808831
-0.371371 -0.808365
-0.369369 -0.8079
-0.367367 -0.807435
-0.365365 -0.806969
-0.363363 -0.806504
-0.361361 -0.806038
-0.359359 -0.805573
-0.357357 -0.805107
-0.355355 -0.804642
-0.353353 -0.804176
-0.351351 -0.803711
-0.349349 -0.803246
-0.347347 -0.80278
-0.345345 -0.802315
-0.343343 -0.801849
-0.341341 -0.801384
-0.339339 -0.800918
-0.337337 -0.800453
-0.335335 -0.799988
-0.333333 -0.799522
-0.331331 -0.798353
-0.329329 -0.797185
-0.327327 -0.796016
-0.325325 -0.794847
-0.323323 -0.793678
-0.321321 -0.79251
-0.319319 -0.791341
-0.317317 -0.790172
-0.315315 -0.789003
-0.313313 -0.787835
-0.311311 -0.786666
-0.309309 -0.785497
-0.307307 -0.784328
-0.305305 -0.78316
-0.303303 -0.781991
-0.301301 -0.780822
-0.299299 -0.779653
-0.297297 -0.778485
-0.295295 -0.777316
-0.293293 -0.776147
-0.291291 -0.774979
-0.289289 -0.77381
-0.287287 -0.772641
-0.285285 -0.771472
-0.283283 -0.770304
-0.281281 -0.769135
-0.279279 -0.767966
-0.277277 -0.766797
-0.275275 -0.765629
-0.273273 -0.76446
-0.271271 -0.763291
-0.269269 -0.762122
-0.267267 -0.760954
-0.265265 -0.759785
-0.263263 -0.758616
-0.261261 -0.757447
-0.259259 -0.756279
-0.257257 -0.75511
-0.255255 -0.753941
-0.253253 -0.752772
-0.251251 -0.751604
-0.249249 -0.750435
-0.247247 -0.749266
-0.245245 -0.748097
-0.243243 -0.746929
-0.241241 -0.74576
-0.239239 -0.744591
-0.237237 -0.743422
-0.235235 -0.742254
-0.233233 -0.741085
-0.231231 -0.739916
-0.229229 -0.738747
-0.227227 -0.737579
-0.225225 -0.73641
-0.223223 -0.735241
-0.221221 -0.734073
-0.219219 -0.732904
-0.217217 -0.731735
-0.215215 -0.730566
-0.213213 -0.729398
-0.211211 -0.728229
-0.209209 -0.72706
-0.207207 -0.725891
-0.205205 -0.724723
-0.203203 -0.723554
-0.201201 -0.722385
-0.199199 -0.721216
-0.197197 -0.720048
-0.195195 -0.718879
-0.193193 -0.71771
-0.191191 -0.716541
-0.189189 -0.715373
-0.187187 -0.714204
-0.185185 -0.713035
-0.183183 -0.711866
-0.181181 -0.710698
-0.179179 -0.709529
-0.177177 -0.70836
-0.175175 -0.707191
-0.173173 -0.706023
-0.171171 -0.704854
-0.169169 -0.703685
-0.167167 -0.702516
-0.165165 -0.701348
-0.163163 -0.700179
-0.161161 -0.69901
-0.159159 -0.697841
-0.157157 -0.696673
-0.155155 -0.695504
-0.153153 -0.694335
-0.151151 -0.693167
-0.149149 -0.691998
-0.147147 -0.690829
-0.145145 -0.68966
-0.143143 -0.688492
-0.141141 -0.687323
-0.139139 -0.686154
-0.137137 -0.684985
-0.135135 -0.683817
-0.133133 -0.682648
-0.131131 -0.681479
-0.129129 -0.68031
-0.127127 -0.679142
-0.125125 -0.677973
-0.123123 -0.676804
-0.121121 -0.675635
-0.119119 -0.674467
-0.117117 -0.673298
-0.115115 -0.672129
-0.113113 -0.67096
-0.111111 -0.669792
-0.109109 -0.667786
-0.107107 -0.665779
-0.105105 -0.663773
-0.103103 -0.661767
-0.101101 -0.659761
-0.0990991 -0.657755
-0.0970971 -0.655749
-0.0950951 -0.653743
-0.0930931 -0.651736
-0.0910911 -0.64973
-0.0890891 -0.647724
-0.0870871 -0.645718
-0.0850851 -0.643712
-0.0830831 -0.641706
-0.0810811 -0.639699
-0.0790791 -0.637693
-0.0770771 -0.635687
-0.0750751 -0.633681
-0.0730731 -0.631675
-0.0710711 -0.629669
-0.0690691 -0.627663
-0.0670671 -0.625656
-0.0650651 -0.62365
-0.0630631 -0.621644
-0.0610611 -0.619638
-0.0590591 -0.617632
-0.0570571 -0.615626
-0.0550551 -0.61362
-0.0530531 -0.611613
-0.0510511 -0.609607
-0.049049 -0.607601
-0.047047 -0.605595
-0.045045 -0.603589
-0.043043 -0.601583
-0.041041 -0.599577
-0.039039 -0.59757
-0.037037 -0.595564
-0.035035 -0.593558
-0.033033 -0.591552
-0.031031 -0.589546
-0.029029 -0.58754
-0.027027 -0.585534
-0.025025 -0.583527
-0.023023 -0.581521
-0.021021 -0.579515
-0.019019 -0.577509
-0.017017 -0.575503
-0.015015 -0.573497
-0.013013 -0.571491
-0.011011 -0.569484
-0.00900901 -0.567478
-0.00700701 -0.565472
-0.005005 -0.563466
-0.003003 -0.56146
-0.001001 -0.559454
0.001001 -0.557448
0.003003 -0.555441
0.005005 -0.553435
0.00700701 -0.551429
0.00900901 -0.549423
0.011011 -0.547417
0.013013 -0.545411
0.015015 -0.543405
0.017017 -0.541398
0.019019 -0.539392
0.021021 -0.537386
0.023023 -0.53538
0.025025 -0.533374
0.027027 -0.531368
0.029029 -0.529362
0.031031 -0.527355
0.033033 -0.525349
0.035035 -0.523343
0.037037 -0.521337
0.039039 -0.519331
0.041041 -0.517325
0.043043 -0.515319
0.045045 -0.513312
0.047047 -0.511306
0.049049 -0.5093
0.0510511 -0.507294
0.0530531 -0.505288
0.0550551 -0.503282
0.0570571 -0.501276
0.0590591 -0.499269
0.0610611 -0.497263
0.0630631 -0.495257
0.0650651 -0.493251
0.0670671 -0.491245
0.0690691 -0.489239
0.0710711 -0.487233
0.0730731 -0.485226
0.0750751 -0.48322
0.0770771 -0.481214
0.0790791 -0.479208
0.0810811 -0.477202
0.0830831 -0.475196
0.0850851 -0.47319
0.0870871 -0.471183
0.0890891 -0.469177
0.0910911 -0.467171
0.0930931 -0.465165
0.0950951 -0.463159
0.0970971 -0.461153
0.0990991 -0.459147
0.101101 -0.45714
0.103103 -0.455134
0.105105 -0.453128
0.107107 -0.451122
0.109109 -0.449116
0.111111 -0.44711
0.113113 -0.444161
0.115115 -0.441213
0.117117 -0.438265
0.119119 -0.435316
0.121121 -0.432368
0.123123 -0.42942
0.125125 -0.426472
0.127127 -0.423523
0.129129 -0.420575
0.131131 -0.417627
0.133133 -0.414678
0.135135 -0.41173
0.137137 -0.408782
0.139139 -0.405833
0.141141 -0.402885
0.143143 -0.399937
0.145145 -0.396989
0.147147 -0.39404
0.149149 -0.391092
0.151151 -0.388144
0.153153 -0.385195
0.155155 -0.382247
0.157157 -0.379299
0.159159 -0.37635
0.161161 -0.373402
0.163163 -0.370454
0.165165 -0.367506
0.167167 -0.364557
0.169169 -0.361609
0.171171 -0.358661
0.173173 -0.355712
0.175175 -0.352764
0.177177 -0.349816
0.179179 -0.346867
0.181181 -0.343919
0.183183 -0.340971
0.185185 -0.338023
0.187187 -0.335074
0.189189 -0.332126
0.191191 -0.329178
0.193193 -0.326229
0.195195 -0.323281
0.197197 -0.320333
0.199199 -0.317384
0.201201 -0.314436
0.203203 -0.311488
0.205205 -0.30854
0.207207 -0.305591
0.209209 -0.302643
0.211211 -0.299695
0.213213 -0.296746
0.215215 -0.293798
0.217217 -0.29085
0.219219 -0.287901
0.221221 -0.284953
0.223223 -0.282005
0.225225 -0.279057
0.227227 -0.276108
0.229229 -0.27316
0.231231 -0.270212
0.233233 -0.267263
0.235235 -0.264315
0.237237 -0.261367
0.239239 -0.258418
0.241241 -0.25547
0.243243 -0.252522
0.245245 -0.249574
0.247247 -0.246625
0.249249 -0.243677
0.251251 -0.240729
0.253253 -0.23778
0.255255 -0.234832
0.257257 -0.231884
0.259259 -0.228935
0.261261 -0.225987
0.263263 -0.223039
0.265265 -0.220091
0.267267 -0.217142
0.269269 -0.214194
0.271271 -0.211246
0.273273 -0.208297
0.275275 -0.205349
0.277277 -0.202401
0.279279 -0.199452
0.281281 -0.196504
0.283283 -0.193556
0.285285 -0.190608
0.287287 -0.187659
0.289289 -0.184711
0.291291 -0.181763
0.293293 -0.178814
0.295295 -0.175866
0.297297 -0.172918
0.299299 -0.169969
0.301301 -0.167021
0.303303 -0.164073
0.305305 -0.161125
0.307307 -0.158176
0.309309 -0.155228
0.311311 -0.15228
0.313313 -0.149331
0.315315 -0.146383
0.317317 -0.143435
0.319319 -0.140486
0.321321 -0.137538
0.323323 -0.13459
0.325325 -0.131642
0.327327 -0.128693
0.329329 -0.125745
0.331331 -0.122797
0.333333 -0.119848
0.335335 -0.115824
0.337337 -0.111799
0.339339 -0.107775
0.341341 -0.10375
0.343343 -0.0997256
0.345345 -0.095701
0.347347 -0.0916765
0.349349 -0.0876519
0.351351 -0.0836274
0.353353 -0.0796028
0.355355 -0.0755783
0.357357 -0.0715537
0.359359 -0.0675292
0.361361 -0.0635046
0.363363 -0.0594801
0.365365 -0.0554555
0.367367 -0.051431
0.369369 -0.0474064
0.371371 -0.0433819
0.373373 -0.0393573
0.375375 -0.0353328
0.377377 -0.0313082
0.379379 -0.0272837
0.381381 -0.0232591
0.383383 -0.0192346
0.385385 -0.01521
0.387387 -0.0111855
0.389389 -0.00716095
0.391391 -0.0031364
0.393393 0.000888152
0.395395 0.0049127
0.397397 0.00893725
0.399399 0.0129618
0.401401 0.0169863
0.403403 0.0210109
0.405405 0.0250354
0.407407 0.02906
0.409409 0.0330845
0.411411 0.0371091
0.413413 0.0411336
0.415415 0.0451582
0.417417 0.0491827
0.419419 0.0532073
0.421421 0.0572318
0.423423 0.0612564
0.425425 0.0652809
0.427427 0.0693055
0.429429 0.07333
0.431431 0.0773546
0.433433 0.0813791
0.435435 0.0854037
0.437437 0.0894282
0.439439 0.0934528
0.441441 0.0974773
0.443443 0.101502
0.445445 0.105526
0.447447 0.109551
0.449449 0.113576
0.451451 0.1176
0.453453 0.121625
0.455455 0.125649
0.457457 0.129674
0.459459 0.133698
0.461461 0.137723
0.463463 0.141747
0.465465 0.145772
0.467467 0.149796
0.469469 0.153821
0.471471 0.157846
0.473473 0.16187
0.475475 0.165895
0.477477 0.169919
0.479479 0.173944
0.481481 0.177968
0.483483 0.181993
0.485485 0.186017
0.487487 0.190042
0.489489 0.194066
0.491491 0.198091
0.493493 0.202116
0.495495 0.20614
0.497497 0.210165
0.499499 0.214189
0.501501 0.218214
0.503503 0.222238
0.505506 0.226263
0.507508 0.230287
0.50951 0.234312
0.511512 0.238337
0.513514 0.242361
0.515516 0.246386
0.517518 0.25041
0.51952 0.254435
0.521522 0.258459
0.523524 0.262484
0.525526 0.266508
0.527528 0.270533
0.52953 0.274557
0.531532 0.278582
0.533534 0.282607
0.535536 0.286631
0.537538 0.290656
0.53954 0.29468
0.541542 0.298705
0.543544 0.302729
0.545546 0.306754
0.547548 0.310778
0.54955 0.314803
0.551552 0.318828
0.553554 0.322852
0.555556 0.326877
0.557558 0.332267
0.55956 0.337658
0.561562 0.343049
0.563564 0.34844
0.565566 0.353831
0.567568 0.359222
0.56957 0.364613
0.571572 0.370004
0.573574 0.375395
0.575576 0.380785
0.577578 0.386176
0.57958 0.391567
0.581582 0.396958
0.583584 0.402349
0.585586 0.40774
0.587588 0.413131
0.58959 0.418522
0.591592 0.423912
0.593594 0.429303
0.595596 0.434694
0.597598 0.440085
0.5996 0.445476
0.601602 0.450867
0.603604 0.456258
0.605606 0.461649
0.607608 0.46704
0.60961 0.47243
0.611612 0.477821
0.613614 0.483212
0.615616 0.488603
0.617618 0.493994
0.61962 0.499385
0.621622 0.504776
0.623624 0.510167
0.625626 0.515557
0.627628 0.520948
0.62963 0.526339
0.631632 0.53173
0.633634 0.537121
0.635636 0.542512
0.637638 0.547903
0.63964 0.553294
0.641642 0.558685
0.643644 0.564075
0.645646 0.569466
0.647648 0.574857
0.64965 0.580248
0.651652 0.585639
0.653654 0.59103
0.655656 0.596421
0.657658 0.601812
0.65966 0.607202
0.661662 0.612593
0.663664 0.617984
0.665666 0.623375
0.667668 0.628766
0.66967 0.634157
0.671672 0.639548
0.673674 0.644939
0.675676 0.650329
0.677678 0.65572
0.67968 0.661111
0.681682 0.666502
0.683684 0.671893
0.685686 0.677284
0.687688 0.682675
0.68969 0.688066
0.691692 0.693457
0.693694 0.698847
0.695696 0.704238
0.697698 0.709629
0.6997 0.71502
0.701702 0.720411
0.703704 0.725802
0.705706 0.731193
0.707708 0.736584
0.70971 0.741974
0.711712 0.747365
0.713714 0.752756
0.715716 0.758147
0.717718 0.763538
0.71972 0.768929
0.721722 0.77432
0.723724 0.779711
0.725726 0.785102
0.727728 0.790492
0.72973 0.795883
0.731732 0.801274
0.733734 0.806665
0.735736 0.812056
0.737738 0.817447
0.73974 0.822838
0.741742 0.828229
0.743744 0.833619
0.745746 0.83901
0.747748 0.844401
0.74975 0.849792
0.751752 0.855183
0.753754 0.860574
0.755756 0.865965
0.757758 0.871356
0.75976 0.876746
0.761762 0.882137
0.763764 0.887528
0.765766 0.892919
0.767768 0.89831
0.76977 0.903701
0.771772 0.909092
0.773774 0.914483
0.775776 0.919874
0.777778 0.925264
0.77978 0.934945
0.781782 0.944626
0.783784 0.954308
0.785786 0.963989
0.787788 0.97367
0.78979 0.983351
0.791792 0.993032
0.793794 1.00271
0.795796 1.01239
0.797798 1.02207
0.7998 1.03176
0.801802 1.04144
0.803804 1.05112
0.805806 1.0608
0.807808 1.07048
0.80981 1.08016
0.811812 1.08984
0.813814 1.09952
0.815816 1.1092
0.817818 1.11888
0.81982 1.12857
0.821822 1.13825
0.823824 1.14793
0.825826 1.15761
0.827828 1.16729
0.82983 1.17697
0.831832 1.18665
0.833834 1.19633
0.835836 1.20601
0.837838 1.2157
0.83984 1.22538
0.841842 1.23506
0.843844 1.24474
0.845846 1.25442
0.847848 1.2641
0.84985 1.27378
0.851852 1.28346
0.853854 1.29314
0.855856 1.30282
0.857858 1.31251
0.85986 1.32219
0.861862 1.33187
0.863864 1.34155
0.865866 1.35123
0.867868 1.36091
0.86987 1.37059
0.871872 1.38027
0.873874 1.38995
0.875876 1.39963
0.877878 1.40932
0.87988 1.419
0.881882 1.42868
0.883884 1.43836
0.885886 1.44804
0.887888 1.45772
0.88989 1.4674
0.891892 1.47708
0.893894 1.48676
0.895896 1.49645
0.897898 1.50613
0.8999 1.51581
0.901902 1.52549
0.903904 1.53517
0.905906 1.54485
0.907908 1.55453
0.90991 1.56421
0.911912 1.57389
0.913914 1.58357
0.915916 1.59326
0.917918 1.60294
0.91992 1.61262
0.921922 1.6223
0.923924 1.63198
0.925926 1.64166
0.927928 1.65134
0.92993 1.66102
0.931932 1.6707
0.933934 1.68038
0.935936 1.69007
0.937938 1.69975
0.93994 1.70943
0.941942 1.71911
0.943944 1.72879
0.945946 1.73847
0.947948 1.74815
0.94995 1.75783
0.951952 1.76751
0.953954 1.77719
0.955956 1.78688
0.957958 1.79656
0.95996 1.80624
0.961962 1.81592
0.963964 1.8256
0.965966 1.83528
0.967968 1.84496
0.96997 1.85464
0.971972 1.86432
0.973974 1.87401
0.975976 1.88369
0.977978 1.89337
0.97998 1.90305
0.981982 1.91273
0.983984 1.92241
0.985986 1.93209
0.987988 1.94177
0.98999 1.95145
0.991992 1.96113
0.993994 1.97082
0.995996 1.9805
0.997998 1.99018
1 1.99986
