-1 -1.14145
-0.997998 -1.13097
-0.995996 -1.12051
-0.993994 -1.11009
-0.991992 -1.09971
-0.98999 -1.0894
-0.987988 -1.07917
-0.985986 -1.06905
-0.983984 -1.05904
-0.981982 -1.04916
-0.97998 -1.03944
-0.977978 -1.02988
-0.975976 -1.02051
-0.973974 -1.01134
-0.971972 -1.00238
-0.96997 -0.993662
-0.967968 -0.985193
-0.965966 -0.976992
-0.963964 -0.969076
-0.961962 -0.961461
-0.95996 -0.954164
-0.957958 -0.947202
-0.955956 -0.940591
-0.953954 -0.934349
-0.951952 -0.928492
-0.94995 -0.923036
-0.947948 -0.917999
-0.945946 -0.913382
-0.943944 -0.909167
-0.941942 -0.905335
-0.93994 -0.901868
-0.937938 -0.898746
-0.935936 -0.89595
-0.933934 -0.89346
-0.931932 -0.891259
-0.92993 -0.889326
-0.927928 -0.887644
-0.925926 -0.886191
-0.923924 -0.884951
-0.921922 -0.883902
-0.91992 -0.883028
-0.917918 -0.882307
-0.915916 -0.881722
-0.913914 -0.881252
-0.911912 -0.88088
-0.90991 -0.880586
-0.907908 -0.88035
-0.905906 -0.880154
-0.903904 -0.879979
-0.901902 -0.879806
-0.8999 -0.879615
-0.897898 -0.879387
-0.895896 -0.879106
-0.893894 -0.878767
-0.891892 -0.878375
-0.88989 -0.877934
-0.887888 -0.877447
-0.885886 -0.876918
-0.883884 -0.876352
-0.881882 -0.875751
-0.87988 -0.87512
-0.877878 -0.874462
-0.875876 -0.873782
-0.873874 -0.873082
-0.871872 -0.872368
-0.86987 -0.871643
-0.867868 -0.87091
-0.865866 -0.870174
-0.863864 -0.869438
-0.861862 -0.868707
-0.85986 -0.867983
-0.857858 -0.867271
-0.855856 -0.866575
-0.853854 -0.865898
-0.851852 -0.865245
-0.84985 -0.864619
-0.847848 -0.864023
-0.845846 -0.863463
-0.843844 -0.862939
-0.841842 -0.862452
-0.83984 -0.862
-0.837838 -0.861581
-0.835836 -0.861194
-0.833834 -0.860837
-0.831832 -0.860509
-0.82983 -0.860208
-0.827828 -0.859933
-0.825826 -0.859682
-0.823824 -0.859454
-0.821822 -0.859247
-0.81982 -0.85906
-0.817818 -0.858891
-0.815816 -0.858739
-0.813814 -0.858602
-0.811812 -0.858478
-0.80981 -0.858367
-0.807808 -0.858267
-0.805806 -0.858175
-0.803804 -0.858091
-0.801802 -0.858014
-0.7998 -0.857941
-0.797798 -0.857871
-0.795796 -0.857803
-0.793794 -0.857735
-0.791792 -0.857666
-0.78979 -0.857597
-0.787788 -0.857528
-0.785786 -0.857459
-0.783784 -0.85739
-0.781782 -0.857322
-0.77978 -0.857254
-0.777778 -0.857186
-0.775776 -0.85712
-0.773774 -0.857054
-0.771772 -0.85699
-0.76977 -0.856927
-0.767768 -0.856865
-0.765766 -0.856805
-0.763764 -0.856746
-0.761762 -0.85669
-0.75976 -0.856636
-0.757758 -0.856583
-0.755756 -0.856534
-0.753754 -0.856487
-0.751752 -0.856443
-0.74975 -0.856401
-0.747748 -0.856363
-0.745746 -0.856328
-0.743744 -0.856296
-0.741742 -0.856268
-0.73974 -0.856243
-0.737738 -0.856222
-0.735736 -0.856203
-0.733734 -0.856188
-0.731732 -0.856175
-0.72973 -0.856164
-0.727728 -0.856156
-0.725726 -0.85615
-0.723724 -0.856146
-0.721722 -0.856143
-0.71972 -0.856142
-0.717718 -0.856143
-0.715716 -0.856144
-0.713714 -0.856147
-0.711712 -0.85615
-0.70971 -0.856155
-0.707708 -0.856159
-0.705706 -0.856164
-0.703704 -0.856169
-0.701702 -0.856173
-0.6997 -0.856178
-0.697698 -0.856182
-0.695696 -0.856185
-0.693694 -0.856187
-0.691692 -0.856189
-0.68969 -0.856189
-0.687688 -0.856188
-0.685686 -0.856186
-0.683684 -0.856182
-0.681682 -0.856177
-0.67968 -0.856171
-0.677678 -0.856163
-0.675676 -0.856154
-0.673674 -0.856143
-0.671672 -0.856131
-0.66967 -0.856117
-0.667668 -0.856101
-0.665666 -0.856084
-0.663664 -0.856065
-0.661662 -0.856044
-0.65966 -0.856021
-0.657658 -0.855997
-0.655656 -0.855971
-0.653654 -0.855942
-0.651652 -0.855912
-0.64965 -0.85588
-0.647648 -0.855845
-0.645646 -0.855809
-0.643644 -0.85577
-0.641642 -0.855729
-0.63964 -0.855686
-0.637638 -0.855641
-0.635636 -0.855593
-0.633634 -0.855543
-0.631632 -0.855491
-0.62963 -0.855436
-0.627628 -0.855378
-0.625626 -0.855318
-0.623624 -0.855255
-0.621622 -0.85519
-0.61962 -0.855121
-0.617618 -0.85505
-0.615616 -0.854976
-0.613614 -0.854899
-0.611612 -0.85482
-0.60961 -0.854737
-0.607608 -0.854651
-0.605606 -0.854562
-0.603604 -0.85447
-0.601602 -0.854374
-0.5996 -0.854276
-0.597598 -0.854174
-0.595596 -0.854068
-0.593594 -0.853959
-0.591592 -0.853847
-0.58959 -0.853731
-0.587588 -0.853612
-0.585586 -0.853489
-0.583584 -0.853362
-0.581582 -0.853231
-0.57958 -0.853097
-0.577578 -0.852959
-0.575576 -0.852818
-0.573574 -0.852672
-0.571572 -0.852523
-0.56957 -0.85237
-0.567568 -0.852213
-0.565566 -0.852051
-0.563564 -0.851886
-0.561562 -0.851717
-0.55956 -0.851544
-0.557558 -0.851367
-0.555556 -0.851186
-0.553554 -0.851
-0.551552 -0.850811
-0.54955 -0.850617
-0.547548 -0.850419
-0.545546 -0.850216
-0.543544 -0.85001
-0.541542 -0.849799
-0.53954 -0.849584
-0.537538 -0.849364
-0.535536 -0.84914
-0.533534 -0.848911
-0.531532 -0.848678
-0.52953 -0.84844
-0.527528 -0.848198
-0.525526 -0.847952
-0.523524 -0.8477
-0.521522 -0.847444
-0.51952 -0.847184
-0.517518 -0.846919
-0.515516 -0.846649
-0.513514 -0.846374
-0.511512 -0.846095
-0.50951 -0.845811
-0.507508 -0.845522
-0.505506 -0.845228
-0.503503 -0.844929
-0.501501 -0.844626
-0.499499 -0.844317
-0.497497 -0.844004
-0.495495 -0.843686
-0.493493 -0.843362
-0.491491 -0.843034
-0.489489 -0.842701
-0.487487 -0.842362
-0.485485 -0.842019
-0.483483 -0.84167
-0.481481 -0.841316
-0.479479 -0.840957
-0.477477 -0.840593
-0.475475 -0.840224
-0.473473 -0.839849
-0.471471 -0.83947
-0.469469 -0.839084
-0.467467 -0.838694
-0.465465 -0.838299
-0.463463 -0.837898
-0.461461 -0.837491
-0.459459 -0.83708
-0.457457 -0.836663
-0.455455 -0.83624
-0.453453 -0.835812
-0.451451 -0.835379
-0.449449 -0.83494
-0.447447 -0.834496
-0.445445 -0.834046
-0.443443 -0.833591
-0.441441 -0.83313
-0.439439 -0.832664
-0.437437 -0.832192
-0.435435 -0.831714
-0.433433 -0.831231
-0.431431 -0.830742
-0.429429 -0.830248
-0.427427 -0.829747
-0.425425 -0.829241
-0.423423 -0.82873
-0.421421 -0.828212
-0.419419 -0.827689
-0.417417 -0.82716
-0.415415 -0.826626
-0.413413 -0.826085
-0.411411 -0.825539
-0.409409 -0.824987
-0.407407 -0.824429
-0.405405 -0.823865
-0.403403 -0.823295
-0.401401 -0.82272
-0.399399 -0.822138
-0.397397 -0.82155
-0.395395 -0.820957
-0.393393 -0.820358
-0.391391 -0.819752
-0.389389 -0.819141
-0.387387 -0.818523
-0.385385 -0.8179
-0.383383 -0.81727
-0.381381 -0.816635
-0.379379 -0.815993
-0.377377 -0.815345
-0.375375 -0.814691
-0.373373 -0.814031
-0.371371 -0.813365
-0.369369 -0.812693
-0.367367 -0.812014
-0.365365 -0.81133
-0.363363 -0.810639
-0.361361 -0.809942
-0.359359 -0.809238
-0.357357 -0.808529
-0.355355 -0.807813
-0.353353 -0.807091
-0.351351 -0.806363
-0.349349 -0.805628
-0.347347 -0.804887
-0.345345 -0.80414
-0.343343 -0.803386
-0.341341 -0.802626
-0.339339 -0.80186
-0.337337 -0.801087
-0.335335 -0.800308
-0.333333 -0.799522
-0.331331 -0.79873
-0.329329 -0.797932
-0.327327 -0.797127
-0.325325 -0.796315
-0.323323 -0.795498
-0.321321 -0.794673
-0.319319 -0.793843
-0.317317 -0.793005
-0.315315 -0.792161
-0.313313 -0.791311
-0.311311 -0.790454
-0.309309 -0.789591
-0.307307 -0.788721
-0.305305 -0.787844
-0.303303 -0.786961
-0.301301 -0.786071
-0.299299 -0.785174
-0.297297 -0.784271
-0.295295 -0.783362
-0.293293 -0.782445
-0.291291 -0.781522
-0.289289 -0.780592
-0.287287 -0.779656
-0.285285 -0.778713
-0.283283 -0.777763
-0.281281 -0.776806
-0.279279 -0.775843
-0.277277 -0.774873
-0.275275 -0.773896
-0.273273 -0.772912
-0.271271 -0.771922
-0.269269 -0.770925
-0.267267 -0.769921
-0.265265 -0.76891
-0.263263 -0.767892
-0.261261 -0.766867
-0.259259 -0.765836
-0.257257 -0.764798
-0.255255 -0.763753
-0.253253 -0.762701
-0.251251 -0.761642
-0.249249 -0.760576
-0.247247 -0.759503
-0.245245 -0.758424
-0.243243 -0.757337
-0.241241 -0.756244
-0.239239 -0.755143
-0.237237 -0.754036
-0.235235 -0.752921
-0.233233 -0.7518
-0.231231 -0.750671
-0.229229 -0.749536
-0.227227 -0.748394
-0.225225 -0.747244
-0.223223 -0.746088
-0.221221 -0.744924
-0.219219 -0.743753
-0.217217 -0.742576
-0.215215 -0.741391
-0.213213 -0.740199
-0.211211 -0.739
-0.209209 -0.737794
-0.207207 -0.736581
-0.205205 -0.73536
-0.203203 -0.734133
-0.201201 -0.732898
-0.199199 -0.731657
-0.197197 -0.730408
-0.195195 -0.729152
-0.193193 -0.727888
-0.191191 -0.726618
-0.189189 -0.72534
-0.187187 -0.724055
-0.185185 -0.722763
-0.183183 -0.721464
-0.181181 -0.720157
-0.179179 -0.718843
-0.177177 -0.717522
-0.175175 -0.716194
-0.173173 -0.714858
-0.171171 -0.713515
-0.169169 -0.712165
-0.167167 -0.710807
-0.165165 -0.709442
-0.163163 -0.70807
-0.161161 -0.70669
-0.159159 -0.705304
-0.157157 -0.703909
-0.155155 -0.702508
-0.153153 -0.701099
-0.151151 -0.699682
-0.149149 -0.698259
-0.147147 -0.696827
-0.145145 -0.695389
-0.143143 -0.693943
-0.141141 -0.692489
-0.139139 -0.691029
-0.137137 -0.68956
-0.135135 -0.688085
-0.133133 -0.686601
-0.131131 -0.685111
-0.129129 -0.683613
-0.127127 -0.682107
-0.125125 -0.680594
-0.123123 -0.679073
-0.121121 -0.677545
-0.119119 -0.67601
-0.117117 -0.674466
-0.115115 -0.672916
-0.113113 -0.671357
-0.111111 -0.669792
-0.109109 -0.668218
-0.107107 -0.666637
-0.105105 -0.665049
-0.103103 -0.663453
-0.101101 -0.661849
-0.0990991 -0.660238
-0.0970971 -0.658619
-0.0950951 -0.656992
-0.0930931 -0.655358
-0.0910911 -0.653716
-0.0890891 -0.652067
-0.0870871 -0.65041
-0.0850851 -0.648745
-0.0830831 -0.647072
-0.0810811 -0.645392
-0.0790791 -0.643705
-0.0770771 -0.642009
-0.0750751 -0.640306
-0.0730731 -0.638595
-0.0710711 -0.636876
-0.0690691 -0.63515
-0.0670671 -0.633416
-0.0650651 -0.631674
-0.0630631 -0.629924
-0.0610611 -0.628167
-0.0590591 -0.626402
-0.0570571 -0.624629
-0.0550551 -0.622848
-0.0530531 -0.62106
-0.0510511 -0.619263
-0.049049 -0.617459
-0.047047 -0.615647
-0.045045 -0.613828
-0.043043 -0.612
-0.041041 -0.610165
-0.039039 -0.608321
-0.037037 -0.60647
-0.035035 -0.604611
-0.033033 -0.602744
-0.031031 -0.600869
-0.029029 -0.598987
-0.027027 -0.597096
-0.025025 -0.595198
-0.023023 -0.593291
-0.021021 -0.591377
-0.019019 -0.589455
-0.017017 -0.587525
-0.015015 -0.585586
-0.013013 -0.58364
-0.011011 -0.581686
-0.00900901 -0.579724
-0.00700701 -0.577754
-0.005005 -0.575776
-0.003003 -0.57379
-0.001001 -0.571796
0.001001 -0.569794
0.003003 -0.567784
0.005005 -0.565766
0.00700701 -0.56374
0.00900901 -0.561706
0.011011 -0.559664
0.013013 -0.557614
0.015015 -0.555555
0.017017 -0.553489
0.019019 -0.551414
0.021021 -0.549332
0.023023 -0.547241
0.025025 -0.545142
0.027027 -0.543036
0.029029 -0.540921
0.031031 -0.538797
0.033033 -0.536666
0.035035 -0.534527
0.037037 -0.532379
0.039039 -0.530223
0.041041 -0.528059
0.043043 -0.525887
0.045045 -0.523707
0.047047 -0.521518
0.049049 -0.519322
0.0510511 -0.517117
0.0530531 -0.514904
0.0550551 -0.512682
0.0570571 -0.510453
0.0590591 -0.508215
0.0610611 -0.505969
0.0630631 -0.503714
0.0650651 -0.501452
0.0670671 -0.499181
0.0690691 -0.496902
0.0710711 -0.494614
0.0730731 -0.492318
0.0750751 -0.490014
0.0770771 -0.487702
0.0790791 -0.485381
0.0810811 -0.483052
0.0830831 -0.480715
0.0850851 -0.478369
0.0870871 -0.476015
0.0890891 -0.473652
0.0910911 -0.471281
0.0930931 -0.468902
0.0950951 -0.466514
0.0970971 -0.464118
0.0990991 -0.461714
0.101101 -0.459301
0.103103 -0.456879
0.105105 -0.45445
0.107107 -0.452011
0.109109 -0.449565
0.111111 -0.44711
0.113113 -0.444646
0.115115 -0.442174
0.117117 -0.439693
0.119119 -0.437204
0.121121 -0.434707
0.123123 -0.432201
0.125125 -0.429686
0.127127 -0.427163
0.129129 -0.424631
0.131131 -0.422091
0.133133 -0.419542
0.135135 -0.416985
0.137137 -0.414419
0.139139 -0.411845
0.141141 -0.409262
0.143143 -0.40667
0.145145 -0.40407
0.147147 -0.401461
0.149149 -0.398843
0.151151 -0.396217
0.153153 -0.393582
0.155155 -0.390939
0.157157 -0.388287
0.159159 -0.385626
0.161161 -0.382956
0.163163 -0.380278
0.165165 -0.377591
0.167167 -0.374896
0.169169 -0.372192
0.171171 -0.369479
0.173173 -0.366757
0.175175 -0.364026
0.177177 -0.361287
0.179179 -0.358539
0.181181 -0.355782
0.183183 -0.353017
0.185185 -0.350242
0.187187 -0.347459
0.189189 -0.344667
0.191191 -0.341867
0.193193 -0.339057
0.195195 -0.336239
0.197197 -0.333411
0.199199 -0.330575
0.201201 -0.32773
0.203203 -0.324877
0.205205 -0.322014
0.207207 -0.319142
0.209209 -0.316262
0.211211 -0.313372
0.213213 -0.310474
0.215215 -0.307567
0.217217 -0.30465
0.219219 -0.301725
0.221221 -0.298791
0.223223 -0.295848
0.225225 -0.292896
0.227227 -0.289935
0.229229 -0.286965
0.231231 -0.283985
0.233233 -0.280997
0.235235 -0.278
0.237237 -0.274994
0.239239 -0.271979
0.241241 -0.268954
0.243243 -0.265921
0.245245 -0.262878
0.247247 -0.259827
0.249249 -0.256766
0.251251 -0.253696
0.253253 -0.250618
0.255255 -0.247529
0.257257 -0.244432
0.259259 -0.241326
0.261261 -0.23821
0.263263 -0.235086
0.265265 -0.231952
0.267267 -0.228809
0.269269 -0.225656
0.271271 -0.222495
0.273273 -0.219324
0.275275 -0.216144
0.277277 -0.212955
0.279279 -0.209756
0.281281 -0.206548
0.283283 -0.203331
0.285285 -0.200105
0.287287 -0.196869
0.289289 -0.193624
0.291291 -0.190369
0.293293 -0.187106
0.295295 -0.183832
0.297297 -0.18055
0.299299 -0.177258
0.301301 -0.173957
0.303303 -0.170646
0.305305 -0.167326
0.307307 -0.163997
0.309309 -0.160658
0.311311 -0.157309
0.313313 -0.153951
0.315315 -0.150584
0.317317 -0.147207
0.319319 -0.14382
0.321321 -0.140425
0.323323 -0.137019
0.325325 -0.133604
0.327327 -0.130179
0.329329 -0.126745
0.331331 -0.123302
0.333333 -0.119848
0.335335 -0.116385
0.337337 -0.112913
0.339339 -0.109431
0.341341 -0.105939
0.343343 -0.102437
0.345345 -0.0989262
0.347347 -0.0954054
0.349349 -0.0918748
0.351351 -0.0883346
0.353353 -0.0847845
0.355355 -0.0812248
0.357357 -0.0776553
0.359359 -0.074076
0.361361 -0.0704869
0.363363 -0.066888
0.365365 -0.0632793
0.367367 -0.0596607
0.369369 -0.0560324
0.371371 -0.0523941
0.373373 -0.048746
0.375375 -0.045088
0.377377 -0.04142
0.379379 -0.0377422
0.381381 -0.0340544
0.383383 -0.0303567
0.385385 -0.026649
0.387387 -0.0229313
0.389389 -0.0192037
0.391391 -0.015466
0.393393 -0.0117183
0.395395 -0.00796061
0.397397 -0.00419281
0.399399 -0.000414934
0.401401 0.00337304
0.403403 0.00717112
0.405405 0.0109793
0.407407 0.0147977
0.409409 0.0186262
0.411411 0.0224649
0.413413 0.0263138
0.415415 0.0301729
0.417417 0.0340423
0.419419 0.0379219
0.421421 0.0418117
0.423423 0.0457119
0.425425 0.0496223
0.427427 0.0535431
0.429429 0.0574742
0.431431 0.0614156
0.433433 0.0653674
0.435435 0.0693296
0.437437 0.0733022
0.439439 0.0772852
0.441441 0.0812787
0.443443 0.0852826
0.445445 0.089297
0.447447 0.0933219
0.449449 0.0973573
0.451451 0.101403
0.453453 0.10546
0.455455 0.109527
0.457457 0.113605
0.459459 0.117693
0.461461 0.121792
0.463463 0.125902
0.465465 0.130022
0.467467 0.134153
0.469469 0.138295
0.471471 0.142448
0.473473 0.146611
0.475475 0.150785
0.477477 0.15497
0.479479 0.159166
0.481481 0.163372
0.483483 0.16759
0.485485 0.171818
0.487487 0.176058
0.489489 0.180308
0.491491 0.184569
0.493493 0.188841
0.495495 0.193124
0.497497 0.197419
0.499499 0.201724
0.501501 0.20604
0.503503 0.210368
0.505506 0.214707
0.507508 0.219057
0.50951 0.223418
0.511512 0.22779
0.513514 0.232174
0.515516 0.236569
0.517518 0.240975
0.51952 0.245392
0.521522 0.249821
0.523524 0.254261
0.525526 0.258713
0.527528 0.263176
0.52953 0.267651
0.531532 0.272137
0.533534 0.276634
0.535536 0.281144
0.537538 0.285664
0.53954 0.290197
0.541542 0.294741
0.543544 0.299296
0.545546 0.303864
0.547548 0.308443
0.54955 0.313034
0.551552 0.317636
0.553554 0.322251
0.555556 0.326877
0.557558 0.331515
0.55956 0.336165
0.561562 0.340827
0.563564 0.345502
0.565566 0.350188
0.567568 0.354886
0.56957 0.359596
0.571572 0.364318
0.573574 0.369053
0.575576 0.3738
0.577578 0.378558
0.57958 0.38333
0.581582 0.388113
0.583584 0.392909
0.585586 0.397717
0.587588 0.402537
0.58959 0.40737
0.591592 0.412216
0.593594 0.417073
0.595596 0.421944
0.597598 0.426827
0.5996 0.431722
0.601602 0.436631
0.603604 0.441552
0.605606 0.446485
0.607608 0.451432
0.60961 0.456392
0.611612 0.461364
0.613614 0.46635
0.615616 0.471349
0.617618 0.476361
0.61962 0.481385
0.621622 0.486424
0.623624 0.491475
0.625626 0.49654
0.627628 0.501618
0.62963 0.50671
0.631632 0.511815
0.633634 0.516934
0.635636 0.522066
0.637638 0.527212
0.63964 0.532371
0.641642 0.537545
0.643644 0.542732
0.645646 0.547933
0.647648 0.553148
0.64965 0.558376
0.651652 0.563619
0.653654 0.568876
0.655656 0.574147
0.657658 0.579432
0.65966 0.584731
0.661662 0.590044
0.663664 0.595371
0.665666 0.600713
0.667668 0.606069
0.66967 0.611439
0.671672 0.616824
0.673674 0.622223
0.675676 0.627637
0.677678 0.633065
0.67968 0.638507
0.681682 0.643964
0.683684 0.649436
0.685686 0.654923
0.687688 0.660424
0.68969 0.66594
0.691692 0.671471
0.693694 0.677017
0.695696 0.682577
0.697698 0.688153
0.6997 0.693744
0.701702 0.699351
0.703704 0.704974
0.705706 0.710612
0.707708 0.716266
0.70971 0.721937
0.711712 0.727624
0.713714 0.733328
0.715716 0.739049
0.717718 0.744787
0.71972 0.750542
0.721722 0.756314
0.723724 0.762104
0.725726 0.767912
0.727728 0.773738
0.72973 0.779582
0.731732 0.785444
0.733734 0.791325
0.735736 0.797224
0.737738 0.803143
0.73974 0.80908
0.741742 0.815037
0.743744 0.821013
0.745746 0.827009
0.747748 0.833024
0.74975 0.839058
0.751752 0.845112
0.753754 0.851185
0.755756 0.857276
0.757758 0.863386
0.75976 0.869514
0.761762 0.875661
0.763764 0.881826
0.765766 0.888009
0.767768 0.894209
0.76977 0.900427
0.771772 0.906663
0.773774 0.912916
0.775776 0.919186
0.777778 0.925473
0.77978 0.931777
0.781782 0.938097
0.783784 0.944434
0.785786 0.950787
0.787788 0.957157
0.78979 0.963542
0.791792 0.969943
0.793794 0.97636
0.795796 0.982792
0.797798 0.98924
0.7998 0.995706
0.801802 1.00219
0.803804 1.0087
0.805806 1.01522
0.807808 1.02178
0.80981 1.02835
0.811812 1.03496
0.813814 1.04159
0.815816 1.04825
0.817818 1.05494
0.81982 1.06167
0.821822 1.06843
0.823824 1.07522
0.825826 1.08206
0.827828 1.08893
0.82983 1.09584
0.831832 1.1028
0.833834 1.10979
0.835836 1.11684
0.837838 1.12393
0.83984 1.13106
0.841842 1.13825
0.843844 1.14549
0.845846 1.15278
0.847848 1.16012
0.84985 1.16752
0.851852 1.17496
0.853854 1.18245
0.855856 1.18997
0.857858 1.19754
0.85986 1.20513
0.861862 1.21275
0.863864 1.22039
0.865866 1.22806
0.867868 1.23574
0.86987 1.24343
0.871872 1.25113
0.873874 1.25884
0.875876 1.26654
0.877878 1.27425
0.87988 1.28194
0.881882 1.28963
0.883884 1.29729
0.885886 1.30494
0.887888 1.31257
0.88989 1.32017
0.891892 1.32774
0.893894 1.33528
0.895896 1.34278
0.897898 1.35023
0.8999 1.35765
0.901902 1.36505
0.903904 1.37244
0.905906 1.37985
0.907908 1.3873
0.90991 1.3948
0.911912 1.40238
0.913914 1.41005
0.915916 1.41783
0.917918 1.42575
0.91992 1.43382
0.921922 1.44206
0.923924 1.4505
0.925926 1.45914
0.927928 1.46801
0.92993 1.47713
0.931932 1.48652
0.933934 1.4962
0.935936 1.50618
0.937938 1.51649
0.93994 1.52715
0.941942 1.53817
0.943944 1.54957
0.945946 1.56138
0.947948 1.5736
0.94995 1.58627
0.951952 1.59938
0.953954 1.61291
0.955956 1.62684
0.957958 1.64116
0.95996 1.65584
0.961962 1.67088
0.963964 1.68624
0.965966 1.70193
0.967968 1.71791
0.96997 1.73417
0.971972 1.7507
0.973974 1.76747
0.975976 1.78447
0.977978 1.80168
0.97998 1.81908
0.981982 1.83666
0.983984 1.8544
0.985986 1.87227
0.987988 1.89027
0.98999 1.90837
0.991992 1.92657
0.993994 1.94483
0.995996 1.96314
0.997998 1.98149
1 1.99986
