-1 -1.14145
-0.997998 -1.13523
-0.995996 -1.12902
-0.993994 -1.1228
-0.991992 -1.1166
-0.98999 -1.11041
-0.987988 -1.10423
-0.985986 -1.09806
-0.983984 -1.09192
-0.981982 -1.08579
-0.97998 -1.07969
-0.977978 -1.07362
-0.975976 -1.06757
-0.973974 -1.06156
-0.971972 -1.05558
-0.96997 -1.04963
-0.967968 -1.04373
-0.965966 -1.03787
-0.963964 -1.03205
-0.961962 -1.02628
-0.95996 -1.02056
-0.957958 -1.01489
-0.955956 -1.00928
-0.953954 -1.00372
-0.951952 -0.99823
-0.94995 -0.992799
-0.947948 -0.987434
-0.945946 -0.982137
-0.943944 -0.976911
-0.941942 -0.971759
-0.93994 -0.966682
-0.937938 -0.961685
-0.935936 -0.956769
-0.933934 -0.951937
-0.931932 -0.947192
-0.92993 -0.942536
-0.927928 -0.937972
-0.925926 -0.933503
-0.923924 -0.929131
-0.921922 -0.924859
-0.91992 -0.92069
-0.917918 -0.916625
-0.915916 -0.912668
-0.913914 -0.908822
-0.911912 -0.905089
-0.90991 -0.901471
-0.907908 -0.897971
-0.905906 -0.894593
-0.903904 -0.891338
-0.901902 -0.888209
-0.8999 -0.885208
-0.897898 -0.88234
-0.895896 -0.879605
-0.893894 -0.877007
-0.891892 -0.874545
-0.88989 -0.872217
-0.887888 -0.87002
-0.885886 -0.867951
-0.883884 -0.866005
-0.881882 -0.864181
-0.87988 -0.862475
-0.877878 -0.860885
-0.875876 -0.859406
-0.873874 -0.858036
-0.871872 -0.856771
-0.86987 -0.855609
-0.867868 -0.854547
-0.865866 -0.853581
-0.863864 -0.852708
-0.861862 -0.851925
-0.85986 -0.851229
-0.857858 -0.850617
-0.855856 -0.850085
-0.853854 -0.849632
-0.851852 -0.849252
-0.84985 -0.848944
-0.847848 -0.848705
-0.845846 -0.84853
-0.843844 -0.848418
-0.841842 -0.848364
-0.83984 -0.848366
-0.837838 -0.848421
-0.835836 -0.848525
-0.833834 -0.848676
-0.831832 -0.84887
-0.82983 -0.849104
-0.827828 -0.849375
-0.825826 -0.84968
-0.823824 -0.850016
-0.821822 -0.85038
-0.81982 -0.850768
-0.817818 -0.851178
-0.815816 -0.851606
-0.813814 -0.852049
-0.811812 -0.852505
-0.80981 -0.852969
-0.807808 -0.853439
-0.805806 -0.853912
-0.803804 -0.854385
-0.801802 -0.854854
-0.7998 -0.855316
-0.797798 -0.855769
-0.795796 -0.856209
-0.793794 -0.856633
-0.791792 -0.857038
-0.78979 -0.85742
-0.787788 -0.857778
-0.785786 -0.858111
-0.783784 -0.858418
-0.781782 -0.858702
-0.77978 -0.858962
-0.777778 -0.8592
-0.775776 -0.859415
-0.773774 -0.859609
-0.771772 -0.859782
-0.76977 -0.859934
-0.767768 -0.860067
-0.765766 -0.860181
-0.763764 -0.860277
-0.761762 -0.860354
-0.75976 -0.860415
-0.757758 -0.860458
-0.755756 -0.860486
-0.753754 -0.860499
-0.751752 -0.860497
-0.74975 -0.860481
-0.747748 -0.860451
-0.745746 -0.860409
-0.743744 -0.860354
-0.741742 -0.860288
-0.73974 -0.860211
-0.737738 -0.860123
-0.735736 -0.860026
-0.733734 -0.85992
-0.731732 -0.859805
-0.72973 -0.859683
-0.727728 -0.859553
-0.725726 -0.859417
-0.723724 -0.859275
-0.721722 -0.859127
-0.71972 -0.858975
-0.717718 -0.858818
-0.715716 -0.858659
-0.713714 -0.858496
-0.711712 -0.858331
-0.70971 -0.858165
-0.707708 -0.857997
-0.705706 -0.857829
-0.703704 -0.857662
-0.701702 -0.857495
-0.6997 -0.85733
-0.697698 -0.857167
-0.695696 -0.857007
-0.693694 -0.85685
-0.691692 -0.856698
-0.68969 -0.856549
-0.687688 -0.856407
-0.685686 -0.85627
-0.683684 -0.856139
-0.681682 -0.856016
-0.67968 -0.855899
-0.677678 -0.855788
-0.675676 -0.855684
-0.673674 -0.855586
-0.671672 -0.855493
-0.66967 -0.855405
-0.667668 -0.855323
-0.665666 -0.855246
-0.663664 -0.855174
-0.661662 -0.855106
-0.65966 -0.855042
-0.657658 -0.854982
-0.655656 -0.854926
-0.653654 -0.854873
-0.651652 -0.854823
-0.64965 -0.854777
-0.647648 -0.854733
-0.645646 -0.854691
-0.643644 -0.854652
-0.641642 -0.854615
-0.63964 -0.854579
-0.637638 -0.854545
-0.635636 -0.854512
-0.633634 -0.85448
-0.631632 -0.854449
-0.62963 -0.854418
-0.627628 -0.854388
-0.625626 -0.854358
-0.623624 -0.854327
-0.621622 -0.854296
-0.61962 -0.854264
-0.617618 -0.854231
-0.615616 -0.854196
-0.613614 -0.854161
-0.611612 -0.854123
-0.60961 -0.854084
-0.607608 -0.854042
-0.605606 -0.853998
-0.603604 -0.853951
-0.601602 -0.853901
-0.5996 -0.853848
-0.597598 -0.853792
-0.595596 -0.853731
-0.593594 -0.853667
-0.591592 -0.853599
-0.58959 -0.853526
-0.587588 -0.853448
-0.585586 -0.853366
-0.583584 -0.853278
-0.581582 -0.853185
-0.57958 -0.853086
-0.577578 -0.852981
-0.575576 -0.85287
-0.573574 -0.852753
-0.571572 -0.852631
-0.56957 -0.852502
-0.567568 -0.852367
-0.565566 -0.852227
-0.563564 -0.85208
-0.561562 -0.851928
-0.55956 -0.85177
-0.557558 -0.851607
-0.555556 -0.851437
-0.553554 -0.851262
-0.551552 -0.851081
-0.54955 -0.850894
-0.547548 -0.850702
-0.545546 -0.850504
-0.543544 -0.850301
-0.541542 -0.850092
-0.53954 -0.849877
-0.537538 -0.849657
-0.535536 -0.849432
-0.533534 -0.8492
-0.531532 -0.848964
-0.52953 -0.848722
-0.527528 -0.848475
-0.525526 -0.848222
-0.523524 -0.847964
-0.521522 -0.8477
-0.51952 -0.847432
-0.517518 -0.847158
-0.515516 -0.846879
-0.513514 -0.846594
-0.511512 -0.846305
-0.50951 -0.84601
-0.507508 -0.84571
-0.505506 -0.845405
-0.503503 -0.845095
-0.501501 -0.844779
-0.499499 -0.844459
-0.497497 -0.844134
-0.495495 -0.843804
-0.493493 -0.843468
-0.491491 -0.843128
-0.489489 -0.842783
-0.487487 -0.842433
-0.485485 -0.842078
-0.483483 -0.841719
-0.481481 -0.841354
-0.479479 -0.840985
-0.477477 -0.840611
-0.475475 -0.840232
-0.473473 -0.839848
-0.471471 -0.83946
-0.469469 -0.839067
-0.467467 -0.838669
-0.465465 -0.838267
-0.463463 -0.83786
-0.461461 -0.837447
-0.459459 -0.83703
-0.457457 -0.836608
-0.455455 -0.836181
-0.453453 -0.83575
-0.451451 -0.835313
-0.449449 -0.834871
-0.447447 -0.834424
-0.445445 -0.833971
-0.443443 -0.833514
-0.441441 -0.833052
-0.439439 -0.832584
-0.437437 -0.832111
-0.435435 -0.831633
-0.433433 -0.831149
-0.431431 -0.830661
-0.429429 -0.830166
-0.427427 -0.829667
-0.425425 -0.829162
-0.423423 -0.828652
-0.421421 -0.828136
-0.419419 -0.827614
-0.417417 -0.827087
-0.415415 -0.826555
-0.413413 -0.826016
-0.411411 -0.825473
-0.409409 -0.824923
-0.407407 -0.824368
-0.405405 -0.823807
-0.403403 -0.82324
-0.401401 -0.822668
-0.399399 -0.822089
-0.397397 -0.821505
-0.395395 -0.820915
-0.393393 -0.820319
-0.391391 -0.819717
-0.389389 -0.819109
-0.387387 -0.818495
-0.385385 -0.817875
-0.383383 -0.817248
-0.381381 -0.816616
-0.379379 -0.815978
-0.377377 -0.815333
-0.375375 -0.814682
-0.373373 -0.814025
-0.371371 -0.813361
-0.369369 -0.812692
-0.367367 -0.812016
-0.365365 -0.811333
-0.363363 -0.810644
-0.361361 -0.809949
-0.359359 -0.809248
-0.357357 -0.80854
-0.355355 -0.807825
-0.353353 -0.807105
-0.351351 -0.806377
-0.349349 -0.805644
-0.347347 -0.804904
-0.345345 -0.804157
-0.343343 -0.803404
-0.341341 -0.802645
-0.339339 -0.801879
-0.337337 -0.801107
-0.335335 -0.800328
-0.333333 -0.799542
-0.331331 -0.79875
-0.329329 -0.797952
-0.327327 -0.797147
-0.325325 -0.796336
-0.323323 -0.795518
-0.321321 -0.794693
-0.319319 -0.793862
-0.317317 -0.793024
-0.315315 -0.79218
-0.313313 -0.791329
-0.311311 -0.790472
-0.309309 -0.789608
-0.307307 -0.788737
-0.305305 -0.78786
-0.303303 -0.786976
-0.301301 -0.786085
-0.299299 -0.785188
-0.297297 -0.784284
-0.295295 -0.783374
-0.293293 -0.782456
-0.291291 -0.781533
-0.289289 -0.780602
-0.287287 -0.779665
-0.285285 -0.778721
-0.283283 -0.77777
-0.281281 -0.776813
-0.279279 -0.775849
-0.277277 -0.774878
-0.275275 -0.7739
-0.273273 -0.772916
-0.271271 -0.771925
-0.269269 -0.770927
-0.267267 -0.769922
-0.265265 -0.76891
-0.263263 -0.767892
-0.261261 -0.766867
-0.259259 -0.765835
-0.257257 -0.764796
-0.255255 -0.763751
-0.253253 -0.762698
-0.251251 -0.761639
-0.249249 -0.760573
-0.247247 -0.759499
-0.245245 -0.758419
-0.243243 -0.757333
-0.241241 -0.756239
-0.239239 -0.755138
-0.237237 -0.75403
-0.235235 -0.752916
-0.233233 -0.751794
-0.231231 -0.750666
-0.229229 -0.74953
-0.227227 -0.748387
-0.225225 -0.747238
-0.223223 -0.746081
-0.221221 -0.744918
-0.219219 -0.743747
-0.217217 -0.742569
-0.215215 -0.741385
-0.213213 -0.740193
-0.211211 -0.738994
-0.209209 -0.737788
-0.207207 -0.736575
-0.205205 -0.735355
-0.203203 -0.734128
-0.201201 -0.732893
-0.199199 -0.731652
-0.197197 -0.730403
-0.195195 -0.729147
-0.193193 -0.727884
-0.191191 -0.726614
-0.189189 -0.725336
-0.187187 -0.724052
-0.185185 -0.72276
-0.183183 -0.721461
-0.181181 -0.720154
-0.179179 -0.718841
-0.177177 -0.71752
-0.175175 -0.716192
-0.173173 -0.714856
-0.171171 -0.713514
-0.169169 -0.712163
-0.167167 -0.710806
-0.165165 -0.709442
-0.163163 -0.70807
-0.161161 -0.70669
-0.159159 -0.705303
-0.157157 -0.703909
-0.155155 -0.702508
-0.153153 -0.701099
-0.151151 -0.699683
-0.149149 -0.698259
-0.147147 -0.696828
-0.145145 -0.69539
-0.143143 -0.693944
-0.141141 -0.692491
-0.139139 -0.69103
-0.137137 -0.689562
-0.135135 -0.688086
-0.133133 -0.686603
-0.131131 -0.685112
-0.129129 -0.683614
-0.127127 -0.682108
-0.125125 -0.680595
-0.123123 -0.679075
-0.121121 -0.677546
-0.119119 -0.676011
-0.117117 -0.674468
-0.115115 -0.672917
-0.113113 -0.671359
-0.111111 -0.669793
-0.109109 -0.668219
-0.107107 -0.666638
-0.105105 -0.66505
-0.103103 -0.663454
-0.101101 -0.66185
-0.0990991 -0.660239
-0.0970971 -0.65862
-0.0950951 -0.656993
-0.0930931 -0.655359
-0.0910911 -0.653717
-0.0890891 -0.652067
-0.0870871 -0.65041
-0.0850851 -0.648746
-0.0830831 -0.647073
-0.0810811 -0.645393
-0.0790791 -0.643705
-0.0770771 -0.642009
-0.0750751 -0.640306
-0.0730731 -0.638595
-0.0710711 -0.636877
-0.0690691 -0.63515
-0.0670671 -0.633416
-0.0650651 -0.631674
-0.0630631 -0.629924
-0.0610611 -0.628167
-0.0590591 -0.626402
-0.0570571 -0.624629
-0.0550551 -0.622848
-0.0530531 -0.62106
-0.0510511 -0.619263
-0.049049 -0.617459
-0.047047 -0.615647
-0.045045 -0.613827
-0.043043 -0.612
-0.041041 -0.610164
-0.039039 -0.608321
-0.037037 -0.60647
-0.035035 -0.604611
-0.033033 -0.602744
-0.031031 -0.600869
-0.029029 -0.598987
-0.027027 -0.597096
-0.025025 -0.595198
-0.023023 -0.593291
-0.021021 -0.591377
-0.019019 -0.589455
-0.017017 -0.587525
-0.015015 -0.585586
-0.013013 -0.58364
-0.011011 -0.581686
-0.00900901 -0.579724
-0.00700701 -0.577754
-0.005005 -0.575776
-0.003003 -0.57379
-0.001001 -0.571796
0.001001 -0.569794
0.003003 -0.567784
0.005005 -0.565766
0.00700701 -0.56374
0.00900901 -0.561706
0.011011 -0.559664
0.013013 -0.557614
0.015015 -0.555555
0.017017 -0.553489
0.019019 -0.551415
0.021021 -0.549332
0.023023 -0.547241
0.025025 -0.545143
0.027027 -0.543036
0.029029 -0.540921
0.031031 -0.538798
0.033033 -0.536666
0.035035 -0.534527
0.037037 -0.532379
0.039039 -0.530223
0.041041 -0.528059
0.043043 -0.525887
0.045045 -0.523707
0.047047 -0.521519
0.049049 -0.519322
0.0510511 -0.517117
0.0530531 -0.514904
0.0550551 -0.512682
0.0570571 -0.510453
0.0590591 -0.508215
0.0610611 -0.505969
0.0630631 -0.503714
0.0650651 -0.501452
0.0670671 -0.499181
0.0690691 -0.496901
0.0710711 -0.494614
0.0730731 -0.492318
0.0750751 -0.490014
0.0770771 -0.487701
0.0790791 -0.485381
0.0810811 -0.483051
0.0830831 -0.480714
0.0850851 -0.478368
0.0870871 -0.476014
0.0890891 -0.473651
0.0910911 -0.47128
0.0930931 -0.468901
0.0950951 -0.466513
0.0970971 -0.464117
0.0990991 -0.461713
0.101101 -0.4593
0.103103 -0.456878
0.105105 -0.454449
0.107107 -0.45201
0.109109 -0.449564
0.111111 -0.447108
0.113113 -0.444645
0.115115 -0.442173
0.117117 -0.439692
0.119119 -0.437203
0.121121 -0.434705
0.123123 -0.432199
0.125125 -0.429685
0.127127 -0.427162
0.129129 -0.42463
0.131131 -0.42209
0.133133 -0.419541
0.135135 -0.416984
0.137137 -0.414418
0.139139 -0.411843
0.141141 -0.40926
0.143143 -0.406669
0.145145 -0.404069
0.147147 -0.40146
0.149149 -0.398842
0.151151 -0.396216
0.153153 -0.393582
0.155155 -0.390938
0.157157 -0.388287
0.159159 -0.385626
0.161161 -0.382957
0.163163 -0.380279
0.165165 -0.377592
0.167167 -0.374897
0.169169 -0.372193
0.171171 -0.36948
0.173173 -0.366759
0.175175 -0.364028
0.177177 -0.361289
0.179179 -0.358542
0.181181 -0.355785
0.183183 -0.35302
0.185185 -0.350246
0.187187 -0.347463
0.189189 -0.344671
0.191191 -0.341871
0.193193 -0.339062
0.195195 -0.336243
0.197197 -0.333416
0.199199 -0.330581
0.201201 -0.327736
0.203203 -0.324882
0.205205 -0.32202
0.207207 -0.319148
0.209209 -0.316268
0.211211 -0.313378
0.213213 -0.31048
0.215215 -0.307573
0.217217 -0.304657
0.219219 -0.301732
0.221221 -0.298797
0.223223 -0.295854
0.225225 -0.292902
0.227227 -0.289941
0.229229 -0.286971
0.231231 -0.283992
0.233233 -0.281003
0.235235 -0.278006
0.237237 -0.274999
0.239239 -0.271984
0.241241 -0.268959
0.243243 -0.265926
0.245245 -0.262883
0.247247 -0.259831
0.249249 -0.25677
0.251251 -0.2537
0.253253 -0.25062
0.255255 -0.247532
0.257257 -0.244434
0.259259 -0.241327
0.261261 -0.238211
0.263263 -0.235086
0.265265 -0.231951
0.267267 -0.228807
0.269269 -0.225654
0.271271 -0.222492
0.273273 -0.21932
0.275275 -0.216139
0.277277 -0.212949
0.279279 -0.20975
0.281281 -0.206541
0.283283 -0.203323
0.285285 -0.200096
0.287287 -0.19686
0.289289 -0.193614
0.291291 -0.190358
0.293293 -0.187094
0.295295 -0.18382
0.297297 -0.180537
0.299299 -0.177244
0.301301 -0.173942
0.303303 -0.17063
0.305305 -0.16731
0.307307 -0.163979
0.309309 -0.16064
0.311311 -0.157291
0.313313 -0.153932
0.315315 -0.150564
0.317317 -0.147187
0.319319 -0.1438
0.321321 -0.140404
0.323323 -0.136998
0.325325 -0.133583
0.327327 -0.130158
0.329329 -0.126724
0.331331 -0.123281
0.333333 -0.119827
0.335335 -0.116365
0.337337 -0.112892
0.339339 -0.109411
0.341341 -0.105919
0.343343 -0.102418
0.345345 -0.0989079
0.347347 -0.0953879
0.349349 -0.0918583
0.351351 -0.0883191
0.353353 -0.0847703
0.355355 -0.0812119
0.357357 -0.0776439
0.359359 -0.0740663
0.361361 -0.070479
0.363363 -0.0668821
0.365365 -0.0632756
0.367367 -0.0596594
0.369369 -0.0560335
0.371371 -0.052398
0.373373 -0.0487527
0.375375 -0.0450977
0.377377 -0.0414329
0.379379 -0.0377583
0.381381 -0.0340738
0.383383 -0.0303795
0.385385 -0.0266753
0.387387 -0.0229611
0.389389 -0.019237
0.391391 -0.0155028
0.393393 -0.0117586
0.395395 -0.00800434
0.397397 -0.00423998
0.399399 -0.000465475
0.401401 0.00331919
0.403403 0.00711406
0.405405 0.0109192
0.407407 0.0147345
0.409409 0.0185602
0.411411 0.0223962
0.413413 0.0262425
0.415415 0.0300992
0.417417 0.0339664
0.419419 0.037844
0.421421 0.0417321
0.423423 0.0456308
0.425425 0.0495399
0.427427 0.0534597
0.429429 0.0573901
0.431431 0.0613311
0.433433 0.0652829
0.435435 0.0692453
0.437437 0.0732185
0.439439 0.0772024
0.441441 0.0811972
0.443443 0.0852028
0.445445 0.0892193
0.447447 0.0932467
0.449449 0.097285
0.451451 0.101334
0.453453 0.105395
0.455455 0.109466
0.457457 0.113548
0.459459 0.117642
0.461461 0.121747
0.463463 0.125862
0.465465 0.129989
0.467467 0.134128
0.469469 0.138277
0.471471 0.142438
0.473473 0.14661
0.475475 0.150793
0.477477 0.154988
0.479479 0.159194
0.481481 0.163412
0.483483 0.16764
0.485485 0.17188
0.487487 0.176131
0.489489 0.180394
0.491491 0.184667
0.493493 0.188952
0.495495 0.193247
0.497497 0.197554
0.499499 0.201872
0.501501 0.2062
0.503503 0.21054
0.505506 0.214891
0.507508 0.219252
0.50951 0.223625
0.511512 0.228008
0.513514 0.232402
0.515516 0.236807
0.517518 0.241223
0.51952 0.24565
0.521522 0.250087
0.523524 0.254535
0.525526 0.258994
0.527528 0.263463
0.52953 0.267943
0.531532 0.272434
0.533534 0.276935
0.535536 0.281447
0.537538 0.285969
0.53954 0.290502
0.541542 0.295045
0.543544 0.299598
0.545546 0.304163
0.547548 0.308737
0.54955 0.313322
0.551552 0.317917
0.553554 0.322522
0.555556 0.327138
0.557558 0.331764
0.55956 0.3364
0.561562 0.341046
0.563564 0.345703
0.565566 0.35037
0.567568 0.355046
0.56957 0.359733
0.571572 0.36443
0.573574 0.369137
0.575576 0.373854
0.577578 0.378581
0.57958 0.383318
0.581582 0.388065
0.583584 0.392822
0.585586 0.397589
0.587588 0.402368
0.58959 0.407157
0.591592 0.411958
0.593594 0.41677
0.595596 0.421594
0.597598 0.426431
0.5996 0.431279
0.601602 0.43614
0.603604 0.441014
0.605606 0.445901
0.607608 0.450801
0.60961 0.455715
0.611612 0.460642
0.613614 0.465584
0.615616 0.47054
0.617618 0.47551
0.61962 0.480496
0.621622 0.485496
0.623624 0.490512
0.625626 0.495544
0.627628 0.500591
0.62963 0.505655
0.631632 0.510734
0.633634 0.515831
0.635636 0.520944
0.637638 0.526075
0.63964 0.531223
0.641642 0.536388
0.643644 0.541572
0.645646 0.546773
0.647648 0.551993
0.64965 0.557232
0.651652 0.56249
0.653654 0.567766
0.655656 0.573063
0.657658 0.578378
0.65966 0.583714
0.661662 0.58907
0.663664 0.594447
0.665666 0.599844
0.667668 0.605262
0.66967 0.610701
0.671672 0.616162
0.673674 0.621645
0.675676 0.627149
0.677678 0.632676
0.67968 0.638225
0.681682 0.643797
0.683684 0.649392
0.685686 0.65501
0.687688 0.660651
0.68969 0.666314
0.691692 0.671999
0.693694 0.677705
0.695696 0.68343
0.697698 0.689176
0.6997 0.69494
0.701702 0.700723
0.703704 0.706523
0.705706 0.71234
0.707708 0.718174
0.70971 0.724023
0.711712 0.729887
0.713714 0.735765
0.715716 0.741658
0.717718 0.747563
0.71972 0.753481
0.721722 0.75941
0.723724 0.765351
0.725726 0.771302
0.727728 0.777263
0.72973 0.783233
0.731732 0.789211
0.733734 0.795198
0.735736 0.801191
0.737738 0.807192
0.73974 0.813198
0.741742 0.819209
0.743744 0.825225
0.745746 0.831245
0.747748 0.837268
0.74975 0.843294
0.751752 0.849321
0.753754 0.855351
0.755756 0.86138
0.757758 0.86741
0.75976 0.873439
0.761762 0.879467
0.763764 0.885493
0.765766 0.891517
0.767768 0.897537
0.76977 0.903553
0.771772 0.909565
0.773774 0.915572
0.775776 0.921573
0.777778 0.927567
0.77978 0.933554
0.781782 0.939534
0.783784 0.945505
0.785786 0.951467
0.787788 0.957419
0.78979 0.963361
0.791792 0.969293
0.793794 0.975217
0.795796 0.981138
0.797798 0.987058
0.7998 0.99298
0.801802 0.998908
0.803804 1.00484
0.805806 1.01079
0.807808 1.01676
0.80981 1.02274
0.811812 1.02875
0.813814 1.03478
0.815816 1.04083
0.817818 1.04692
0.81982 1.05305
0.821822 1.05921
0.823824 1.06541
0.825826 1.07166
0.827828 1.07796
0.82983 1.0843
0.831832 1.0907
0.833834 1.09716
0.835836 1.10368
0.837838 1.11026
0.83984 1.11691
0.841842 1.12362
0.843844 1.13042
0.845846 1.13729
0.847848 1.14423
0.84985 1.15126
0.851852 1.15838
0.853854 1.16559
0.855856 1.17289
0.857858 1.18028
0.85986 1.18778
0.861862 1.19538
0.863864 1.20308
0.865866 1.21089
0.867868 1.21881
0.86987 1.22685
0.871872 1.23501
0.873874 1.24329
0.875876 1.25169
0.877878 1.26022
0.87988 1.26889
0.881882 1.27769
0.883884 1.28662
0.885886 1.2957
0.887888 1.30492
0.88989 1.31429
0.891892 1.32381
0.893894 1.33348
0.895896 1.34331
0.897898 1.3533
0.8999 1.36344
0.901902 1.37373
0.903904 1.38417
0.905906 1.39475
0.907908 1.40548
0.90991 1.41634
0.911912 1.42734
0.913914 1.43847
0.915916 1.44973
0.917918 1.46112
0.91992 1.47263
0.921922 1.48427
0.923924 1.49602
0.925926 1.50788
0.927928 1.51986
0.92993 1.53194
0.931932 1.54413
0.933934 1.55643
0.935936 1.56882
0.937938 1.58131
0.93994 1.59389
0.941942 1.60656
0.943944 1.61932
0.945946 1.63217
0.947948 1.64509
0.94995 1.6581
0.951952 1.67118
0.953954 1.68433
0.955956 1.69755
0.957958 1.71084
0.95996 1.72419
0.961962 1.7376
0.963964 1.75107
0.965966 1.76459
0.967968 1.77816
0.96997 1.79179
0.971972 1.80545
0.973974 1.81916
0.975976 1.83291
0.977978 1.8467
0.97998 1.86052
0.981982 1.87436
0.983984 1.88824
0.985986 1.90214
0.987988 1.91606
0.98999 1.93
0.991992 1.94395
0.993994 1.95792
0.995996 1.97189
0.997998 1.98587
1 1.99986
