-1 -1.14145
-0.997998 -1.1328
-0.995996 -1.12415
-0.993994 -1.1155
-0.991992 -1.10685
-0.98999 -1.0982
-0.987988 -1.08955
-0.985986 -1.0809
-0.983984 -1.07225
-0.981982 -1.0636
-0.97998 -1.05495
-0.977978 -1.0463
-0.975976 -1.03765
-0.973974 -1.02901
-0.971972 -1.02036
-0.96997 -1.01171
-0.967968 -1.00306
-0.965966 -0.994406
-0.963964 -0.985757
-0.961962 -0.977107
-0.95996 -0.968457
-0.957958 -0.959808
-0.955956 -0.951158
-0.953954 -0.942508
-0.951952 -0.933859
-0.94995 -0.925209
-0.947948 -0.919277
-0.945946 -0.917694
-0.943944 -0.91611
-0.941942 -0.914527
-0.93994 -0.912943
-0.937938 -0.91136
-0.935936 -0.909777
-0.933934 -0.908193
-0.931932 -0.90661
-0.92993 -0.905027
-0.927928 -0.903443
-0.925926 -0.90186
-0.923924 -0.900277
-0.921922 -0.898693
-0.91992 -0.89711
-0.917918 -0.895526
-0.915916 -0.893943
-0.913914 -0.89236
-0.911912 -0.890776
-0.90991 -0.889193
-0.907908 -0.88761
-0.905906 -0.886026
-0.903904 -0.884443
-0.901902 -0.88286
-0.8999 -0.881276
-0.897898 -0.879693
-0.895896 -0.878854
-0.893894 -0.878237
-0.891892 -0.877621
-0.88989 -0.877005
-0.887888 -0.876389
-0.885886 -0.875773
-0.883884 -0.875157
-0.881882 -0.874541
-0.87988 -0.873925
-0.877878 -0.873309
-0.875876 -0.872693
-0.873874 -0.872077
-0.871872 -0.871461
-0.86987 -0.870845
-0.867868 -0.870229
-0.865866 -0.869612
-0.863864 -0.868996
-0.861862 -0.86838
-0.85986 -0.867764
-0.857858 -0.867148
-0.855856 -0.866532
-0.853854 -0.865916
-0.851852 -0.8653
-0.84985 -0.864684
-0.847848 -0.864068
-0.845846 -0.863512
-0.843844 -0.863286
-0.841842 -0.863061
-0.83984 -0.862835
-0.837838 -0.86261
-0.835836 -0.862385
-0.833834 -0.862159
-0.831832 -0.861934
-0.82983 -0.861708
-0.827828 -0.861483
-0.825826 -0.861257
-0.823824 -0.861032
-0.821822 -0.860806
-0.81982 -0.860581
-0.817818 -0.860355
-0.815816 -0.86013
-0.813814 -0.859905
-0.811812 -0.859679
-0.80981 -0.859454
-0.807808 -0.859228
-0.805806 -0.859003
-0.803804 -0.858777
-0.801802 -0.858552
-0.7998 -0.858326
-0.797798 -0.858101
-0.795796 -0.857875
-0.793794 -0.85774
-0.791792 -0.857683
-0.78979 -0.857625
-0.787788 -0.857567
-0.785786 -0.85751
-0.783784 -0.857452
-0.781782 -0.857394
-0.77978 -0.857337
-0.777778 -0.857279
-0.775776 -0.857221
-0.773774 -0.857164
-0.771772 -0.857106
-0.76977 -0.857048
-0.767768 -0.85699
-0.765766 -0.856933
-0.763764 -0.856875
-0.761762 -0.856817
-0.75976 -0.85676
-0.757758 -0.856702
-0.755756 -0.856644
-0.753754 -0.856587
-0.751752 -0.856529
-0.74975 -0.856471
-0.747748 -0.856414
-0.745746 -0.856356
-0.743744 -0.856298
-0.741742 -0.85629
-0.73974 -0.856286
-0.737738 -0.856282
-0.735736 -0.856278
-0.733734 -0.856274
-0.731732 -0.856269
-0.72973 -0.856265
-0.727728 -0.856261
-0.725726 -0.856257
-0.723724 -0.856253
-0.721722 -0.856249
-0.71972 -0.856245
-0.717718 -0.856241
-0.715716 -0.856237
-0.713714 -0.856233
-0.711712 -0.856228
-0.70971 -0.856224
-0.707708 -0.85622
-0.705706 -0.856216
-0.703704 -0.856212
-0.701702 -0.856208
-0.6997 -0.856204
-0.697698 -0.8562
-0.695696 -0.856196
-0.693694 -0.856191
-0.691692 -0.856183
-0.68969 -0.856164
-0.687688 -0.856146
-0.685686 -0.856128
-0.683684 -0.856109
-0.681682 -0.856091
-0.67968 -0.856072
-0.677678 -0.856054
-0.675676 -0.856035
-0.673674 -0.856017
-0.671672 -0.855999
-0.66967 -0.85598
-0.667668 -0.855962
-0.665666 -0.855943
-0.663664 -0.855925
-0.661662 -0.855906
-0.65966 -0.855888
-0.657658 -0.855869
-0.655656 -0.855851
-0.653654 -0.855833
-0.651652 -0.855814
-0.64965 -0.855796
-0.647648 -0.855777
-0.645646 -0.855759
-0.643644 -0.85574
-0.641642 -0.855722
-0.63964 -0.855663
-0.637638 -0.855586
-0.635636 -0.855509
-0.633634 -0.855431
-0.631632 -0.855354
-0.62963 -0.855277
-0.627628 -0.8552
-0.625626 -0.855123
-0.623624 -0.855046
-0.621622 -0.854969
-0.61962 -0.854891
-0.617618 -0.854814
-0.615616 -0.854737
-0.613614 -0.85466
-0.611612 -0.854583
-0.60961 -0.854506
-0.607608 -0.854429
-0.605606 -0.854351
-0.603604 -0.854274
-0.601602 -0.854197
-0.5996 -0.85412
-0.597598 -0.854043
-0.595596 -0.853966
-0.593594 -0.853888
-0.591592 -0.853811
-0.58959 -0.853727
-0.587588 -0.85356
-0.585586 -0.853394
-0.583584 -0.853227
-0.581582 -0.85306
-0.57958 -0.852893
-0.577578 -0.852726
-0.575576 -0.852559
-0.573574 -0.852392
-0.571572 -0.852226
-0.56957 -0.852059
-0.567568 -0.851892
-0.565566 -0.851725
-0.563564 -0.851558
-0.561562 -0.851391
-0.55956 -0.851224
-0.557558 -0.851057
-0.555556 -0.850891
-0.553554 -0.850724
-0.551552 -0.850557
-0.54955 -0.85039
-0.547548 -0.850223
-0.545546 -0.850056
-0.543544 -0.849889
-0.541542 -0.849723
-0.53954 -0.849556
-0.537538 -0.849337
-0.535536 -0.849057
-0.533534 -0.848778
-0.531532 -0.848499
-0.52953 -0.848219
-0.527528 -0.84794
-0.525526 -0.847661
-0.523524 -0.847381
-0.521522 -0.847102
-0.51952 -0.846823
-0.517518 -0.846543
-0.515516 -0.846264
-0.513514 -0.845984
-0.511512 -0.845705
-0.50951 -0.845426
-0.507508 -0.845146
-0.505506 -0.844867
-0.503503 -0.844588
-0.501501 -0.844308
-0.499499 -0.844029
-0.497497 -0.843749
-0.495495 -0.84347
-0.493493 -0.843191
-0.491491 -0.842911
-0.489489 -0.842632
-0.487487 -0.842353
-0.485485 -0.841963
-0.483483 -0.841554
-0.481481 -0.841145
-0.479479 -0.840735
-0.477477 -0.840326
-0.475475 -0.839917
-0.473473 -0.839507
-0.471471 -0.839098
-0.469469 -0.838689
-0.467467 -0.838279
-0.465465 -0.83787
-0.463463 -0.837461
-0.461461 -0.837052
-0.459459 -0.836642
-0.457457 -0.836233
-0.455455 -0.835824
-0.453453 -0.835414
-0.451451 -0.835005
-0.449449 -0.834596
-0.447447 -0.834186
-0.445445 -0.833777
-0.443443 -0.833368
-0.441441 -0.832958
-0.439439 -0.832549
-0.437437 -0.83214
-0.435435 -0.831697
-0.433433 -0.831144
-0.431431 -0.830591
-0.429429 -0.830038
-0.427427 -0.829485
-0.425425 -0.828932
-0.423423 -0.828379
-0.421421 -0.827826
-0.419419 -0.827273
-0.417417 -0.82672
-0.415415 -0.826167
-0.413413 -0.825614
-0.411411 -0.825061
-0.409409 -0.824508
-0.407407 -0.823955
-0.405405 -0.823402
-0.403403 -0.822849
-0.401401 -0.822296
-0.399399 -0.821742
-0.397397 -0.821189
-0.395395 -0.820636
-0.393393 -0.820083
-0.391391 -0.81953
-0.389389 -0.818977
-0.387387 -0.818424
-0.385385 -0.817871
-0.383383 -0.817223
-0.381381 -0.816515
-0.379379 -0.815807
-0.377377 -0.815099
-0.375375 -0.814391
-0.373373 -0.813683
-0.371371 -0.812975
-0.369369 -0.812267
-0.367367 -0.811559
-0.365365 -0.810851
-0.363363 -0.810142
-0.361361 -0.809434
-0.359359 -0.808726
-0.357357 -0.808018
-0.355355 -0.80731
-0.353353 -0.806602
-0.351351 -0.805894
-0.349349 -0.805186
-0.347347 -0.804478
-0.345345 -0.80377
-0.343343 -0.803062
-0.341341 -0.802354
-0.339339 -0.801646
-0.337337 -0.800938
-0.335335 -0.80023
-0.333333 -0.799522
-0.331331 -0.79865
-0.329329 -0.797777
-0.327327 -0.796905
-0.325325 -0.796032
-0.323323 -0.79516
-0.321321 -0.794288
-0.319319 -0.793415
-0.317317 -0.792543
-0.315315 -0.79167
-0.313313 -0.790798
-0.311311 -0.789926
-0.309309 -0.789053
-0.307307 -0.788181
-0.305305 -0.787308
-0.303303 -0.786436
-0.301301 -0.785564
-0.299299 -0.784691
-0.297297 -0.783819
-0.295295 -0.782946
-0.293293 -0.782074
-0.291291 -0.781201
-0.289289 -0.780329
-0.287287 -0.779457
-0.285285 -0.778584
-0.283283 -0.777712
-0.281281 -0.776773
-0.279279 -0.775728
-0.277277 -0.774683
-0.275275 -0.773638
-0.273273 -0.772594
-0.271271 -0.771549
-0.269269 -0.770504
-0.267267 -0.769459
-0.265265 -0.768414
-0.263263 -0.767369
-0.261261 -0.766324
-0.259259 -0.765279
-0.257257 -0.764235
-0.255255 -0.76319
-0.253253 -0.762145
-0.251251 -0.7611
-0.249249 -0.760055
-0.247247 -0.75901
-0.245245 -0.757965
-0.243243 -0.75692
-0.241241 -0.755876
-0.239239 -0.754831
-0.237237 -0.753786
-0.235235 -0.752741
-0.233233 -0.751696
-0.231231 -0.750651
-0.229229 -0.749468
-0.227227 -0.748244
-0.225225 -0.747019
-0.223223 -0.745795
-0.221221 -0.74457
-0.219219 -0.743346
-0.217217 -0.742122
-0.215215 -0.740897
-0.213213 -0.739673
-0.211211 -0.738448
-0.209209 -0.737224
-0.207207 -0.735999
-0.205205 -0.734775
-0.203203 -0.733551
-0.201201 -0.732326
-0.199199 -0.731102
-0.197197 -0.729877
-0.195195 -0.728653
-0.193193 -0.727428
-0.191191 -0.726204
-0.189189 -0.72498
-0.187187 -0.723755
-0.185185 -0.722531
-0.183183 -0.721306
-0.181181 -0.720082
-0.179179 -0.718829
-0.177177 -0.717418
-0.175175 -0.716008
-0.173173 -0.714598
-0.171171 -0.713187
-0.169169 -0.711777
-0.167167 -0.710367
-0.165165 -0.708956
-0.163163 -0.707546
-0.161161 -0.706136
-0.159159 -0.704725
-0.157157 -0.703315
-0.155155 -0.701904
-0.153153 -0.700494
-0.151151 -0.699084
-0.149149 -0.697673
-0.147147 -0.696263
-0.145145 -0.694853
-0.143143 -0.693442
-0.141141 -0.692032
-0.139139 -0.690622
-0.137137 -0.689211
-0.135135 -0.687801
-0.133133 -0.68639
-0.131131 -0.68498
-0.129129 -0.68357
-0.127127 -0.682056
-0.125125 -0.680454
-0.123123 -0.678852
-0.121121 -0.677249
-0.119119 -0.675647
-0.117117 -0.674045
-0.115115 -0.672443
-0.113113 -0.670841
-0.111111 -0.669239
-0.109109 -0.667636
-0.107107 -0.666034
-0.105105 -0.664432
-0.103103 -0.66283
-0.101101 -0.661228
-0.0990991 -0.659626
-0.0970971 -0.658023
-0.0950951 -0.656421
-0.0930931 -0.654819
-0.0910911 -0.653217
-0.0890891 -0.651615
-0.0870871 -0.650012
-0.0850851 -0.64841
-0.0830831 -0.646808
-0.0810811 -0.645206
-0.0790791 -0.643604
-0.0770771 -0.642002
-0.0750751 -0.640217
-0.0730731 -0.638418
-0.0710711 -0.636618
-0.0690691 -0.634819
-0.0670671 -0.633019
-0.0650651 -0.63122
-0.0630631 -0.62942
-0.0610611 -0.627621
-0.0590591 -0.625821
-0.0570571 -0.624021
-0.0550551 -0.622222
-0.0530531 -0.620422
-0.0510511 -0.618623
-0.049049 -0.616823
-0.047047 -0.615024
-0.045045 -0.613224
-0.043043 -0.611425
-0.041041 -0.609625
-0.039039 -0.607826
-0.037037 -0.606026
-0.035035 -0.604227
-0.033033 -0.602427
-0.031031 -0.600628
-0.029029 -0.598828
-0.027027 -0.597029
-0.025025 -0.595167
-0.023023 -0.593164
-0.021021 -0.591162
-0.019019 -0.58916
-0.017017 -0.587158
-0.015015 -0.585156
-0.013013 -0.583153
-0.011011 -0.581151
-0.00900901 -0.579149
-0.00700701 -0.577147
-0.005005 -0.575144
-0.003003 -0.573142
-0.001001 -0.57114
0.001001 -0.569138
0.003003 -0.567136
0.005005 -0.565133
0.00700701 -0.563131
0.00900901 -0.561129
0.011011 -0.559127
0.013013 -0.557124
0.015015 -0.555122
0.017017 -0.55312
0.019019 -0.551118
0.021021 -0.549116
0.023023 -0.547113
0.025025 -0.545111
0.027027 -0.542965
0.029029 -0.540755
0.031031 -0.538545
0.033033 -0.536334
0.035035 -0.534124
0.037037 -0.531914
0.039039 -0.529704
0.041041 -0.527494
0.043043 -0.525283
0.045045 -0.523073
0.047047 -0.520863
0.049049 -0.518653
0.0510511 -0.516443
0.0530531 -0.514232
0.0550551 -0.512022
0.0570571 -0.509812
0.0590591 -0.507602
0.0610611 -0.505392
0.0630631 -0.503181
0.0650651 -0.500971
0.0670671 -0.498761
0.0690691 -0.496551
0.0710711 -0.494341
0.0730731 -0.49213
0.0750751 -0.48992
0.0770771 -0.487694
0.0790791 -0.48527
0.0810811 -0.482847
0.0830831 -0.480423
0.0850851 -0.478
0.0870871 -0.475576
0.0890891 -0.473153
0.0910911 -0.470729
0.0930931 -0.468306
0.0950951 -0.465882
0.0970971 -0.463458
0.0990991 -0.461035
0.101101 -0.458611
0.103103 -0.456188
0.105105 -0.453764
0.107107 -0.451341
0.109109 -0.448917
0.111111 -0.446494
0.113113 -0.44407
0.115115 -0.441647
0.117117 -0.439223
0.119119 -0.4368
0.121121 -0.434376
0.123123 -0.431953
0.125125 -0.429529
0.127127 -0.427106
0.129129 -0.424581
0.131131 -0.421939
0.133133 -0.419297
0.135135 -0.416654
0.137137 -0.414012
0.139139 -0.411369
0.141141 -0.408727
0.143143 -0.406085
0.145145 -0.403442
0.147147 -0.4008
0.149149 -0.398158
0.151151 -0.395515
0.153153 -0.392873
0.155155 -0.39023
0.157157 -0.387588
0.159159 -0.384946
0.161161 -0.382303
0.163163 -0.379661
0.165165 -0.377019
0.167167 -0.374376
0.169169 -0.371734
0.171171 -0.369092
0.173173 -0.366449
0.175175 -0.363807
0.177177 -0.361164
0.179179 -0.358522
0.181181 -0.35569
0.183183 -0.352822
0.185185 -0.349955
0.187187 -0.347088
0.189189 -0.344221
0.191191 -0.341354
0.193193 -0.338487
0.195195 -0.33562
0.197197 -0.332753
0.199199 -0.329886
0.201201 -0.327019
0.203203 -0.324151
0.205205 -0.321284
0.207207 -0.318417
0.209209 -0.31555
0.211211 -0.312683
0.213213 -0.309816
0.215215 -0.306949
0.217217 -0.304082
0.219219 -0.301215
0.221221 -0.298348
0.223223 -0.29548
0.225225 -0.292613
0.227227 -0.289746
0.229229 -0.286879
0.231231 -0.283959
0.233233 -0.280861
0.235235 -0.277762
0.237237 -0.274664
0.239239 -0.271566
0.241241 -0.268468
0.243243 -0.265369
0.245245 -0.262271
0.247247 -0.259173
0.249249 -0.256075
0.251251 -0.252977
0.253253 -0.249878
0.255255 -0.24678
0.257257 -0.243682
0.259259 -0.240584
0.261261 -0.237486
0.263263 -0.234387
0.265265 -0.231289
0.267267 -0.228191
0.269269 -0.225093
0.271271 -0.221995
0.273273 -0.218896
0.275275 -0.215798
0.277277 -0.2127
0.279279 -0.209602
0.281281 -0.206503
0.283283 -0.203259
0.285285 -0.199922
0.287287 -0.196586
0.289289 -0.193249
0.291291 -0.189913
0.293293 -0.186577
0.295295 -0.18324
0.297297 -0.179904
0.299299 -0.176567
0.301301 -0.173231
0.303303 -0.169895
0.305305 -0.166558
0.307307 -0.163222
0.309309 -0.159885
0.311311 -0.156549
0.313313 -0.153212
0.315315 -0.149876
0.317317 -0.14654
0.319319 -0.143203
0.321321 -0.139867
0.323323 -0.13653
0.325325 -0.133194
0.327327 -0.129858
0.329329 -0.126521
0.331331 -0.123185
0.333333 -0.119848
0.335335 -0.116266
0.337337 -0.112683
0.339339 -0.1091
0.341341 -0.105518
0.343343 -0.101935
0.345345 -0.0983521
0.347347 -0.0947695
0.349349 -0.0911868
0.351351 -0.0876041
0.353353 -0.0840214
0.355355 -0.0804387
0.357357 -0.076856
0.359359 -0.0732733
0.361361 -0.0696906
0.363363 -0.0661079
0.365365 -0.0625252
0.367367 -0.0589425
0.369369 -0.0553598
0.371371 -0.0517771
0.373373 -0.0481944
0.375375 -0.0446117
0.377377 -0.041029
0.379379 -0.0374463
0.381381 -0.0338636
0.383383 -0.030281
0.385385 -0.0265999
0.387387 -0.0227615
0.389389 -0.0189232
0.391391 -0.0150848
0.393393 -0.0112464
0.395395 -0.00740801
0.397397 -0.00356962
0.399399 0.00026876
0.401401 0.00410714
0.403403 0.00794553
0.405405 0.0117839
0.407407 0.0156223
0.409409 0.0194607
0.411411 0.0232991
0.413413 0.0271374
0.415415 0.0309758
0.417417 0.0348142
0.419419 0.0386526
0.421421 0.042491
0.423423 0.0463294
0.425425 0.0501677
0.427427 0.0540061
0.429429 0.0578445
0.431431 0.0616829
0.433433 0.0655213
0.435435 0.0693596
0.437437 0.0734034
0.439439 0.0775087
0.441441 0.081614
0.443443 0.0857193
0.445445 0.0898246
0.447447 0.0939299
0.449449 0.0980353
0.451451 0.102141
0.453453 0.106246
0.455455 0.110351
0.457457 0.114457
0.459459 0.118562
0.461461 0.122667
0.463463 0.126772
0.465465 0.130878
0.467467 0.134983
0.469469 0.139088
0.471471 0.143194
0.473473 0.147299
0.475475 0.151404
0.477477 0.15551
0.479479 0.159615
0.481481 0.16372
0.483483 0.167826
0.485485 0.171931
0.487487 0.176079
0.489489 0.180465
0.491491 0.184851
0.493493 0.189238
0.495495 0.193624
0.497497 0.19801
0.499499 0.202396
0.501501 0.206782
0.503503 0.211168
0.505506 0.215554
0.507508 0.21994
0.50951 0.224326
0.511512 0.228712
0.513514 0.233098
0.515516 0.237484
0.517518 0.24187
0.51952 0.246256
0.521522 0.250642
0.523524 0.255028
0.525526 0.259414
0.527528 0.2638
0.52953 0.268186
0.531532 0.272572
0.533534 0.276958
0.535536 0.281344
0.537538 0.28573
0.53954 0.290277
0.541542 0.294961
0.543544 0.299645
0.545546 0.30433
0.547548 0.309014
0.54955 0.313698
0.551552 0.318382
0.553554 0.323066
0.555556 0.327751
0.557558 0.332435
0.55956 0.337119
0.561562 0.341803
0.563564 0.346487
0.565566 0.351172
0.567568 0.355856
0.56957 0.36054
0.571572 0.365224
0.573574 0.369909
0.575576 0.374593
0.577578 0.379277
0.57958 0.383961
0.581582 0.388645
0.583584 0.39333
0.585586 0.398014
0.587588 0.402698
0.58959 0.407382
0.591592 0.412363
0.593594 0.417368
0.595596 0.422373
0.597598 0.427378
0.5996 0.432383
0.601602 0.437388
0.603604 0.442394
0.605606 0.447399
0.607608 0.452404
0.60961 0.457409
0.611612 0.462414
0.613614 0.467419
0.615616 0.472424
0.617618 0.47743
0.61962 0.482435
0.621622 0.48744
0.623624 0.492445
0.625626 0.49745
0.627628 0.502455
0.62963 0.50746
0.631632 0.512466
0.633634 0.517471
0.635636 0.522476
0.637638 0.527481
0.63964 0.532486
0.641642 0.5376
0.643644 0.542957
0.645646 0.548314
0.647648 0.553671
0.64965 0.559028
0.651652 0.564385
0.653654 0.569742
0.655656 0.575099
0.657658 0.580457
0.65966 0.585814
0.661662 0.591171
0.663664 0.596528
0.665666 0.601885
0.667668 0.607242
0.66967 0.612599
0.671672 0.617956
0.673674 0.623313
0.675676 0.628671
0.677678 0.634028
0.67968 0.639385
0.681682 0.644742
0.683684 0.650099
0.685686 0.655456
0.687688 0.660813
0.68969 0.66617
0.691692 0.671527
0.693694 0.677159
0.695696 0.682912
0.697698 0.688666
0.6997 0.694419
0.701702 0.700173
0.703704 0.705926
0.705706 0.71168
0.707708 0.717433
0.70971 0.723187
0.711712 0.72894
0.713714 0.734693
0.715716 0.740447
0.717718 0.7462
0.71972 0.751954
0.721722 0.757707
0.723724 0.763461
0.725726 0.769214
0.727728 0.774968
0.72973 0.780721
0.731732 0.786474
0.733734 0.792228
0.735736 0.797981
0.737738 0.803735
0.73974 0.809488
0.741742 0.815242
0.743744 0.821031
0.745746 0.827249
0.747748 0.833466
0.74975 0.839684
0.751752 0.845902
0.753754 0.852119
0.755756 0.858337
0.757758 0.864555
0.75976 0.870772
0.761762 0.87699
0.763764 0.883208
0.765766 0.889425
0.767768 0.895643
0.76977 0.901861
0.771772 0.908079
0.773774 0.914296
0.775776 0.920514
0.777778 0.926732
0.77978 0.932949
0.781782 0.939167
0.783784 0.945385
0.785786 0.951602
0.787788 0.95782
0.78979 0.964038
0.791792 0.970255
0.793794 0.976473
0.795796 0.982958
0.797798 0.989754
0.7998 0.99655
0.801802 1.00335
0.803804 1.01014
0.805806 1.01694
0.807808 1.02373
0.80981 1.03053
0.811812 1.03733
0.813814 1.04412
0.815816 1.05092
0.817818 1.05772
0.81982 1.06451
0.821822 1.07131
0.823824 1.0781
0.825826 1.0849
0.827828 1.0917
0.82983 1.09849
0.831832 1.10529
0.833834 1.11208
0.835836 1.11888
0.837838 1.12568
0.83984 1.13247
0.841842 1.13927
0.843844 1.14606
0.845846 1.15286
0.847848 1.16034
0.84985 1.16793
0.851852 1.17553
0.853854 1.18313
0.855856 1.19072
0.857858 1.19832
0.85986 1.20592
0.861862 1.21352
0.863864 1.22111
0.865866 1.22871
0.867868 1.23631
0.86987 1.24391
0.871872 1.2515
0.873874 1.2591
0.875876 1.2667
0.877878 1.2743
0.87988 1.28189
0.881882 1.28949
0.883884 1.29709
0.885886 1.30469
0.887888 1.31228
0.88989 1.31988
0.891892 1.32748
0.893894 1.33508
0.895896 1.34267
0.897898 1.35059
0.8999 1.35956
0.901902 1.36854
0.903904 1.37751
0.905906 1.38649
0.907908 1.39547
0.90991 1.40444
0.911912 1.41342
0.913914 1.42239
0.915916 1.43137
0.917918 1.44034
0.91992 1.44932
0.921922 1.45829
0.923924 1.46727
0.925926 1.47624
0.927928 1.48522
0.92993 1.49419
0.931932 1.50317
0.933934 1.51215
0.935936 1.52112
0.937938 1.5301
0.93994 1.53907
0.941942 1.54805
0.943944 1.55702
0.945946 1.566
0.947948 1.57497
0.94995 1.58855
0.951952 1.605
0.953954 1.62145
0.955956 1.63791
0.957958 1.65436
0.95996 1.67081
0.961962 1.68726
0.963964 1.70372
0.965966 1.72017
0.967968 1.73662
0.96997 1.75307
0.971972 1.76953
0.973974 1.78598
0.975976 1.80243
0.977978 1.81888
0.97998 1.83533
0.981982 1.85179
0.983984 1.86824
0.985986 1.88469
0.987988 1.90114
0.98999 1.9176
0.991992 1.93405
0.993994 1.9505
0.995996 1.96695
0.997998 1.98341
1 1.99986
