-1 -1.14145
-0.997998 -1.11527
-0.995996 -1.0899
-0.993994 -1.06536
-0.991992 -1.04163
-0.98999 -1.01873
-0.987988 -0.996653
-0.985986 -0.975393
-0.983984 -0.954956
-0.981982 -0.935339
-0.97998 -0.916543
-0.977978 -0.898569
-0.975976 -0.881415
-0.973974 -0.865083
-0.971972 -0.849572
-0.96997 -0.834882
-0.967968 -0.821013
-0.965966 -0.807966
-0.963964 -0.795739
-0.961962 -0.784334
-0.95996 -0.77375
-0.957958 -0.763987
-0.955956 -0.755045
-0.953954 -0.746924
-0.951952 -0.739625
-0.94995 -0.733146
-0.947948 -0.727489
-0.945946 -0.722653
-0.943944 -0.718638
-0.941942 -0.715444
-0.93994 -0.713071
-0.937938 -0.71152
-0.935936 -0.71079
-0.933934 -0.71088
-0.931932 -0.711792
-0.92993 -0.713525
-0.927928 -0.71608
-0.925926 -0.719455
-0.923924 -0.723651
-0.921922 -0.728669
-0.91992 -0.734508
-0.917918 -0.741168
-0.915916 -0.748649
-0.913914 -0.756951
-0.911912 -0.766075
-0.90991 -0.776019
-0.907908 -0.786785
-0.905906 -0.798372
-0.903904 -0.81078
-0.901902 -0.824009
-0.8999 -0.838059
-0.897898 -0.852931
-0.895896 -0.868623
-0.893894 -0.885007
-0.891892 -0.900991
-0.88989 -0.91633
-0.887888 -0.931023
-0.885886 -0.94507
-0.883884 -0.958472
-0.881882 -0.971228
-0.87988 -0.983339
-0.877878 -0.994805
-0.875876 -1.00562
-0.873874 -1.0158
-0.871872 -1.02533
-0.86987 -1.03421
-0.867868 -1.04245
-0.865866 -1.05004
-0.863864 -1.05699
-0.861862 -1.06329
-0.85986 -1.06894
-0.857858 -1.07395
-0.855856 -1.07832
-0.853854 -1.08204
-0.851852 -1.08511
-0.84985 -1.08754
-0.847848 -1.08932
-0.845846 -1.09046
-0.843844 -1.09095
-0.841842 -1.0908
-0.83984 -1.09
-0.837838 -1.08855
-0.835836 -1.08646
-0.833834 -1.08373
-0.831832 -1.08034
-0.82983 -1.07632
-0.827828 -1.07164
-0.825826 -1.06633
-0.823824 -1.06036
-0.821822 -1.05375
-0.81982 -1.0465
-0.817818 -1.0386
-0.815816 -1.03005
-0.813814 -1.02086
-0.811812 -1.01102
-0.80981 -1.00054
-0.807808 -0.989412
-0.805806 -0.977639
-0.803804 -0.96522
-0.801802 -0.952155
-0.7998 -0.938445
-0.797798 -0.92409
-0.795796 -0.909089
-0.793794 -0.893442
-0.791792 -0.87715
-0.78979 -0.860212
-0.787788 -0.843092
-0.785786 -0.826614
-0.783784 -0.810797
-0.781782 -0.795638
-0.77978 -0.781139
-0.777778 -0.7673
-0.775776 -0.75412
-0.773774 -0.7416
-0.771772 -0.729739
-0.76977 -0.718538
-0.767768 -0.707996
-0.765766 -0.698113
-0.763764 -0.68889
-0.761762 -0.680327
-0.75976 -0.672423
-0.757758 -0.665179
-0.755756 -0.658594
-0.753754 -0.652668
-0.751752 -0.647402
-0.74975 -0.642796
-0.747748 -0.638849
-0.745746 -0.635561
-0.743744 -0.632933
-0.741742 -0.630964
-0.73974 -0.629655
-0.737738 -0.629006
-0.735736 -0.629015
-0.733734 -0.629685
-0.731732 -0.631014
-0.72973 -0.633002
-0.727728 -0.63565
-0.725726 -0.638957
-0.723724 -0.642924
-0.721722 -0.64755
-0.71972 -0.652836
-0.717718 -0.658781
-0.715716 -0.665386
-0.713714 -0.67265
-0.711712 -0.680574
-0.70971 -0.689157
-0.707708 -0.6984
-0.705706 -0.708302
-0.703704 -0.718864
-0.701702 -0.730085
-0.6997 -0.741965
-0.697698 -0.754505
-0.695696 -0.767705
-0.693694 -0.781564
-0.691692 -0.796083
-0.68969 -0.811261
-0.687688 -0.827098
-0.685686 -0.843595
-0.683684 -0.860706
-0.681682 -0.877514
-0.67968 -0.893662
-0.677678 -0.909149
-0.675676 -0.923975
-0.673674 -0.93814
-0.671672 -0.951644
-0.66967 -0.964488
-0.667668 -0.976671
-0.665666 -0.988193
-0.663664 -0.999054
-0.661662 -1.00925
-0.65966 -1.01879
-0.657658 -1.02767
-0.655656 -1.03589
-0.653654 -1.04345
-0.651652 -1.05034
-0.64965 -1.05658
-0.647648 -1.06216
-0.645646 -1.06707
-0.643644 -1.07132
-0.641642 -1.07491
-0.63964 -1.07785
-0.637638 -1.08012
-0.635636 -1.08173
-0.633634 -1.08268
-0.631632 -1.08297
-0.62963 -1.08259
-0.627628 -1.08156
-0.625626 -1.07987
-0.623624 -1.07751
-0.621622 -1.0745
-0.61962 -1.07082
-0.617618 -1.06648
-0.615616 -1.06148
-0.613614 -1.05583
-0.611612 -1.04951
-0.60961 -1.04253
-0.607608 -1.03488
-0.605606 -1.02658
-0.603604 -1.01762
-0.601602 -1.008
-0.5996 -0.997712
-0.597598 -0.986767
-0.595596 -0.975161
-0.593594 -0.962894
-0.591592 -0.949967
-0.58959 -0.936379
-0.587588 -0.922129
-0.585586 -0.90722
-0.583584 -0.891649
-0.581582 -0.875417
-0.57958 -0.858525
-0.577578 -0.84128
-0.575576 -0.824622
-0.573574 -0.808618
-0.571572 -0.793268
-0.56957 -0.778571
-0.567568 -0.764528
-0.565566 -0.751138
-0.563564 -0.738402
-0.561562 -0.726319
-0.55956 -0.71489
-0.557558 -0.704114
-0.555556 -0.693992
-0.553554 -0.684523
-0.551552 -0.675708
-0.54955 -0.667547
-0.547548 -0.660039
-0.545546 -0.653184
-0.543544 -0.646983
-0.541542 -0.641436
-0.53954 -0.636542
-0.537538 -0.632302
-0.535536 -0.628715
-0.533534 -0.625782
-0.531532 -0.623502
-0.52953 -0.621876
-0.527528 -0.620903
-0.525526 -0.620584
-0.523524 -0.620918
-0.521522 -0.621906
-0.51952 -0.623547
-0.517518 -0.625842
-0.515516 -0.628791
-0.513514 -0.632393
-0.511512 -0.636648
-0.50951 -0.641558
-0.507508 -0.64712
-0.505506 -0.653336
-0.503503 -0.660206
-0.501501 -0.667729
-0.499499 -0.675906
-0.497497 -0.684736
-0.495495 -0.69422
-0.493493 -0.704357
-0.491491 -0.715148
-0.489489 -0.726593
-0.487487 -0.73869
-0.485485 -0.751442
-0.483483 -0.764847
-0.481481 -0.778905
-0.479479 -0.793617
-0.477477 -0.808983
-0.475475 -0.825002
-0.473473 -0.841667
-0.471471 -0.858196
-0.469469 -0.874061
-0.467467 -0.889262
-0.465465 -0.903799
-0.463463 -0.917672
-0.461461 -0.930881
-0.459459 -0.943427
-0.457457 -0.955308
-0.455455 -0.966525
-0.453453 -0.977079
-0.451451 -0.986969
-0.449449 -0.996194
-0.447447 -1.00476
-0.445445 -1.01265
-0.443443 -1.01989
-0.441441 -1.02646
-0.439439 -1.03236
-0.437437 -1.03761
-0.435435 -1.04218
-0.433433 -1.0461
-0.431431 -1.04935
-0.429429 -1.05194
-0.427427 -1.05386
-0.425425 -1.05512
-0.423423 -1.05571
-0.421421 -1.05564
-0.419419 -1.05491
-0.417417 -1.05351
-0.415415 -1.05145
-0.413413 -1.04873
-0.411411 -1.04534
-0.409409 -1.04129
-0.407407 -1.03657
-0.405405 -1.03119
-0.403403 -1.02515
-0.401401 -1.01844
-0.399399 -1.01107
-0.397397 -1.00303
-0.395395 -0.994329
-0.393393 -0.984965
-0.391391 -0.974937
-0.389389 -0.964246
-0.387387 -0.95289
-0.385385 -0.940871
-0.383383 -0.928187
-0.381381 -0.91484
-0.379379 -0.900828
-0.377377 -0.886153
-0.375375 -0.870814
-0.373373 -0.854811
-0.371371 -0.838144
-0.369369 -0.820813
-0.367367 -0.803001
-0.365365 -0.785692
-0.363363 -0.769035
-0.361361 -0.75303
-0.359359 -0.737676
-0.357357 -0.722974
-0.355355 -0.708924
-0.353353 -0.695525
-0.351351 -0.682777
-0.349349 -0.670682
-0.347347 -0.659238
-0.345345 -0.648445
-0.343343 -0.638304
-0.341341 -0.628815
-0.339339 -0.619977
-0.337337 -0.611791
-0.335335 -0.604257
-0.333333 -0.597374
-0.331331 -0.591142
-0.329329 -0.585563
-0.327327 -0.580635
-0.325325 -0.576358
-0.323323 -0.572733
-0.321321 -0.56976
-0.319319 -0.567438
-0.317317 -0.565768
-0.315315 -0.56475
-0.313313 -0.564383
-0.311311 -0.564668
-0.309309 -0.565604
-0.307307 -0.567192
-0.305305 -0.569431
-0.303303 -0.572323
-0.301301 -0.575865
-0.299299 -0.58006
-0.297297 -0.584906
-0.295295 -0.590403
-0.293293 -0.596552
-0.291291 -0.603353
-0.289289 -0.610805
-0.287287 -0.618909
-0.285285 -0.627665
-0.283283 -0.637072
-0.281281 -0.647131
-0.279279 -0.657841
-0.277277 -0.669203
-0.275275 -0.681217
-0.273273 -0.693882
-0.271271 -0.707199
-0.269269 -0.721167
-0.267267 -0.735787
-0.265265 -0.751059
-0.263263 -0.766982
-0.261261 -0.782966
-0.259259 -0.798286
-0.257257 -0.812942
-0.255255 -0.826932
-0.253253 -0.840256
-0.251251 -0.852916
-0.249249 -0.86491
-0.247247 -0.876238
-0.245245 -0.886902
-0.243243 -0.8969
-0.241241 -0.906233
-0.239239 -0.914901
-0.237237 -0.922904
-0.235235 -0.930241
-0.233233 -0.936913
-0.231231 -0.94292
-0.229229 -0.948261
-0.227227 -0.952938
-0.225225 -0.956949
-0.223223 -0.960294
-0.221221 -0.962975
-0.219219 -0.96499
-0.217217 -0.96634
-0.215215 -0.967025
-0.213213 -0.967044
-0.211211 -0.966398
-0.209209 -0.965087
-0.207207 -0.963111
-0.205205 -0.960469
-0.203203 -0.957162
-0.201201 -0.95319
-0.199199 -0.948552
-0.197197 -0.94325
-0.195195 -0.937282
-0.193193 -0.930649
-0.191191 -0.92335
-0.189189 -0.915386
-0.187187 -0.906757
-0.185185 -0.897463
-0.183183 -0.887504
-0.181181 -0.876879
-0.179179 -0.865589
-0.177177 -0.853633
-0.175175 -0.841013
-0.173173 -0.827727
-0.171171 -0.813776
-0.169169 -0.79916
-0.167167 -0.783878
-0.165165 -0.767931
-0.163163 -0.751319
-0.161161 -0.734042
-0.159159 -0.716099
-0.157157 -0.69758
-0.155155 -0.67945
-0.153153 -0.66197
-0.151151 -0.64514
-0.149149 -0.628962
-0.147147 -0.613433
-0.145145 -0.598556
-0.143143 -0.584328
-0.141141 -0.570752
-0.139139 -0.557826
-0.137137 -0.54555
-0.135135 -0.533925
-0.133133 -0.522951
-0.131131 -0.512627
-0.129129 -0.502954
-0.127127 -0.493931
-0.125125 -0.485559
-0.123123 -0.477837
-0.121121 -0.470766
-0.119119 -0.464346
-0.117117 -0.458576
-0.115115 -0.453456
-0.113113 -0.448988
-0.111111 -0.445169
-0.109109 -0.442002
-0.107107 -0.439484
-0.105105 -0.437618
-0.103103 -0.436402
-0.101101 -0.435836
-0.0990991 -0.435921
-0.0970971 -0.436657
-0.0950951 -0.438043
-0.0930931 -0.44008
-0.0910911 -0.442767
-0.0890891 -0.446105
-0.0870871 -0.450093
-0.0850851 -0.454732
-0.0830831 -0.460022
-0.0810811 -0.465962
-0.0790791 -0.472553
-0.0770771 -0.479794
-0.0750751 -0.487685
-0.0730731 -0.496228
-0.0710711 -0.505421
-0.0690691 -0.515264
-0.0670671 -0.525758
-0.0650651 -0.536902
-0.0630631 -0.548698
-0.0610611 -0.561143
-0.0590591 -0.574239
-0.0570571 -0.587986
-0.0550551 -0.602383
-0.0530531 -0.617431
-0.0510511 -0.632719
-0.049049 -0.64737
-0.047047 -0.661355
-0.045045 -0.674674
-0.043043 -0.687327
-0.041041 -0.699313
-0.039039 -0.710634
-0.037037 -0.721288
-0.035035 -0.731276
-0.033033 -0.740597
-0.031031 -0.749253
-0.029029 -0.757243
-0.027027 -0.764566
-0.025025 -0.771223
-0.023023 -0.777214
-0.021021 -0.782539
-0.019019 -0.787198
-0.017017 -0.79119
-0.015015 -0.794516
-0.013013 -0.797177
-0.011011 -0.799171
-0.00900901 -0.800499
-0.00700701 -0.80116
-0.005005 -0.801156
-0.003003 -0.800485
-0.001001 -0.799148
0.001001 -0.797146
0.003003 -0.794476
0.005005 -0.791141
0.00700701 -0.78714
0.00900901 -0.782472
0.011011 -0.777138
0.013013 -0.771139
0.015015 -0.764473
0.017017 -0.75714
0.019019 -0.749142
0.021021 -0.740477
0.023023 -0.731147
0.025025 -0.72115
0.027027 -0.710487
0.029029 -0.699158
0.031031 -0.687162
0.033033 -0.674501
0.035035 -0.661173
0.037037 -0.647179
0.039039 -0.632519
0.041041 -0.617193
0.043043 -0.601201
0.045045 -0.584542
0.047047 -0.567218
0.049049 -0.549227
0.0510511 -0.53057
0.0530531 -0.511276
0.0550551 -0.492222
0.0570571 -0.473817
0.0590591 -0.456062
0.0610611 -0.438957
0.0630631 -0.422502
0.0650651 -0.406696
0.0670671 -0.39154
0.0690691 -0.377033
0.0710711 -0.363177
0.0730731 -0.34997
0.0750751 -0.337412
0.0770771 -0.325505
0.0790791 -0.314247
0.0810811 -0.303639
0.0830831 -0.29368
0.0850851 -0.284371
0.0870871 -0.275712
0.0890891 -0.267703
0.0910911 -0.260343
0.0930931 -0.253633
0.0950951 -0.247573
0.0970971 -0.242162
0.0990991 -0.237401
0.101101 -0.23329
0.103103 -0.229829
0.105105 -0.227017
0.107107 -0.224855
0.109109 -0.223342
0.111111 -0.22248
0.113113 -0.222267
0.115115 -0.222704
0.117117 -0.22379
0.119119 -0.225526
0.121121 -0.227912
0.123123 -0.230947
0.125125 -0.234633
0.127127 -0.238968
0.129129 -0.243952
0.131131 -0.249587
0.133133 -0.255871
0.135135 -0.262804
0.137137 -0.270388
0.139139 -0.278621
0.141141 -0.287504
0.143143 -0.297036
0.145145 -0.307219
0.147147 -0.318051
0.149149 -0.329532
0.151151 -0.341664
0.153153 -0.354445
0.155155 -0.367876
0.157157 -0.381956
0.159159 -0.396424
0.161161 -0.410313
0.163163 -0.423536
0.165165 -0.436092
0.167167 -0.447981
0.169169 -0.459202
0.171171 -0.469757
0.173173 -0.479644
0.175175 -0.488865
0.177177 -0.497418
0.179179 -0.505304
0.181181 -0.512524
0.183183 -0.519076
0.185185 -0.524961
0.187187 -0.530179
0.189189 -0.53473
0.191191 -0.538614
0.193193 -0.541831
0.195195 -0.544381
0.197197 -0.546263
0.199199 -0.547479
0.201201 -0.548028
0.203203 -0.547909
0.205205 -0.547124
0.207207 -0.545671
0.209209 -0.543552
0.211211 -0.540765
0.213213 -0.537311
0.215215 -0.533191
0.217217 -0.528403
0.219219 -0.522948
0.221221 -0.516826
0.223223 -0.510037
0.225225 -0.502581
0.227227 -0.494458
0.229229 -0.485668
0.231231 -0.47621
0.233233 -0.466086
0.235235 -0.455295
0.237237 -0.443836
0.239239 -0.431711
0.241241 -0.418918
0.243243 -0.405459
0.245245 -0.391332
0.247247 -0.376538
0.249249 -0.361077
0.251251 -0.344949
0.253253 -0.328155
0.255255 -0.310693
0.257257 -0.292564
0.259259 -0.273767
0.261261 -0.254304
0.263263 -0.234176
0.265265 -0.214106
0.267267 -0.194684
0.269269 -0.175911
0.271271 -0.157787
0.273273 -0.140312
0.275275 -0.123485
0.277277 -0.107307
0.279279 -0.091777
0.281281 -0.076896
0.283283 -0.0626638
0.285285 -0.0490801
0.287287 -0.0361452
0.289289 -0.0238589
0.291291 -0.0122212
0.293293 -0.00123222
0.295295 0.00910813
0.297297 0.0187998
0.299299 0.0278428
0.301301 0.0362372
0.303303 0.043983
0.305305 0.05108
0.307307 0.0575284
0.309309 0.0633282
0.311311 0.0684793
0.313313 0.0729817
0.315315 0.0768355
0.317317 0.0800407
0.319319 0.0825972
0.321321 0.084505
0.323323 0.0857642
0.325325 0.0863747
0.327327 0.0863366
0.329329 0.0856498
0.331331 0.0843143
0.333333 0.0823302
0.335335 0.0796975
0.337337 0.0764161
0.339339 0.072486
0.341341 0.0679073
0.343343 0.0626799
0.345345 0.0568039
0.347347 0.0502792
0.349349 0.0431058
0.351351 0.0352839
0.353353 0.0268132
0.355355 0.0176939
0.357357 0.00792594
0.359359 -0.00249067
0.361361 -0.0135559
0.363363 -0.0252699
0.365365 -0.0376324
0.367367 -0.0506437
0.369369 -0.0641558
0.371371 -0.0771819
0.373373 -0.0895397
0.375375 -0.101229
0.377377 -0.11225
0.379379 -0.122602
0.381381 -0.132287
0.383383 -0.141302
0.385385 -0.149649
0.387387 -0.157328
0.389389 -0.164339
0.391391 -0.170681
0.393393 -0.176355
0.395395 -0.18136
0.397397 -0.185697
0.399399 -0.189365
0.401401 -0.192365
0.403403 -0.194697
0.405405 -0.19636
0.407407 -0.197355
0.409409 -0.197681
0.411411 -0.197339
0.413413 -0.196329
0.415415 -0.19465
0.417417 -0.192303
0.419419 -0.189287
0.421421 -0.185603
0.423423 -0.18125
0.425425 -0.17623
0.427427 -0.17054
0.429429 -0.164183
0.431431 -0.157156
0.433433 -0.149462
0.435435 -0.141099
0.437437 -0.132068
0.439439 -0.122368
0.441441 -0.112
0.443443 -0.100963
0.445445 -0.0892584
0.447447 -0.076885
0.449449 -0.0638432
0.451451 -0.0501331
0.453453 -0.0357545
0.455455 -0.0207075
0.457457 -0.00499209
0.459459 0.0113917
0.461461 0.0284439
0.463463 0.0461646
0.465465 0.0645536
0.467467 0.083611
0.469469 0.103337
0.471471 0.123731
0.473473 0.144794
0.475475 0.165998
0.477477 0.186564
0.479479 0.206482
0.481481 0.225754
0.483483 0.244379
0.485485 0.262357
0.487487 0.279689
0.489489 0.296374
0.491491 0.312412
0.493493 0.327803
0.495495 0.342548
0.497497 0.356646
0.499499 0.370097
0.501501 0.382901
0.503503 0.395059
0.505506 0.40657
0.507508 0.417435
0.50951 0.427652
0.511512 0.437223
0.513514 0.446147
0.515516 0.454425
0.517518 0.462055
0.51952 0.469039
0.521522 0.475376
0.523524 0.481067
0.525526 0.486111
0.527528 0.490508
0.52953 0.494258
0.531532 0.497362
0.533534 0.499818
0.535536 0.501629
0.537538 0.502792
0.53954 0.503309
0.541542 0.503179
0.543544 0.502402
0.545546 0.500978
0.547548 0.498908
0.54955 0.496191
0.551552 0.492827
0.553554 0.488817
0.555556 0.48416
0.557558 0.478856
0.55956 0.472905
0.561562 0.466308
0.563564 0.459064
0.565566 0.451173
0.567568 0.442636
0.56957 0.433452
0.571572 0.423621
0.573574 0.413143
0.575576 0.402019
0.577578 0.390247
0.57958 0.377895
0.581582 0.365906
0.583584 0.354588
0.585586 0.343942
0.587588 0.333968
0.58959 0.324665
0.591592 0.316033
0.593594 0.308073
0.595596 0.300785
0.597598 0.294168
0.5996 0.288222
0.601602 0.282948
0.603604 0.278346
0.605606 0.274415
0.607608 0.271156
0.60961 0.268568
0.611612 0.266651
0.613614 0.265407
0.615616 0.264833
0.617618 0.264932
0.61962 0.265701
0.621622 0.267143
0.623624 0.269256
0.625626 0.27204
0.627628 0.275496
0.62963 0.279623
0.631632 0.284422
0.633634 0.289893
0.635636 0.296035
0.637638 0.302848
0.63964 0.310333
0.641642 0.31849
0.643644 0.327318
0.645646 0.336817
0.647648 0.346988
0.64965 0.357831
0.651652 0.369345
0.653654 0.381531
0.655656 0.394388
0.657658 0.407917
0.65966 0.422117
0.661662 0.436989
0.663664 0.452532
0.665666 0.468747
0.667668 0.485633
0.66967 0.503191
0.671672 0.521421
0.673674 0.540322
0.675676 0.559894
0.677678 0.580138
0.67968 0.601054
0.681682 0.622641
0.683684 0.644899
0.685686 0.667473
0.687688 0.689452
0.68969 0.710789
0.691692 0.731486
0.693694 0.751542
0.695696 0.770958
0.697698 0.789732
0.6997 0.807866
0.701702 0.825359
0.703704 0.842212
0.705706 0.858423
0.707708 0.873994
0.70971 0.888924
0.711712 0.903213
0.713714 0.916862
0.715716 0.929869
0.717718 0.942236
0.71972 0.953963
0.721722 0.965048
0.723724 0.975492
0.725726 0.985296
0.727728 0.994459
0.72973 1.00298
0.731732 1.01086
0.733734 1.0181
0.735736 1.0247
0.737738 1.03066
0.73974 1.03598
0.741742 1.04066
0.743744 1.0447
0.745746 1.04809
0.747748 1.05085
0.74975 1.05296
0.751752 1.05444
0.753754 1.05527
0.755756 1.05546
0.757758 1.05501
0.75976 1.05392
0.761762 1.05219
0.763764 1.04982
0.765766 1.04681
0.767768 1.04316
0.76977 1.03887
0.771772 1.03393
0.773774 1.02836
0.775776 1.02214
0.777778 1.01528
0.77978 1.00779
0.781782 0.99965
0.783784 0.990871
0.785786 0.981452
0.787788 0.971392
0.78979 0.960708
0.791792 0.950239
0.793794 0.940458
0.795796 0.931363
0.797798 0.922956
0.7998 0.915234
0.801802 0.9082
0.803804 0.901853
0.805806 0.896192
0.807808 0.891218
0.80981 0.886931
0.811812 0.883331
0.813814 0.880417
0.815816 0.878191
0.817818 0.876651
0.81982 0.875798
0.821822 0.875632
0.823824 0.876152
0.825826 0.877359
0.827828 0.879253
0.82983 0.881834
0.831832 0.885102
0.833834 0.889057
0.835836 0.893698
0.837838 0.899026
0.83984 0.905041
0.841842 0.911743
0.843844 0.919131
0.845846 0.927207
0.847848 0.935969
0.84985 0.945418
0.851852 0.955553
0.853854 0.966376
0.855856 0.977885
0.857858 0.990081
0.85986 1.00296
0.861862 1.01653
0.863864 1.03079
0.865866 1.04573
0.867868 1.06136
0.86987 1.07768
0.871872 1.09468
0.873874 1.11237
0.875876 1.13075
0.877878 1.14982
0.87988 1.16957
0.881882 1.19
0.883884 1.21113
0.885886 1.23294
0.887888 1.25544
0.88989 1.27862
0.891892 1.30249
0.893894 1.32705
0.895896 1.3521
0.897898 1.37678
0.8999 1.40097
0.901902 1.42469
0.903904 1.44793
0.905906 1.47068
0.907908 1.49296
0.90991 1.51476
0.911912 1.53608
0.913914 1.55692
0.915916 1.57728
0.917918 1.59717
0.91992 1.61657
0.921922 1.6355
0.923924 1.65394
0.925926 1.67191
0.927928 1.6894
0.92993 1.7064
0.931932 1.72293
0.933934 1.73898
0.935936 1.75455
0.937938 1.76965
0.93994 1.78426
0.941942 1.79839
0.943944 1.81205
0.945946 1.82522
0.947948 1.83792
0.94995 1.85014
0.951952 1.86188
0.953954 1.87313
0.955956 1.88391
0.957958 1.89422
0.95996 1.90404
0.961962 1.91338
0.963964 1.92224
0.965966 1.93063
0.967968 1.93853
0.96997 1.94596
0.971972 1.95291
0.973974 1.95937
0.975976 1.96536
0.977978 1.97087
0.97998 1.9759
0.981982 1.98045
0.983984 1.98453
0.985986 1.98812
0.987988 1.99123
0.98999 1.99387
0.991992 1.99603
0.993994 1.9977
0.995996 1.9989
0.997998 1.99962
1 1.99986
