-1 -1.14145
-0.997998 -1.14031
-0.995996 -1.13917
-0.993994 -1.13802
-0.991992 -1.13688
-0.98999 -1.13574
-0.987988 -1.1346
-0.985986 -1.13345
-0.983984 -1.13231
-0.981982 -1.13117
-0.97998 -1.13003
-0.977978 -1.12888
-0.975976 -1.12774
-0.973974 -1.1266
-0.971972 -1.12546
-0.96997 -1.12431
-0.967968 -1.12317
-0.965966 -1.12203
-0.963964 -1.12089
-0.961962 -1.11974
-0.95996 -1.1186
-0.957958 -1.11746
-0.955956 -1.11632
-0.953954 -1.11517
-0.951952 -1.11403
-0.94995 -1.11289
-0.947948 -1.11175
-0.945946 -1.11061
-0.943944 -1.10946
-0.941942 -1.10832
-0.93994 -1.10718
-0.937938 -1.10604
-0.935936 -1.10489
-0.933934 -1.10375
-0.931932 -1.10261
-0.92993 -1.10147
-0.927928 -1.10032
-0.925926 -1.09918
-0.923924 -1.09804
-0.921922 -1.0969
-0.91992 -1.09575
-0.917918 -1.09461
-0.915916 -1.09347
-0.913914 -1.09233
-0.911912 -1.09118
-0.90991 -1.09004
-0.907908 -1.0889
-0.905906 -1.08776
-0.903904 -1.08661
-0.901902 -1.08547
-0.8999 -1.08433
-0.897898 -1.08319
-0.895896 -1.08204
-0.893894 -1.0809
-0.891892 -1.07976
-0.88989 -1.07862
-0.887888 -1.07747
-0.885886 -1.07633
-0.883884 -1.07519
-0.881882 -1.07405
-0.87988 -1.0729
-0.877878 -1.07176
-0.875876 -1.07062
-0.873874 -1.06948
-0.871872 -1.06833
-0.86987 -1.06719
-0.867868 -1.06605
-0.865866 -1.06491
-0.863864 -1.06376
-0.861862 -1.06262
-0.85986 -1.06148
-0.857858 -1.06034
-0.855856 -1.05919
-0.853854 -1.05805
-0.851852 -1.05691
-0.84985 -1.05577
-0.847848 -1.05462
-0.845846 -1.05348
-0.843844 -1.05234
-0.841842 -1.0512
-0.83984 -1.05006
-0.837838 -1.04891
-0.835836 -1.04777
-0.833834 -1.04663
-0.831832 -1.04549
-0.82983 -1.04434
-0.827828 -1.0432
-0.825826 -1.04206
-0.823824 -1.04092
-0.821822 -1.03977
-0.81982 -1.03863
-0.817818 -1.03749
-0.815816 -1.03635
-0.813814 -1.0352
-0.811812 -1.03406
-0.80981 -1.03292
-0.807808 -1.03178
-0.805806 -1.03063
-0.803804 -1.02949
-0.801802 -1.02835
-0.7998 -1.02721
-0.797798 -1.02606
-0.795796 -1.02492
-0.793794 -1.02378
-0.791792 -1.02264
-0.78979 -1.02149
-0.787788 -1.02035
-0.785786 -1.01921
-0.783784 -1.01807
-0.781782 -1.01692
-0.77978 -1.01578
-0.777778 -1.01464
-0.775776 -1.0135
-0.773774 -1.01235
-0.771772 -1.01121
-0.76977 -1.01007
-0.767768 -1.00893
-0.765766 -1.00778
-0.763764 -1.00664
-0.761762 -1.0055
-0.75976 -1.00436
-0.757758 -1.00321
-0.755756 -1.00207
-0.753754 -1.00093
-0.751752 -0.999787
-0.74975 -0.998645
-0.747748 -0.997502
-0.745746 -0.99636
-0.743744 -0.995217
-0.741742 -0.994075
-0.73974 -0.992932
-0.737738 -0.99179
-0.735736 -0.990648
-0.733734 -0.989505
-0.731732 -0.988363
-0.72973 -0.98722
-0.727728 -0.986078
-0.725726 -0.984935
-0.723724 -0.983793
-0.721722 -0.98265
-0.71972 -0.981508
-0.717718 -0.980365
-0.715716 -0.979223
-0.713714 -0.978081
-0.711712 -0.976938
-0.70971 -0.975796
-0.707708 -0.974653
-0.705706 -0.973511
-0.703704 -0.972368
-0.701702 -0.971226
-0.6997 -0.970083
-0.697698 -0.968941
-0.695696 -0.967799
-0.693694 -0.966656
-0.691692 -0.965514
-0.68969 -0.964371
-0.687688 -0.963229
-0.685686 -0.962086
-0.683684 -0.960944
-0.681682 -0.959801
-0.67968 -0.958659
-0.677678 -0.957516
-0.675676 -0.956374
-0.673674 -0.955232
-0.671672 -0.954089
-0.66967 -0.952947
-0.667668 -0.951804
-0.665666 -0.950662
-0.663664 -0.949519
-0.661662 -0.948377
-0.65966 -0.947234
-0.657658 -0.946092
-0.655656 -0.944949
-0.653654 -0.943807
-0.651652 -0.942665
-0.64965 -0.941522
-0.647648 -0.94038
-0.645646 -0.939237
-0.643644 -0.938095
-0.641642 -0.936952
-0.63964 -0.93581
-0.637638 -0.934667
-0.635636 -0.933525
-0.633634 -0.932382
-0.631632 -0.93124
-0.62963 -0.930098
-0.627628 -0.928955
-0.625626 -0.927813
-0.623624 -0.92667
-0.621622 -0.925528
-0.61962 -0.924385
-0.617618 -0.923243
-0.615616 -0.9221
-0.613614 -0.920958
-0.611612 -0.919816
-0.60961 -0.918673
-0.607608 -0.917531
-0.605606 -0.916388
-0.603604 -0.915246
-0.601602 -0.914103
-0.5996 -0.912961
-0.597598 -0.911818
-0.595596 -0.910676
-0.593594 -0.909533
-0.591592 -0.908391
-0.58959 -0.907249
-0.587588 -0.906106
-0.585586 -0.904964
-0.583584 -0.903821
-0.581582 -0.902679
-0.57958 -0.901536
-0.577578 -0.900394
-0.575576 -0.899251
-0.573574 -0.898109
-0.571572 -0.896966
-0.56957 -0.895824
-0.567568 -0.894682
-0.565566 -0.893539
-0.563564 -0.892397
-0.561562 -0.891254
-0.55956 -0.890112
-0.557558 -0.888969
-0.555556 -0.887827
-0.553554 -0.886684
-0.551552 -0.885542
-0.54955 -0.884399
-0.547548 -0.883257
-0.545546 -0.882115
-0.543544 -0.880972
-0.541542 -0.87983
-0.53954 -0.878687
-0.537538 -0.877545
-0.535536 -0.876402
-0.533534 -0.87526
-0.531532 -0.874117
-0.52953 -0.872975
-0.527528 -0.871833
-0.525526 -0.87069
-0.523524 -0.869548
-0.521522 -0.868405
-0.51952 -0.867263
-0.517518 -0.86612
-0.515516 -0.864978
-0.513514 -0.863835
-0.511512 -0.862693
-0.50951 -0.86155
-0.507508 -0.860408
-0.505506 -0.859266
-0.503503 -0.858123
-0.501501 -0.856981
-0.499499 -0.855838
-0.497497 -0.854696
-0.495495 -0.853553
-0.493493 -0.852411
-0.491491 -0.851268
-0.489489 -0.850126
-0.487487 -0.848983
-0.485485 -0.847841
-0.483483 -0.846699
-0.481481 -0.845556
-0.479479 -0.844414
-0.477477 -0.843271
-0.475475 -0.842129
-0.473473 -0.840986
-0.471471 -0.839844
-0.469469 -0.838701
-0.467467 -0.837559
-0.465465 -0.836416
-0.463463 -0.835274
-0.461461 -0.834132
-0.459459 -0.832989
-0.457457 -0.831847
-0.455455 -0.830704
-0.453453 -0.829562
-0.451451 -0.828419
-0.449449 -0.827277
-0.447447 -0.826134
-0.445445 -0.824992
-0.443443 -0.82385
-0.441441 -0.822707
-0.439439 -0.821565
-0.437437 -0.820422
-0.435435 -0.81928
-0.433433 -0.818137
-0.431431 -0.816995
-0.429429 -0.815852
-0.427427 -0.81471
-0.425425 -0.813567
-0.423423 -0.812425
-0.421421 -0.811283
-0.419419 -0.81014
-0.417417 -0.808998
-0.415415 -0.807855
-0.413413 -0.806713
-0.411411 -0.80557
-0.409409 -0.804428
-0.407407 -0.803285
-0.405405 -0.802143
-0.403403 -0.801
-0.401401 -0.799858
-0.399399 -0.798716
-0.397397 -0.797573
-0.395395 -0.796431
-0.393393 -0.795288
-0.391391 -0.794146
-0.389389 -0.793003
-0.387387 -0.791861
-0.385385 -0.790718
-0.383383 -0.789576
-0.381381 -0.788433
-0.379379 -0.787291
-0.377377 -0.786149
-0.375375 -0.785006
-0.373373 -0.783864
-0.371371 -0.782721
-0.369369 -0.781579
-0.367367 -0.780436
-0.365365 -0.779294
-0.363363 -0.778151
-0.361361 -0.777009
-0.359359 -0.775867
-0.357357 -0.774724
-0.355355 -0.773582
-0.353353 -0.772439
-0.351351 -0.771297
-0.349349 -0.770154
-0.347347 -0.769012
-0.345345 -0.767869
-0.343343 -0.766727
-0.341341 -0.765584
-0.339339 -0.764442
-0.337337 -0.7633
-0.335335 -0.762157
-0.333333 -0.761015
-0.331331 -0.759872
-0.329329 -0.75873
-0.327327 -0.757587
-0.325325 -0.756445
-0.323323 -0.755302
-0.321321 -0.75416
-0.319319 -0.753017
-0.317317 -0.751875
-0.315315 -0.750733
-0.313313 -0.74959
-0.311311 -0.748448
-0.309309 -0.747305
-0.307307 -0.746163
-0.305305 -0.74502
-0.303303 -0.743878
-0.301301 -0.742735
-0.299299 -0.741593
-0.297297 -0.74045
-0.295295 -0.739308
-0.293293 -0.738166
-0.291291 -0.737023
-0.289289 -0.735881
-0.287287 -0.734738
-0.285285 -0.733596
-0.283283 -0.732453
-0.281281 -0.731311
-0.279279 -0.730168
-0.277277 -0.729026
-0.275275 -0.727884
-0.273273 -0.726741
-0.271271 -0.725599
-0.269269 -0.724456
-0.267267 -0.723314
-0.265265 -0.722171
-0.263263 -0.721029
-0.261261 -0.719886
-0.259259 -0.718744
-0.257257 -0.717601
-0.255255 -0.716459
-0.253253 -0.715317
-0.251251 -0.714174
-0.249249 -0.713032
-0.247247 -0.711889
-0.245245 -0.710747
-0.243243 -0.709604
-0.241241 -0.708462
-0.239239 -0.707319
-0.237237 -0.706177
-0.235235 -0.705034
-0.233233 -0.703892
-0.231231 -0.70275
-0.229229 -0.701607
-0.227227 -0.700465
-0.225225 -0.699322
-0.223223 -0.69818
-0.221221 -0.697037
-0.219219 -0.695895
-0.217217 -0.694752
-0.215215 -0.69361
-0.213213 -0.692467
-0.211211 -0.691325
-0.209209 -0.690183
-0.207207 -0.68904
-0.205205 -0.687898
-0.203203 -0.686755
-0.201201 -0.685613
-0.199199 -0.68447
-0.197197 -0.683328
-0.195195 -0.682185
-0.193193 -0.681043
-0.191191 -0.679901
-0.189189 -0.678758
-0.187187 -0.677616
-0.185185 -0.676473
-0.183183 -0.675331
-0.181181 -0.674188
-0.179179 -0.673046
-0.177177 -0.671903
-0.175175 -0.670761
-0.173173 -0.669618
-0.171171 -0.668476
-0.169169 -0.667334
-0.167167 -0.666191
-0.165165 -0.665049
-0.163163 -0.663906
-0.161161 -0.662764
-0.159159 -0.661621
-0.157157 -0.660479
-0.155155 -0.659336
-0.153153 -0.658194
-0.151151 -0.657051
-0.149149 -0.655909
-0.147147 -0.654767
-0.145145 -0.653624
-0.143143 -0.652482
-0.141141 -0.651339
-0.139139 -0.650197
-0.137137 -0.649054
-0.135135 -0.647912
-0.133133 -0.646769
-0.131131 -0.645627
-0.129129 -0.644485
-0.127127 -0.643342
-0.125125 -0.6422
-0.123123 -0.641057
-0.121121 -0.639915
-0.119119 -0.638772
-0.117117 -0.63763
-0.115115 -0.636487
-0.113113 -0.635345
-0.111111 -0.634202
-0.109109 -0.63306
-0.107107 -0.631918
-0.105105 -0.630775
-0.103103 -0.629633
-0.101101 -0.62849
-0.0990991 -0.627348
-0.0970971 -0.626205
-0.0950951 -0.625063
-0.0930931 -0.62392
-0.0910911 -0.622778
-0.0890891 -0.621635
-0.0870871 -0.620493
-0.0850851 -0.619351
-0.0830831 -0.618208
-0.0810811 -0.617066
-0.0790791 -0.615923
-0.0770771 -0.614781
-0.0750751 -0.613638
-0.0730731 -0.612496
-0.0710711 -0.611353
-0.0690691 -0.610211
-0.0670671 -0.609068
-0.0650651 -0.607926
-0.0630631 -0.606784
-0.0610611 -0.605641
-0.0590591 -0.604499
-0.0570571 -0.603356
-0.0550551 -0.602214
-0.0530531 -0.601071
-0.0510511 -0.599929
-0.049049 -0.598786
-0.047047 -0.597644
-0.045045 -0.596502
-0.043043 -0.595359
-0.041041 -0.594217
-0.039039 -0.593074
-0.037037 -0.591932
-0.035035 -0.590789
-0.033033 -0.589647
-0.031031 -0.588504
-0.029029 -0.587362
-0.027027 -0.586219
-0.025025 -0.585077
-0.023023 -0.583935
-0.021021 -0.582792
-0.019019 -0.58165
-0.017017 -0.580507
-0.015015 -0.579365
-0.013013 -0.578222
-0.011011 -0.57708
-0.00900901 -0.575937
-0.00700701 -0.574795
-0.005005 -0.573652
-0.003003 -0.57251
-0.001001 -0.571368
0.001001 -0.568223
0.003003 -0.563077
0.005005 -0.55793
0.00700701 -0.552784
0.00900901 -0.547637
0.011011 -0.542491
0.013013 -0.537344
0.015015 -0.532198
0.017017 -0.527051
0.019019 -0.521905
0.021021 -0.516759
0.023023 -0.511612
0.025025 -0.506466
0.027027 -0.501319
0.029029 -0.496173
0.031031 -0.491026
0.033033 -0.48588
0.035035 -0.480733
0.037037 -0.475587
0.039039 -0.47044
0.041041 -0.465294
0.043043 -0.460148
0.045045 -0.455001
0.047047 -0.449855
0.049049 -0.444708
0.0510511 -0.439562
0.0530531 -0.434415
0.0550551 -0.429269
0.0570571 -0.424122
0.0590591 -0.418976
0.0610611 -0.413829
0.0630631 -0.408683
0.0650651 -0.403536
0.0670671 -0.39839
0.0690691 -0.393244
0.0710711 -0.388097
0.0730731 -0.382951
0.0750751 -0.377804
0.0770771 -0.372658
0.0790791 -0.367511
0.0810811 -0.362365
0.0830831 -0.357218
0.0850851 -0.352072
0.0870871 -0.346925
0.0890891 -0.341779
0.0910911 -0.336633
0.0930931 -0.331486
0.0950951 -0.32634
0.0970971 -0.321193
0.0990991 -0.316047
0.101101 -0.3109
0.103103 -0.305754
0.105105 -0.300607
0.107107 -0.295461
0.109109 -0.290314
0.111111 -0.285168
0.113113 -0.280022
0.115115 -0.274875
0.117117 -0.269729
0.119119 -0.264582
0.121121 -0.259436
0.123123 -0.254289
0.125125 -0.249143
0.127127 -0.243996
0.129129 -0.23885
0.131131 -0.233703
0.133133 -0.228557
0.135135 -0.223411
0.137137 -0.218264
0.139139 -0.213118
0.141141 -0.207971
0.143143 -0.202825
0.145145 -0.197678
0.147147 -0.192532
0.149149 -0.187385
0.151151 -0.182239
0.153153 -0.177092
0.155155 -0.171946
0.157157 -0.1668
0.159159 -0.161653
0.161161 -0.156507
0.163163 -0.15136
0.165165 -0.146214
0.167167 -0.141067
0.169169 -0.135921
0.171171 -0.130774
0.173173 -0.125628
0.175175 -0.120481
0.177177 -0.115335
0.179179 -0.110188
0.181181 -0.105042
0.183183 -0.0998956
0.185185 -0.0947491
0.187187 -0.0896027
0.189189 -0.0844562
0.191191 -0.0793098
0.193193 -0.0741633
0.195195 -0.0690168
0.197197 -0.0638704
0.199199 -0.0587239
0.201201 -0.0535775
0.203203 -0.048431
0.205205 -0.0432846
0.207207 -0.0381381
0.209209 -0.0329917
0.211211 -0.0278452
0.213213 -0.0226987
0.215215 -0.0175523
0.217217 -0.0124058
0.219219 -0.00725937
0.221221 -0.00211291
0.223223 0.00303354
0.225225 0.00818
0.227227 0.0133265
0.229229 0.0184729
0.231231 0.0236194
0.233233 0.0287658
0.235235 0.0339123
0.237237 0.0390587
0.239239 0.0442052
0.241241 0.0493516
0.243243 0.0544981
0.245245 0.0596446
0.247247 0.064791
0.249249 0.0699375
0.251251 0.0750839
0.253253 0.0802304
0.255255 0.0853768
0.257257 0.0905233
0.259259 0.0956698
0.261261 0.100816
0.263263 0.105963
0.265265 0.111109
0.267267 0.116256
0.269269 0.121402
0.271271 0.126548
0.273273 0.131695
0.275275 0.136841
0.277277 0.141988
0.279279 0.147134
0.281281 0.152281
0.283283 0.157427
0.285285 0.162574
0.287287 0.16772
0.289289 0.172867
0.291291 0.178013
0.293293 0.18316
0.295295 0.188306
0.297297 0.193452
0.299299 0.198599
0.301301 0.203745
0.303303 0.208892
0.305305 0.214038
0.307307 0.219185
0.309309 0.224331
0.311311 0.229478
0.313313 0.234624
0.315315 0.239771
0.317317 0.244917
0.319319 0.250063
0.321321 0.25521
0.323323 0.260356
0.325325 0.265503
0.327327 0.270649
0.329329 0.275796
0.331331 0.280942
0.333333 0.286089
0.335335 0.291235
0.337337 0.296382
0.339339 0.301528
0.341341 0.306674
0.343343 0.311821
0.345345 0.316967
0.347347 0.322114
0.349349 0.32726
0.351351 0.332407
0.353353 0.337553
0.355355 0.3427
0.357357 0.347846
0.359359 0.352993
0.361361 0.358139
0.363363 0.363285
0.365365 0.368432
0.367367 0.373578
0.369369 0.378725
0.371371 0.383871
0.373373 0.389018
0.375375 0.394164
0.377377 0.399311
0.379379 0.404457
0.381381 0.409604
0.383383 0.41475
0.385385 0.419896
0.387387 0.425043
0.389389 0.430189
0.391391 0.435336
0.393393 0.440482
0.395395 0.445629
0.397397 0.450775
0.399399 0.455922
0.401401 0.461068
0.403403 0.466215
0.405405 0.471361
0.407407 0.476508
0.409409 0.481654
0.411411 0.4868
0.413413 0.491947
0.415415 0.497093
0.417417 0.50224
0.419419 0.507386
0.421421 0.512533
0.423423 0.517679
0.425425 0.522826
0.427427 0.527972
0.429429 0.533119
0.431431 0.538265
0.433433 0.543411
0.435435 0.548558
0.437437 0.553704
0.439439 0.558851
0.441441 0.563997
0.443443 0.569144
0.445445 0.57429
0.447447 0.579437
0.449449 0.584583
0.451451 0.58973
0.453453 0.594876
0.455455 0.600022
0.457457 0.605169
0.459459 0.610315
0.461461 0.615462
0.463463 0.620608
0.465465 0.625755
0.467467 0.630901
0.469469 0.636048
0.471471 0.641194
0.473473 0.646341
0.475475 0.651487
0.477477 0.656633
0.479479 0.66178
0.481481 0.666926
0.483483 0.672073
0.485485 0.677219
0.487487 0.682366
0.489489 0.687512
0.491491 0.692659
0.493493 0.697805
0.495495 0.702952
0.497497 0.708098
0.499499 0.713245
0.501501 0.718391
0.503503 0.723537
0.505506 0.728684
0.507508 0.73383
0.50951 0.738977
0.511512 0.744123
0.513514 0.74927
0.515516 0.754416
0.517518 0.759563
0.51952 0.764709
0.521522 0.769856
0.523524 0.775002
0.525526 0.780148
0.527528 0.785295
0.52953 0.790441
0.531532 0.795588
0.533534 0.800734
0.535536 0.805881
0.537538 0.811027
0.53954 0.816174
0.541542 0.82132
0.543544 0.826467
0.545546 0.831613
0.547548 0.836759
0.54955 0.841906
0.551552 0.847052
0.553554 0.852199
0.555556 0.857345
0.557558 0.862492
0.55956 0.867638
0.561562 0.872785
0.563564 0.877931
0.565566 0.883078
0.567568 0.888224
0.56957 0.89337
0.571572 0.898517
0.573574 0.903663
0.575576 0.90881
0.577578 0.913956
0.57958 0.919103
0.581582 0.924249
0.583584 0.929396
0.585586 0.934542
0.587588 0.939689
0.58959 0.944835
0.591592 0.949981
0.593594 0.955128
0.595596 0.960274
0.597598 0.965421
0.5996 0.970567
0.601602 0.975714
0.603604 0.98086
0.605606 0.986007
0.607608 0.991153
0.60961 0.9963
0.611612 1.00145
0.613614 1.00659
0.615616 1.01174
0.617618 1.01689
0.61962 1.02203
0.621622 1.02718
0.623624 1.03232
0.625626 1.03747
0.627628 1.04262
0.62963 1.04776
0.631632 1.05291
0.633634 1.05806
0.635636 1.0632
0.637638 1.06835
0.63964 1.0735
0.641642 1.07864
0.643644 1.08379
0.645646 1.08894
0.647648 1.09408
0.64965 1.09923
0.651652 1.10438
0.653654 1.10952
0.655656 1.11467
0.657658 1.11981
0.65966 1.12496
0.661662 1.13011
0.663664 1.13525
0.665666 1.1404
0.667668 1.14555
0.66967 1.15069
0.671672 1.15584
0.673674 1.16099
0.675676 1.16613
0.677678 1.17128
0.67968 1.17643
0.681682 1.18157
0.683684 1.18672
0.685686 1.19186
0.687688 1.19701
0.68969 1.20216
0.691692 1.2073
0.693694 1.21245
0.695696 1.2176
0.697698 1.22274
0.6997 1.22789
0.701702 1.23304
0.703704 1.23818
0.705706 1.24333
0.707708 1.24848
0.70971 1.25362
0.711712 1.25877
0.713714 1.26392
0.715716 1.26906
0.717718 1.27421
0.71972 1.27935
0.721722 1.2845
0.723724 1.28965
0.725726 1.29479
0.727728 1.29994
0.72973 1.30509
0.731732 1.31023
0.733734 1.31538
0.735736 1.32053
0.737738 1.32567
0.73974 1.33082
0.741742 1.33597
0.743744 1.34111
0.745746 1.34626
0.747748 1.35141
0.74975 1.35655
0.751752 1.3617
0.753754 1.36684
0.755756 1.37199
0.757758 1.37714
0.75976 1.38228
0.761762 1.38743
0.763764 1.39258
0.765766 1.39772
0.767768 1.40287
0.76977 1.40802
0.771772 1.41316
0.773774 1.41831
0.775776 1.42346
0.777778 1.4286
0.77978 1.43375
0.781782 1.43889
0.783784 1.44404
0.785786 1.44919
0.787788 1.45433
0.78979 1.45948
0.791792 1.46463
0.793794 1.46977
0.795796 1.47492
0.797798 1.48007
0.7998 1.48521
0.801802 1.49036
0.803804 1.49551
0.805806 1.50065
0.807808 1.5058
0.80981 1.51095
0.811812 1.51609
0.813814 1.52124
0.815816 1.52638
0.817818 1.53153
0.81982 1.53668
0.821822 1.54182
0.823824 1.54697
0.825826 1.55212
0.827828 1.55726
0.82983 1.56241
0.831832 1.56756
0.833834 1.5727
0.835836 1.57785
0.837838 1.583
0.83984 1.58814
0.841842 1.59329
0.843844 1.59843
0.845846 1.60358
0.847848 1.60873
0.84985 1.61387
0.851852 1.61902
0.853854 1.62417
0.855856 1.62931
0.857858 1.63446
0.85986 1.63961
0.861862 1.64475
0.863864 1.6499
0.865866 1.65505
0.867868 1.66019
0.86987 1.66534
0.871872 1.67049
0.873874 1.67563
0.875876 1.68078
0.877878 1.68592
0.87988 1.69107
0.881882 1.69622
0.883884 1.70136
0.885886 1.70651
0.887888 1.71166
0.88989 1.7168
0.891892 1.72195
0.893894 1.7271
0.895896 1.73224
0.897898 1.73739
0.8999 1.74254
0.901902 1.74768
0.903904 1.75283
0.905906 1.75798
0.907908 1.76312
0.90991 1.76827
0.911912 1.77341
0.913914 1.77856
0.915916 1.78371
0.917918 1.78885
0.91992 1.794
0.921922 1.79915
0.923924 1.80429
0.925926 1.80944
0.927928 1.81459
0.92993 1.81973
0.931932 1.82488
0.933934 1.83003
0.935936 1.83517
0.937938 1.84032
0.93994 1.84546
0.941942 1.85061
0.943944 1.85576
0.945946 1.8609
0.947948 1.86605
0.94995 1.8712
0.951952 1.87634
0.953954 1.88149
0.955956 1.88664
0.957958 1.89178
0.95996 1.89693
0.961962 1.90208
0.963964 1.90722
0.965966 1.91237
0.967968 1.91752
0.96997 1.92266
0.971972 1.92781
0.973974 1.93295
0.975976 1.9381
0.977978 1.94325
0.97998 1.94839
0.981982 1.95354
0.983984 1.95869
0.985986 1.96383
0.987988 1.96898
0.98999 1.97413
0.991992 1.97927
0.993994 1.98442
0.995996 1.98957
0.997998 1.99471
1 1.99986
