-1 -1.14145
-0.997998 -1.13448
-0.995996 -1.1275
-0.993994 -1.12053
-0.991992 -1.11356
-0.98999 -1.10658
-0.987988 -1.09961
-0.985986 -1.09263
-0.983984 -1.08566
-0.981982 -1.07869
-0.97998 -1.07171
-0.977978 -1.06474
-0.975976 -1.05776
-0.973974 -1.05079
-0.971972 -1.04382
-0.96997 -1.03684
-0.967968 -1.02987
-0.965966 -1.02289
-0.963964 -1.01592
-0.961962 -1.00894
-0.95996 -1.00197
-0.957958 -0.994997
-0.955956 -0.988023
-0.953954 -0.981049
-0.951952 -0.974075
-0.94995 -0.967101
-0.947948 -0.960127
-0.945946 -0.953153
-0.943944 -0.946179
-0.941942 -0.939205
-0.93994 -0.932231
-0.937938 -0.925257
-0.935936 -0.918283
-0.933934 -0.911309
-0.931932 -0.904335
-0.92993 -0.90066
-0.927928 -0.899666
-0.925926 -0.898672
-0.923924 -0.897679
-0.921922 -0.896685
-0.91992 -0.895691
-0.917918 -0.894697
-0.915916 -0.893703
-0.913914 -0.892709
-0.911912 -0.891715
-0.90991 -0.890722
-0.907908 -0.889728
-0.905906 -0.888734
-0.903904 -0.88774
-0.901902 -0.886746
-0.8999 -0.885752
-0.897898 -0.884758
-0.895896 -0.883764
-0.893894 -0.882771
-0.891892 -0.881777
-0.88989 -0.880783
-0.887888 -0.879789
-0.885886 -0.878795
-0.883884 -0.877801
-0.881882 -0.876807
-0.87988 -0.875814
-0.877878 -0.87482
-0.875876 -0.873826
-0.873874 -0.872832
-0.871872 -0.871838
-0.86987 -0.870844
-0.867868 -0.86985
-0.865866 -0.868856
-0.863864 -0.867863
-0.861862 -0.866944
-0.85986 -0.866674
-0.857858 -0.866404
-0.855856 -0.866134
-0.853854 -0.865864
-0.851852 -0.865594
-0.84985 -0.865324
-0.847848 -0.865054
-0.845846 -0.864784
-0.843844 -0.864514
-0.841842 -0.864244
-0.83984 -0.863974
-0.837838 -0.863704
-0.835836 -0.863434
-0.833834 -0.863164
-0.831832 -0.862894
-0.82983 -0.862624
-0.827828 -0.862354
-0.825826 -0.862084
-0.823824 -0.861814
-0.821822 -0.861544
-0.81982 -0.861274
-0.817818 -0.861004
-0.815816 -0.860734
-0.813814 -0.860464
-0.811812 -0.860194
-0.80981 -0.859924
-0.807808 -0.859654
-0.805806 -0.859384
-0.803804 -0.859114
-0.801802 -0.858844
-0.7998 -0.858574
-0.797798 -0.858304
-0.795796 -0.858034
-0.793794 -0.857764
-0.791792 -0.857643
-0.78979 -0.8576
-0.787788 -0.857558
-0.785786 -0.857515
-0.783784 -0.857473
-0.781782 -0.85743
-0.77978 -0.857387
-0.777778 -0.857345
-0.775776 -0.857302
-0.773774 -0.85726
-0.771772 -0.857217
-0.76977 -0.857175
-0.767768 -0.857132
-0.765766 -0.857089
-0.763764 -0.857047
-0.761762 -0.857004
-0.75976 -0.856962
-0.757758 -0.856919
-0.755756 -0.856877
-0.753754 -0.856834
-0.751752 -0.856791
-0.74975 -0.856749
-0.747748 -0.856706
-0.745746 -0.856664
-0.743744 -0.856621
-0.741742 -0.856579
-0.73974 -0.856536
-0.737738 -0.856493
-0.735736 -0.856451
-0.733734 -0.856408
-0.731732 -0.856366
-0.72973 -0.856323
-0.727728 -0.85628
-0.725726 -0.856238
-0.723724 -0.856203
-0.721722 -0.856195
-0.71972 -0.856188
-0.717718 -0.856181
-0.715716 -0.856174
-0.713714 -0.856167
-0.711712 -0.856159
-0.70971 -0.856152
-0.707708 -0.856145
-0.705706 -0.856138
-0.703704 -0.856131
-0.701702 -0.856124
-0.6997 -0.856116
-0.697698 -0.856109
-0.695696 -0.856102
-0.693694 -0.856095
-0.691692 -0.856088
-0.68969 -0.85608
-0.687688 -0.856073
-0.685686 -0.856066
-0.683684 -0.856059
-0.681682 -0.856052
-0.67968 -0.856044
-0.677678 -0.856037
-0.675676 -0.85603
-0.673674 -0.856023
-0.671672 -0.856016
-0.66967 -0.856008
-0.667668 -0.856001
-0.665666 -0.855994
-0.663664 -0.855987
-0.661662 -0.85598
-0.65966 -0.855972
-0.657658 -0.855965
-0.655656 -0.855958
-0.653654 -0.855903
-0.651652 -0.855832
-0.64965 -0.855762
-0.647648 -0.855691
-0.645646 -0.855621
-0.643644 -0.85555
-0.641642 -0.85548
-0.63964 -0.855409
-0.637638 -0.855339
-0.635636 -0.855268
-0.633634 -0.855197
-0.631632 -0.855127
-0.62963 -0.855056
-0.627628 -0.854986
-0.625626 -0.854915
-0.623624 -0.854845
-0.621622 -0.854774
-0.61962 -0.854704
-0.617618 -0.854633
-0.615616 -0.854563
-0.613614 -0.854492
-0.611612 -0.854422
-0.60961 -0.854351
-0.607608 -0.854281
-0.605606 -0.85421
-0.603604 -0.85414
-0.601602 -0.854069
-0.5996 -0.853999
-0.597598 -0.853928
-0.595596 -0.853857
-0.593594 -0.853787
-0.591592 -0.853716
-0.58959 -0.853646
-0.587588 -0.853575
-0.585586 -0.853467
-0.583584 -0.853274
-0.581582 -0.853081
-0.57958 -0.852888
-0.577578 -0.852695
-0.575576 -0.852502
-0.573574 -0.85231
-0.571572 -0.852117
-0.56957 -0.851924
-0.567568 -0.851731
-0.565566 -0.851538
-0.563564 -0.851345
-0.561562 -0.851152
-0.55956 -0.850959
-0.557558 -0.850767
-0.555556 -0.850574
-0.553554 -0.850381
-0.551552 -0.850188
-0.54955 -0.849995
-0.547548 -0.849802
-0.545546 -0.849609
-0.543544 -0.849416
-0.541542 -0.849223
-0.53954 -0.849031
-0.537538 -0.848838
-0.535536 -0.848645
-0.533534 -0.848452
-0.531532 -0.848259
-0.52953 -0.848066
-0.527528 -0.847873
-0.525526 -0.84768
-0.523524 -0.847487
-0.521522 -0.847295
-0.51952 -0.847102
-0.517518 -0.846909
-0.515516 -0.846577
-0.513514 -0.846223
-0.511512 -0.845868
-0.50951 -0.845514
-0.507508 -0.84516
-0.505506 -0.844806
-0.503503 -0.844452
-0.501501 -0.844097
-0.499499 -0.843743
-0.497497 -0.843389
-0.495495 -0.843035
-0.493493 -0.842681
-0.491491 -0.842326
-0.489489 -0.841972
-0.487487 -0.841618
-0.485485 -0.841264
-0.483483 -0.84091
-0.481481 -0.840555
-0.479479 -0.840201
-0.477477 -0.839847
-0.475475 -0.839493
-0.473473 -0.839139
-0.471471 -0.838784
-0.469469 -0.83843
-0.467467 -0.838076
-0.465465 -0.837722
-0.463463 -0.837368
-0.461461 -0.837014
-0.459459 -0.836659
-0.457457 -0.836305
-0.455455 -0.835951
-0.453453 -0.835597
-0.451451 -0.835243
-0.449449 -0.834888
-0.447447 -0.834456
-0.445445 -0.833913
-0.443443 -0.83337
-0.441441 -0.832827
-0.439439 -0.832283
-0.437437 -0.83174
-0.435435 -0.831197
-0.433433 -0.830654
-0.431431 -0.830111
-0.429429 -0.829568
-0.427427 -0.829025
-0.425425 -0.828482
-0.423423 -0.827938
-0.421421 -0.827395
-0.419419 -0.826852
-0.417417 -0.826309
-0.415415 -0.825766
-0.413413 -0.825223
-0.411411 -0.82468
-0.409409 -0.824136
-0.407407 -0.823593
-0.405405 -0.82305
-0.403403 -0.822507
-0.401401 -0.821964
-0.399399 -0.821421
-0.397397 -0.820878
-0.395395 -0.820335
-0.393393 -0.819791
-0.391391 -0.819248
-0.389389 -0.818705
-0.387387 -0.818162
-0.385385 -0.817619
-0.383383 -0.817076
-0.381381 -0.816533
-0.379379 -0.81599
-0.377377 -0.815244
-0.375375 -0.814491
-0.373373 -0.813738
-0.371371 -0.812986
-0.369369 -0.812233
-0.367367 -0.81148
-0.365365 -0.810727
-0.363363 -0.809974
-0.361361 -0.809222
-0.359359 -0.808469
-0.357357 -0.807716
-0.355355 -0.806963
-0.353353 -0.80621
-0.351351 -0.805458
-0.349349 -0.804705
-0.347347 -0.803952
-0.345345 -0.803199
-0.343343 -0.802446
-0.341341 -0.801694
-0.339339 -0.800941
-0.337337 -0.800188
-0.335335 -0.799435
-0.333333 -0.798682
-0.331331 -0.79793
-0.329329 -0.797177
-0.327327 -0.796424
-0.325325 -0.795671
-0.323323 -0.794918
-0.321321 -0.794166
-0.319319 -0.793413
-0.317317 -0.79266
-0.315315 -0.791907
-0.313313 -0.791154
-0.311311 -0.790402
-0.309309 -0.789532
-0.307307 -0.788553
-0.305305 -0.787574
-0.303303 -0.786595
-0.301301 -0.785617
-0.299299 -0.784638
-0.297297 -0.783659
-0.295295 -0.78268
-0.293293 -0.781701
-0.291291 -0.780722
-0.289289 -0.779744
-0.287287 -0.778765
-0.285285 -0.777786
-0.283283 -0.776807
-0.281281 -0.775828
-0.279279 -0.774849
-0.277277 -0.773871
-0.275275 -0.772892
-0.273273 -0.771913
-0.271271 -0.770934
-0.269269 -0.769955
-0.267267 -0.768977
-0.265265 -0.767998
-0.263263 -0.767019
-0.261261 -0.76604
-0.259259 -0.765061
-0.257257 -0.764082
-0.255255 -0.763104
-0.253253 -0.762125
-0.251251 -0.761146
-0.249249 -0.760167
-0.247247 -0.759188
-0.245245 -0.758209
-0.243243 -0.757231
-0.241241 -0.756235
-0.239239 -0.755017
-0.237237 -0.753799
-0.235235 -0.75258
-0.233233 -0.751362
-0.231231 -0.750144
-0.229229 -0.748925
-0.227227 -0.747707
-0.225225 -0.746489
-0.223223 -0.74527
-0.221221 -0.744052
-0.219219 -0.742833
-0.217217 -0.741615
-0.215215 -0.740397
-0.213213 -0.739178
-0.211211 -0.73796
-0.209209 -0.736742
-0.207207 -0.735523
-0.205205 -0.734305
-0.203203 -0.733087
-0.201201 -0.731868
-0.199199 -0.73065
-0.197197 -0.729432
-0.195195 -0.728213
-0.193193 -0.726995
-0.191191 -0.725777
-0.189189 -0.724558
-0.187187 -0.72334
-0.185185 -0.722122
-0.183183 -0.720903
-0.181181 -0.719685
-0.179179 -0.718467
-0.177177 -0.717248
-0.175175 -0.71603
-0.173173 -0.714812
-0.171171 -0.713437
-0.169169 -0.711968
-0.167167 -0.710498
-0.165165 -0.709029
-0.163163 -0.707559
-0.161161 -0.70609
-0.159159 -0.70462
-0.157157 -0.703151
-0.155155 -0.701682
-0.153153 -0.700212
-0.151151 -0.698743
-0.149149 -0.697273
-0.147147 -0.695804
-0.145145 -0.694334
-0.143143 -0.692865
-0.141141 -0.691395
-0.139139 -0.689926
-0.137137 -0.688456
-0.135135 -0.686987
-0.133133 -0.685517
-0.131131 -0.684048
-0.129129 -0.682578
-0.127127 -0.681109
-0.125125 -0.679639
-0.123123 -0.67817
-0.121121 -0.6767
-0.119119 -0.675231
-0.117117 -0.673761
-0.115115 -0.672292
-0.113113 -0.670822
-0.111111 -0.669353
-0.109109 -0.667884
-0.107107 -0.666414
-0.105105 -0.664945
-0.103103 -0.66343
-0.101101 -0.661699
-0.0990991 -0.659968
-0.0970971 -0.658237
-0.0950951 -0.656506
-0.0930931 -0.654775
-0.0910911 -0.653044
-0.0890891 -0.651313
-0.0870871 -0.649582
-0.0850851 -0.647851
-0.0830831 -0.64612
-0.0810811 -0.644388
-0.0790791 -0.642657
-0.0770771 -0.640926
-0.0750751 -0.639195
-0.0730731 -0.637464
-0.0710711 -0.635733
-0.0690691 -0.634002
-0.0670671 -0.632271
-0.0650651 -0.63054
-0.0630631 -0.628809
-0.0610611 -0.627078
-0.0590591 -0.625347
-0.0570571 -0.623616
-0.0550551 -0.621885
-0.0530531 -0.620154
-0.0510511 -0.618423
-0.049049 -0.616692
-0.047047 -0.614961
-0.045045 -0.61323
-0.043043 -0.611499
-0.041041 -0.609768
-0.039039 -0.608036
-0.037037 -0.606305
-0.035035 -0.604574
-0.033033 -0.602647
-0.031031 -0.600644
-0.029029 -0.598642
-0.027027 -0.59664
-0.025025 -0.594637
-0.023023 -0.592635
-0.021021 -0.590632
-0.019019 -0.58863
-0.017017 -0.586628
-0.015015 -0.584625
-0.013013 -0.582623
-0.011011 -0.58062
-0.00900901 -0.578618
-0.00700701 -0.576616
-0.005005 -0.574613
-0.003003 -0.572611
-0.001001 -0.570608
0.001001 -0.568606
0.003003 -0.566604
0.005005 -0.564601
0.00700701 -0.562599
0.00900901 -0.560596
0.011011 -0.558594
0.013013 -0.556592
0.015015 -0.554589
0.017017 -0.552587
0.019019 -0.550584
0.021021 -0.548582
0.023023 -0.54658
0.025025 -0.544577
0.027027 -0.542575
0.029029 -0.540572
0.031031 -0.53857
0.033033 -0.536568
0.035035 -0.534488
0.037037 -0.532204
0.039039 -0.529921
0.041041 -0.527638
0.043043 -0.525354
0.045045 -0.523071
0.047047 -0.520788
0.049049 -0.518505
0.0510511 -0.516221
0.0530531 -0.513938
0.0550551 -0.511655
0.0570571 -0.509371
0.0590591 -0.507088
0.0610611 -0.504805
0.0630631 -0.502521
0.0650651 -0.500238
0.0670671 -0.497955
0.0690691 -0.495671
0.0710711 -0.493388
0.0730731 -0.491105
0.0750751 -0.488821
0.0770771 -0.486538
0.0790791 -0.484255
0.0810811 -0.481971
0.0830831 -0.479688
0.0850851 -0.477405
0.0870871 -0.475121
0.0890891 -0.472838
0.0910911 -0.470555
0.0930931 -0.468271
0.0950951 -0.465988
0.0970971 -0.463705
0.0990991 -0.461421
0.101101 -0.459138
0.103103 -0.456855
0.105105 -0.454331
0.107107 -0.451757
0.109109 -0.449183
0.111111 -0.446609
0.113113 -0.444035
0.115115 -0.441461
0.117117 -0.438887
0.119119 -0.436313
0.121121 -0.433739
0.123123 -0.431165
0.125125 -0.428591
0.127127 -0.426017
0.129129 -0.423442
0.131131 -0.420868
0.133133 -0.418294
0.135135 -0.41572
0.137137 -0.413146
0.139139 -0.410572
0.141141 -0.407998
0.143143 -0.405424
0.145145 -0.40285
0.147147 -0.400276
0.149149 -0.397702
0.151151 -0.395128
0.153153 -0.392554
0.155155 -0.38998
0.157157 -0.387406
0.159159 -0.384832
0.161161 -0.382258
0.163163 -0.379684
0.165165 -0.37711
0.167167 -0.374536
0.169169 -0.371962
0.171171 -0.369388
0.173173 -0.3667
0.175175 -0.363824
0.177177 -0.360949
0.179179 -0.358074
0.181181 -0.355199
0.183183 -0.352324
0.185185 -0.349449
0.187187 -0.346573
0.189189 -0.343698
0.191191 -0.340823
0.193193 -0.337948
0.195195 -0.335073
0.197197 -0.332198
0.199199 -0.329322
0.201201 -0.326447
0.203203 -0.323572
0.205205 -0.320697
0.207207 -0.317822
0.209209 -0.314946
0.211211 -0.312071
0.213213 -0.309196
0.215215 -0.306321
0.217217 -0.303446
0.219219 -0.300571
0.221221 -0.297695
0.223223 -0.29482
0.225225 -0.291945
0.227227 -0.28907
0.229229 -0.286195
0.231231 -0.28332
0.233233 -0.280444
0.235235 -0.277569
0.237237 -0.274694
0.239239 -0.271819
0.241241 -0.268944
0.243243 -0.265777
0.245245 -0.262589
0.247247 -0.259401
0.249249 -0.256214
0.251251 -0.253026
0.253253 -0.249838
0.255255 -0.24665
0.257257 -0.243462
0.259259 -0.240274
0.261261 -0.237086
0.263263 -0.233898
0.265265 -0.23071
0.267267 -0.227522
0.269269 -0.224334
0.271271 -0.221146
0.273273 -0.217958
0.275275 -0.21477
0.277277 -0.211583
0.279279 -0.208395
0.281281 -0.205207
0.283283 -0.202019
0.285285 -0.198831
0.287287 -0.195643
0.289289 -0.192455
0.291291 -0.189267
0.293293 -0.186079
0.295295 -0.182891
0.297297 -0.179703
0.299299 -0.176515
0.301301 -0.173327
0.303303 -0.170139
0.305305 -0.166951
0.307307 -0.163764
0.309309 -0.160576
0.311311 -0.15723
0.313313 -0.153716
0.315315 -0.150202
0.317317 -0.146688
0.319319 -0.143173
0.321321 -0.139659
0.323323 -0.136145
0.325325 -0.132631
0.327327 -0.129117
0.329329 -0.125603
0.331331 -0.122088
0.333333 -0.118574
0.335335 -0.11506
0.337337 -0.111546
0.339339 -0.108032
0.341341 -0.104517
0.343343 -0.101003
0.345345 -0.0974891
0.347347 -0.0939749
0.349349 -0.0904607
0.351351 -0.0869465
0.353353 -0.0834324
0.355355 -0.0799182
0.357357 -0.076404
0.359359 -0.0728898
0.361361 -0.0693756
0.363363 -0.0658614
0.365365 -0.0623473
0.367367 -0.0588331
0.369369 -0.0553189
0.371371 -0.0518047
0.373373 -0.0482905
0.375375 -0.0447764
0.377377 -0.0412622
0.379379 -0.0377362
0.381381 -0.0338794
0.383383 -0.0300226
0.385385 -0.0261658
0.387387 -0.022309
0.389389 -0.0184522
0.391391 -0.0145954
0.393393 -0.0107387
0.395395 -0.00688187
0.397397 -0.00302509
0.399399 0.000831702
0.401401 0.00468849
0.403403 0.00854528
0.405405 0.0124021
0.407407 0.0162589
0.409409 0.0201156
0.411411 0.0239724
0.413413 0.0278292
0.415415 0.031686
0.417417 0.0355428
0.419419 0.0393996
0.421421 0.0432564
0.423423 0.0471132
0.425425 0.0509699
0.427427 0.0548267
0.429429 0.0586835
0.431431 0.0625403
0.433433 0.0663971
0.435435 0.0702539
0.437437 0.0741107
0.439439 0.0779675
0.441441 0.0818242
0.443443 0.085681
0.445445 0.0895378
0.447447 0.0933946
0.449449 0.0974644
0.451451 0.101685
0.453453 0.105905
0.455455 0.110125
0.457457 0.114345
0.459459 0.118565
0.461461 0.122785
0.463463 0.127005
0.465465 0.131225
0.467467 0.135446
0.469469 0.139666
0.471471 0.143886
0.473473 0.148106
0.475475 0.152326
0.477477 0.156546
0.479479 0.160766
0.481481 0.164987
0.483483 0.169207
0.485485 0.173427
0.487487 0.177647
0.489489 0.181867
0.491491 0.186087
0.493493 0.190307
0.495495 0.194527
0.497497 0.198748
0.499499 0.202968
0.501501 0.207188
0.503503 0.211408
0.505506 0.215628
0.507508 0.219848
0.50951 0.224068
0.511512 0.228289
0.513514 0.232509
0.515516 0.236729
0.517518 0.241003
0.51952 0.245614
0.521522 0.250225
0.523524 0.254836
0.525526 0.259447
0.527528 0.264058
0.52953 0.268669
0.531532 0.273281
0.533534 0.277892
0.535536 0.282503
0.537538 0.287114
0.53954 0.291725
0.541542 0.296336
0.543544 0.300947
0.545546 0.305558
0.547548 0.310169
0.54955 0.31478
0.551552 0.319391
0.553554 0.324003
0.555556 0.328614
0.557558 0.333225
0.55956 0.337836
0.561562 0.342447
0.563564 0.347058
0.565566 0.351669
0.567568 0.35628
0.56957 0.360891
0.571572 0.365502
0.573574 0.370114
0.575576 0.374725
0.577578 0.379336
0.57958 0.383947
0.581582 0.388558
0.583584 0.393169
0.585586 0.39778
0.587588 0.402688
0.58959 0.407729
0.591592 0.41277
0.593594 0.417811
0.595596 0.422852
0.597598 0.427893
0.5996 0.432934
0.601602 0.437975
0.603604 0.443016
0.605606 0.448057
0.607608 0.453098
0.60961 0.458139
0.611612 0.46318
0.613614 0.468221
0.615616 0.473262
0.617618 0.478303
0.61962 0.483344
0.621622 0.488385
0.623624 0.493426
0.625626 0.498467
0.627628 0.503508
0.62963 0.508549
0.631632 0.51359
0.633634 0.518631
0.635636 0.523672
0.637638 0.528713
0.63964 0.533754
0.641642 0.538795
0.643644 0.543836
0.645646 0.548877
0.647648 0.553918
0.64965 0.558959
0.651652 0.564
0.653654 0.569041
0.655656 0.5742
0.657658 0.57973
0.65966 0.58526
0.661662 0.59079
0.663664 0.59632
0.665666 0.60185
0.667668 0.60738
0.66967 0.61291
0.671672 0.61844
0.673674 0.62397
0.675676 0.6295
0.677678 0.63503
0.67968 0.64056
0.681682 0.64609
0.683684 0.65162
0.685686 0.65715
0.687688 0.66268
0.68969 0.66821
0.691692 0.673739
0.693694 0.679269
0.695696 0.684799
0.697698 0.690329
0.6997 0.695859
0.701702 0.701389
0.703704 0.706919
0.705706 0.712449
0.707708 0.717979
0.70971 0.723509
0.711712 0.729039
0.713714 0.734569
0.715716 0.740099
0.717718 0.745629
0.71972 0.751159
0.721722 0.756689
0.723724 0.762219
0.725726 0.768215
0.727728 0.774332
0.72973 0.78045
0.731732 0.786568
0.733734 0.792685
0.735736 0.798803
0.737738 0.804921
0.73974 0.811038
0.741742 0.817156
0.743744 0.823273
0.745746 0.829391
0.747748 0.835509
0.74975 0.841626
0.751752 0.847744
0.753754 0.853861
0.755756 0.859979
0.757758 0.866097
0.75976 0.872214
0.761762 0.878332
0.763764 0.88445
0.765766 0.890567
0.767768 0.896685
0.76977 0.902802
0.771772 0.90892
0.773774 0.915038
0.775776 0.921155
0.777778 0.927273
0.77978 0.93339
0.781782 0.939508
0.783784 0.945626
0.785786 0.951743
0.787788 0.957861
0.78979 0.963978
0.791792 0.970096
0.793794 0.976483
0.795796 0.98338
0.797798 0.990277
0.7998 0.997175
0.801802 1.00407
0.803804 1.01097
0.805806 1.01787
0.807808 1.02476
0.80981 1.03166
0.811812 1.03856
0.813814 1.04546
0.815816 1.05235
0.817818 1.05925
0.81982 1.06615
0.821822 1.07304
0.823824 1.07994
0.825826 1.08684
0.827828 1.09374
0.82983 1.10063
0.831832 1.10753
0.833834 1.11443
0.835836 1.12133
0.837838 1.12822
0.83984 1.13512
0.841842 1.14202
0.843844 1.14892
0.845846 1.15581
0.847848 1.16271
0.84985 1.16961
0.851852 1.1765
0.853854 1.1834
0.855856 1.1903
0.857858 1.1972
0.85986 1.20409
0.861862 1.21099
0.863864 1.21903
0.865866 1.22721
0.867868 1.23538
0.86987 1.24355
0.871872 1.25173
0.873874 1.2599
0.875876 1.26807
0.877878 1.27625
0.87988 1.28442
0.881882 1.29259
0.883884 1.30077
0.885886 1.30894
0.887888 1.31711
0.88989 1.32529
0.891892 1.33346
0.893894 1.34163
0.895896 1.34981
0.897898 1.35798
0.8999 1.36615
0.901902 1.37433
0.903904 1.3825
0.905906 1.39068
0.907908 1.39885
0.90991 1.40702
0.911912 1.4152
0.913914 1.42337
0.915916 1.43154
0.917918 1.43972
0.91992 1.44789
0.921922 1.45606
0.923924 1.46424
0.925926 1.47241
0.927928 1.48058
0.92993 1.48876
0.931932 1.49986
0.933934 1.51456
0.935936 1.52927
0.937938 1.54398
0.93994 1.55868
0.941942 1.57339
0.943944 1.58809
0.945946 1.6028
0.947948 1.61751
0.94995 1.63221
0.951952 1.64692
0.953954 1.66162
0.955956 1.67633
0.957958 1.69104
0.95996 1.70574
0.961962 1.72045
0.963964 1.73515
0.965966 1.74986
0.967968 1.76456
0.96997 1.77927
0.971972 1.79398
0.973974 1.80868
0.975976 1.82339
0.977978 1.83809
0.97998 1.8528
0.981982 1.86751
0.983984 1.88221
0.985986 1.89692
0.987988 1.91162
0.98999 1.92633
0.991992 1.94104
0.993994 1.95574
0.995996 1.97045
0.997998 1.98515
1 1.99986
