-1 -1.14145
-0.997998 -1.13418
-0.995996 -1.12699
-0.993994 -1.11989
-0.991992 -1.11288
-0.98999 -1.10596
-0.987988 -1.09913
-0.985986 -1.09238
-0.983984 -1.08572
-0.981982 -1.07915
-0.97998 -1.07267
-0.977978 -1.06627
-0.975976 -1.05996
-0.973974 -1.05374
-0.971972 -1.04761
-0.96997 -1.04157
-0.967968 -1.03561
-0.965966 -1.02974
-0.963964 -1.02396
-0.961962 -1.01827
-0.95996 -1.01266
-0.957958 -1.00715
-0.955956 -1.00172
-0.953954 -0.996374
-0.951952 -0.99112
-0.94995 -0.985954
-0.947948 -0.980876
-0.945946 -0.975885
-0.943944 -0.970983
-0.941942 -0.966168
-0.93994 -0.961441
-0.937938 -0.956802
-0.935936 -0.95225
-0.933934 -0.947787
-0.931932 -0.943411
-0.92993 -0.939123
-0.927928 -0.934923
-0.925926 -0.93081
-0.923924 -0.926786
-0.921922 -0.922849
-0.91992 -0.919
-0.917918 -0.915239
-0.915916 -0.911565
-0.913914 -0.90798
-0.911912 -0.904482
-0.90991 -0.901072
-0.907908 -0.89775
-0.905906 -0.894516
-0.903904 -0.89137
-0.901902 -0.888311
-0.8999 -0.88534
-0.897898 -0.882457
-0.895896 -0.879662
-0.893894 -0.876955
-0.891892 -0.874335
-0.88989 -0.871803
-0.887888 -0.869359
-0.885886 -0.867003
-0.883884 -0.864735
-0.881882 -0.862554
-0.87988 -0.860462
-0.877878 -0.858457
-0.875876 -0.85654
-0.873874 -0.854711
-0.871872 -0.852969
-0.86987 -0.851316
-0.867868 -0.84975
-0.865866 -0.848272
-0.863864 -0.846882
-0.861862 -0.845579
-0.85986 -0.844365
-0.857858 -0.843238
-0.855856 -0.842199
-0.853854 -0.841248
-0.851852 -0.840385
-0.84985 -0.839609
-0.847848 -0.838921
-0.845846 -0.838322
-0.843844 -0.837809
-0.841842 -0.837385
-0.83984 -0.837049
-0.837838 -0.8368
-0.835836 -0.836639
-0.833834 -0.836566
-0.831832 -0.836581
-0.82983 -0.836684
-0.827828 -0.836874
-0.825826 -0.837153
-0.823824 -0.837519
-0.821822 -0.837972
-0.81982 -0.838514
-0.817818 -0.839144
-0.815816 -0.839861
-0.813814 -0.840666
-0.811812 -0.841559
-0.80981 -0.84254
-0.807808 -0.843608
-0.805806 -0.844765
-0.803804 -0.846009
-0.801802 -0.847341
-0.7998 -0.848761
-0.797798 -0.850268
-0.795796 -0.851864
-0.793794 -0.853547
-0.791792 -0.855318
-0.78979 -0.857177
-0.787788 -0.857472
-0.785786 -0.857464
-0.783784 -0.857454
-0.781782 -0.857445
-0.77978 -0.857434
-0.777778 -0.857423
-0.775776 -0.857411
-0.773774 -0.857399
-0.771772 -0.857386
-0.76977 -0.857372
-0.767768 -0.857358
-0.765766 -0.857343
-0.763764 -0.857327
-0.761762 -0.857311
-0.75976 -0.857294
-0.757758 -0.857276
-0.755756 -0.857258
-0.753754 -0.857239
-0.751752 -0.857219
-0.74975 -0.857199
-0.747748 -0.857178
-0.745746 -0.857156
-0.743744 -0.857134
-0.741742 -0.857111
-0.73974 -0.857088
-0.737738 -0.857064
-0.735736 -0.857039
-0.733734 -0.857013
-0.731732 -0.856987
-0.72973 -0.85696
-0.727728 -0.856933
-0.725726 -0.856904
-0.723724 -0.856876
-0.721722 -0.856846
-0.71972 -0.856816
-0.717718 -0.856785
-0.715716 -0.856754
-0.713714 -0.856722
-0.711712 -0.856689
-0.70971 -0.856656
-0.707708 -0.856622
-0.705706 -0.856587
-0.703704 -0.856552
-0.701702 -0.856516
-0.6997 -0.856479
-0.697698 -0.856442
-0.695696 -0.856404
-0.693694 -0.856365
-0.691692 -0.856326
-0.68969 -0.856286
-0.687688 -0.856245
-0.685686 -0.856204
-0.683684 -0.856162
-0.681682 -0.856119
-0.67968 -0.856076
-0.677678 -0.856032
-0.675676 -0.855988
-0.673674 -0.855942
-0.671672 -0.855896
-0.66967 -0.85585
-0.667668 -0.855803
-0.665666 -0.855755
-0.663664 -0.855706
-0.661662 -0.855657
-0.65966 -0.855608
-0.657658 -0.855557
-0.655656 -0.855506
-0.653654 -0.855454
-0.651652 -0.855402
-0.64965 -0.855349
-0.647648 -0.855295
-0.645646 -0.855241
-0.643644 -0.855185
-0.641642 -0.85513
-0.63964 -0.855073
-0.637638 -0.855016
-0.635636 -0.854959
-0.633634 -0.8549
-0.631632 -0.854841
-0.62963 -0.854782
-0.627628 -0.854721
-0.625626 -0.854661
-0.623624 -0.854599
-0.621622 -0.854537
-0.61962 -0.854474
-0.617618 -0.85441
-0.615616 -0.854346
-0.613614 -0.854281
-0.611612 -0.854215
-0.60961 -0.854149
-0.607608 -0.854082
-0.605606 -0.854015
-0.603604 -0.853947
-0.601602 -0.853878
-0.5996 -0.853808
-0.597598 -0.853738
-0.595596 -0.853667
-0.593594 -0.853596
-0.591592 -0.853524
-0.58959 -0.853451
-0.587588 -0.853378
-0.585586 -0.853304
-0.583584 -0.853229
-0.581582 -0.853154
-0.57958 -0.853078
-0.577578 -0.852974
-0.575576 -0.852854
-0.573574 -0.852729
-0.571572 -0.852599
-0.56957 -0.852463
-0.567568 -0.852322
-0.565566 -0.852176
-0.563564 -0.852025
-0.561562 -0.851869
-0.55956 -0.851707
-0.557558 -0.85154
-0.555556 -0.851368
-0.553554 -0.851191
-0.551552 -0.851009
-0.54955 -0.850821
-0.547548 -0.850629
-0.545546 -0.850431
-0.543544 -0.850228
-0.541542 -0.850019
-0.53954 -0.849806
-0.537538 -0.849587
-0.535536 -0.849363
-0.533534 -0.849134
-0.531532 -0.8489
-0.52953 -0.84866
-0.527528 -0.848416
-0.525526 -0.848166
-0.523524 -0.847911
-0.521522 -0.847651
-0.51952 -0.847385
-0.517518 -0.847115
-0.515516 -0.846839
-0.513514 -0.846558
-0.511512 -0.846272
-0.50951 -0.84598
-0.507508 -0.845684
-0.505506 -0.845382
-0.503503 -0.845075
-0.501501 -0.844763
-0.499499 -0.844446
-0.497497 -0.844123
-0.495495 -0.843796
-0.493493 -0.843463
-0.491491 -0.843125
-0.489489 -0.842781
-0.487487 -0.842433
-0.485485 -0.842079
-0.483483 -0.84172
-0.481481 -0.841356
-0.479479 -0.840987
-0.477477 -0.840613
-0.475475 -0.840233
-0.473473 -0.839848
-0.471471 -0.839458
-0.469469 -0.839063
-0.467467 -0.838663
-0.465465 -0.838257
-0.463463 -0.837846
-0.461461 -0.83743
-0.459459 -0.837009
-0.457457 -0.836583
-0.455455 -0.836151
-0.453453 -0.835715
-0.451451 -0.835273
-0.449449 -0.834826
-0.447447 -0.834373
-0.445445 -0.833916
-0.443443 -0.833453
-0.441441 -0.832985
-0.439439 -0.832512
-0.437437 -0.832034
-0.435435 -0.83155
-0.433433 -0.831062
-0.431431 -0.830568
-0.429429 -0.830069
-0.427427 -0.829565
-0.425425 -0.829055
-0.423423 -0.828541
-0.421421 -0.828021
-0.419419 -0.827496
-0.417417 -0.826966
-0.415415 -0.82643
-0.413413 -0.82589
-0.411411 -0.825344
-0.409409 -0.824793
-0.407407 -0.824237
-0.405405 -0.823676
-0.403403 -0.823109
-0.401401 -0.822538
-0.399399 -0.821961
-0.397397 -0.821379
-0.395395 -0.820791
-0.393393 -0.820199
-0.391391 -0.819601
-0.389389 -0.818998
-0.387387 -0.81839
-0.385385 -0.817777
-0.383383 -0.817159
-0.381381 -0.816535
-0.379379 -0.815906
-0.377377 -0.815272
-0.375375 -0.814633
-0.373373 -0.813989
-0.371371 -0.813339
-0.369369 -0.812684
-0.367367 -0.81202
-0.365365 -0.811346
-0.363363 -0.810664
-0.361361 -0.809976
-0.359359 -0.809281
-0.357357 -0.808579
-0.355355 -0.807871
-0.353353 -0.807155
-0.351351 -0.806433
-0.349349 -0.805704
-0.347347 -0.804968
-0.345345 -0.804225
-0.343343 -0.803476
-0.341341 -0.802719
-0.339339 -0.801956
-0.337337 -0.801186
-0.335335 -0.800409
-0.333333 -0.799625
-0.331331 -0.798835
-0.329329 -0.798037
-0.327327 -0.797233
-0.325325 -0.796422
-0.323323 -0.795604
-0.321321 -0.79478
-0.319319 -0.793948
-0.317317 -0.79311
-0.315315 -0.792265
-0.313313 -0.791413
-0.311311 -0.790554
-0.309309 -0.789688
-0.307307 -0.788815
-0.305305 -0.787936
-0.303303 -0.78705
-0.301301 -0.786157
-0.299299 -0.785257
-0.297297 -0.78435
-0.295295 -0.783437
-0.293293 -0.782517
-0.291291 -0.781589
-0.289289 -0.780655
-0.287287 -0.779715
-0.285285 -0.778767
-0.283283 -0.777813
-0.281281 -0.776851
-0.279279 -0.775883
-0.277277 -0.774908
-0.275275 -0.773926
-0.273273 -0.772938
-0.271271 -0.771942
-0.269269 -0.77094
-0.267267 -0.769931
-0.265265 -0.768915
-0.263263 -0.767892
-0.261261 -0.766863
-0.259259 -0.765826
-0.257257 -0.764783
-0.255255 -0.763733
-0.253253 -0.762676
-0.251251 -0.761612
-0.249249 -0.760542
-0.247247 -0.759464
-0.245245 -0.75838
-0.243243 -0.757289
-0.241241 -0.756191
-0.239239 -0.755086
-0.237237 -0.753975
-0.235235 -0.752857
-0.233233 -0.751731
-0.231231 -0.750599
-0.229229 -0.74946
-0.227227 -0.748315
-0.225225 -0.747162
-0.223223 -0.746003
-0.221221 -0.744837
-0.219219 -0.743664
-0.217217 -0.742484
-0.215215 -0.741297
-0.213213 -0.740104
-0.211211 -0.738903
-0.209209 -0.737696
-0.207207 -0.736482
-0.205205 -0.735261
-0.203203 -0.734034
-0.201201 -0.732799
-0.199199 -0.731558
-0.197197 -0.73031
-0.195195 -0.729055
-0.193193 -0.727793
-0.191191 -0.726524
-0.189189 -0.725249
-0.187187 -0.723967
-0.185185 -0.722678
-0.183183 -0.721382
-0.181181 -0.720079
-0.179179 -0.718769
-0.177177 -0.717453
-0.175175 -0.71613
-0.173173 -0.714799
-0.171171 -0.713463
-0.169169 -0.712119
-0.167167 -0.710768
-0.165165 -0.709411
-0.163163 -0.708047
-0.161161 -0.706676
-0.159159 -0.705298
-0.157157 -0.703912
-0.155155 -0.702518
-0.153153 -0.701116
-0.151151 -0.699706
-0.149149 -0.698288
-0.147147 -0.696862
-0.145145 -0.695429
-0.143143 -0.693988
-0.141141 -0.692539
-0.139139 -0.691082
-0.137137 -0.689618
-0.135135 -0.688145
-0.133133 -0.686665
-0.131131 -0.685177
-0.129129 -0.683681
-0.127127 -0.682178
-0.125125 -0.680666
-0.123123 -0.679147
-0.121121 -0.67762
-0.119119 -0.676085
-0.117117 -0.674543
-0.115115 -0.672992
-0.113113 -0.671434
-0.111111 -0.669868
-0.109109 -0.668295
-0.107107 -0.666713
-0.105105 -0.665124
-0.103103 -0.663526
-0.101101 -0.661921
-0.0990991 -0.660308
-0.0970971 -0.658688
-0.0950951 -0.657059
-0.0930931 -0.655423
-0.0910911 -0.653779
-0.0890891 -0.652127
-0.0870871 -0.650468
-0.0850851 -0.6488
-0.0830831 -0.647125
-0.0810811 -0.645442
-0.0790791 -0.643751
-0.0770771 -0.642053
-0.0750751 -0.640346
-0.0730731 -0.638632
-0.0710711 -0.63691
-0.0690691 -0.63518
-0.0670671 -0.633442
-0.0650651 -0.631697
-0.0630631 -0.629944
-0.0610611 -0.628183
-0.0590591 -0.626414
-0.0570571 -0.624637
-0.0550551 -0.622853
-0.0530531 -0.62106
-0.0510511 -0.61926
-0.049049 -0.617453
-0.047047 -0.615637
-0.045045 -0.613813
-0.043043 -0.611982
-0.041041 -0.610143
-0.039039 -0.608296
-0.037037 -0.606441
-0.035035 -0.604579
-0.033033 -0.602709
-0.031031 -0.600831
-0.029029 -0.598945
-0.027027 -0.597051
-0.025025 -0.59515
-0.023023 -0.59324
-0.021021 -0.591323
-0.019019 -0.589398
-0.017017 -0.587466
-0.015015 -0.585525
-0.013013 -0.583577
-0.011011 -0.581621
-0.00900901 -0.579657
-0.00700701 -0.577685
-0.005005 -0.575705
-0.003003 -0.573718
-0.001001 -0.571723
0.001001 -0.56972
0.003003 -0.567709
0.005005 -0.565691
0.00700701 -0.563664
0.00900901 -0.56163
0.011011 -0.559588
0.013013 -0.557539
0.015015 -0.555481
0.017017 -0.553416
0.019019 -0.551343
0.021021 -0.549262
0.023023 -0.547173
0.025025 -0.545076
0.027027 -0.542972
0.029029 -0.54086
0.031031 -0.53874
0.033033 -0.536612
0.035035 -0.534477
0.037037 -0.532333
0.039039 -0.530182
0.041041 -0.528023
0.043043 -0.525856
0.045045 -0.523682
0.047047 -0.521499
0.049049 -0.519309
0.0510511 -0.517111
0.0530531 -0.514905
0.0550551 -0.512692
0.0570571 -0.510469
0.0590591 -0.508238
0.0610611 -0.505999
0.0630631 -0.50375
0.0650651 -0.501493
0.0670671 -0.499228
0.0690691 -0.496953
0.0710711 -0.49467
0.0730731 -0.492379
0.0750751 -0.490078
0.0770771 -0.487769
0.0790791 -0.485451
0.0810811 -0.483125
0.0830831 -0.48079
0.0850851 -0.478446
0.0870871 -0.476093
0.0890891 -0.473732
0.0910911 -0.471362
0.0930931 -0.468984
0.0950951 -0.466597
0.0970971 -0.464201
0.0990991 -0.461796
0.101101 -0.459383
0.103103 -0.456961
0.105105 -0.45453
0.107107 -0.452091
0.109109 -0.449643
0.111111 -0.447186
0.113113 -0.444721
0.115115 -0.442247
0.117117 -0.439764
0.119119 -0.437273
0.121121 -0.434773
0.123123 -0.432264
0.125125 -0.429747
0.127127 -0.427221
0.129129 -0.424686
0.131131 -0.422143
0.133133 -0.41959
0.135135 -0.41703
0.137137 -0.41446
0.139139 -0.411882
0.141141 -0.409295
0.143143 -0.4067
0.145145 -0.404096
0.147147 -0.401483
0.149149 -0.398861
0.151151 -0.396231
0.153153 -0.393592
0.155155 -0.390944
0.157157 -0.388288
0.159159 -0.385623
0.161161 -0.38295
0.163163 -0.380267
0.165165 -0.377576
0.167167 -0.374877
0.169169 -0.372168
0.171171 -0.369451
0.173173 -0.366726
0.175175 -0.363991
0.177177 -0.361248
0.179179 -0.358496
0.181181 -0.355736
0.183183 -0.352967
0.185185 -0.350189
0.187187 -0.347403
0.189189 -0.344607
0.191191 -0.341804
0.193193 -0.338991
0.195195 -0.33617
0.197197 -0.33334
0.199199 -0.330502
0.201201 -0.327654
0.203203 -0.324799
0.205205 -0.321934
0.207207 -0.319061
0.209209 -0.316179
0.211211 -0.313288
0.213213 -0.310389
0.215215 -0.307481
0.217217 -0.304564
0.219219 -0.301639
0.221221 -0.298705
0.223223 -0.295762
0.225225 -0.292811
0.227227 -0.289851
0.229229 -0.286882
0.231231 -0.283905
0.233233 -0.280919
0.235235 -0.277924
0.237237 -0.27492
0.239239 -0.271908
0.241241 -0.268888
0.243243 -0.265858
0.245245 -0.26282
0.247247 -0.259773
0.249249 -0.256718
0.251251 -0.253653
0.253253 -0.250581
0.255255 -0.247499
0.257257 -0.244409
0.259259 -0.24131
0.261261 -0.238202
0.263263 -0.235086
0.265265 -0.231965
0.267267 -0.228833
0.269269 -0.225692
0.271271 -0.22254
0.273273 -0.219379
0.275275 -0.216208
0.277277 -0.213027
0.279279 -0.209836
0.281281 -0.206636
0.283283 -0.203425
0.285285 -0.200205
0.287287 -0.196975
0.289289 -0.193734
0.291291 -0.190484
0.293293 -0.187224
0.295295 -0.183955
0.297297 -0.180675
0.299299 -0.177385
0.301301 -0.174086
0.303303 -0.170777
0.305305 -0.167458
0.307307 -0.164128
0.309309 -0.16079
0.311311 -0.157441
0.313313 -0.154082
0.315315 -0.150713
0.317317 -0.147335
0.319319 -0.143947
0.321321 -0.140549
0.323323 -0.13714
0.325325 -0.133723
0.327327 -0.130295
0.329329 -0.126857
0.331331 -0.123409
0.333333 -0.119952
0.335335 -0.116485
0.337337 -0.113007
0.339339 -0.10952
0.341341 -0.106023
0.343343 -0.102517
0.345345 -0.0989999
0.347347 -0.0954733
0.349349 -0.0919369
0.351351 -0.0883905
0.353353 -0.0848343
0.355355 -0.0812682
0.357357 -0.0776923
0.359359 -0.0741064
0.361361 -0.0705107
0.363363 -0.0669051
0.365365 -0.0632896
0.367367 -0.0596643
0.369369 -0.056029
0.371371 -0.0523839
0.373373 -0.048729
0.375375 -0.0450641
0.377377 -0.0413894
0.379379 -0.0377048
0.381381 -0.0340103
0.383383 -0.0303059
0.385385 -0.0265917
0.387387 -0.0228676
0.389389 -0.0191336
0.391391 -0.0153897
0.393393 -0.011636
0.395395 -0.00787235
0.397397 -0.00409886
0.399399 -0.000315483
0.401401 0.00347777
0.403403 0.00728089
0.405405 0.0110939
0.407407 0.0149168
0.409409 0.0187495
0.411411 0.0225922
0.413413 0.0264447
0.415415 0.0303071
0.417417 0.0341793
0.419419 0.0380615
0.421421 0.0419535
0.423423 0.0458554
0.425425 0.0497671
0.427427 0.0536888
0.429429 0.0576203
0.431431 0.0615617
0.433433 0.065513
0.435435 0.0694741
0.437437 0.0734451
0.439439 0.077426
0.441441 0.0814168
0.443443 0.0854175
0.445445 0.089428
0.447447 0.0934484
0.449449 0.0974787
0.451451 0.101519
0.453453 0.105569
0.455455 0.109629
0.457457 0.113699
0.459459 0.117778
0.461461 0.121868
0.463463 0.125967
0.465465 0.130077
0.467467 0.134196
0.469469 0.138325
0.471471 0.142464
0.473473 0.146612
0.475475 0.150758
0.477477 0.154915
0.479479 0.159084
0.481481 0.163265
0.483483 0.167458
0.485485 0.171664
0.487487 0.175883
0.489489 0.180114
0.491491 0.184357
0.493493 0.188613
0.495495 0.192881
0.497497 0.197161
0.499499 0.201454
0.501501 0.205759
0.503503 0.210077
0.505506 0.214407
0.507508 0.218749
0.50951 0.223104
0.511512 0.227471
0.513514 0.231851
0.515516 0.236243
0.517518 0.240647
0.51952 0.245064
0.521522 0.249494
0.523524 0.253935
0.525526 0.258389
0.527528 0.262856
0.52953 0.267334
0.531532 0.271826
0.533534 0.276329
0.535536 0.280845
0.537538 0.285374
0.53954 0.289914
0.541542 0.294468
0.543544 0.299033
0.545546 0.303611
0.547548 0.308202
0.54955 0.312805
0.551552 0.31742
0.553554 0.322047
0.555556 0.326687
0.557558 0.33134
0.55956 0.336005
0.561562 0.340682
0.563564 0.345371
0.565566 0.350073
0.567568 0.354788
0.56957 0.359514
0.571572 0.364254
0.573574 0.369005
0.575576 0.373769
0.577578 0.378546
0.57958 0.383334
0.581582 0.388136
0.583584 0.392949
0.585586 0.397775
0.587588 0.402614
0.58959 0.407464
0.591592 0.412327
0.593594 0.417203
0.595596 0.422091
0.597598 0.426991
0.5996 0.431904
0.601602 0.436829
0.603604 0.441767
0.605606 0.446717
0.607608 0.451679
0.60961 0.456654
0.611612 0.461641
0.613614 0.466641
0.615616 0.471653
0.617618 0.476677
0.61962 0.481714
0.621622 0.486763
0.623624 0.491824
0.625626 0.496898
0.627628 0.501985
0.62963 0.507084
0.631632 0.512195
0.633634 0.517318
0.635636 0.522454
0.637638 0.527603
0.63964 0.532763
0.641642 0.537936
0.643644 0.543122
0.645646 0.54832
0.647648 0.55353
0.64965 0.558753
0.651652 0.563988
0.653654 0.569236
0.655656 0.574496
0.657658 0.579768
0.65966 0.585053
0.661662 0.59035
0.663664 0.595659
0.665666 0.600981
0.667668 0.606315
0.66967 0.611662
0.671672 0.617021
0.673674 0.622393
0.675676 0.627777
0.677678 0.633173
0.67968 0.638582
0.681682 0.644003
0.683684 0.649436
0.685686 0.654795
0.687688 0.660144
0.68969 0.665516
0.691692 0.670911
0.693694 0.676329
0.695696 0.68177
0.697698 0.687234
0.6997 0.692721
0.701702 0.698231
0.703704 0.703764
0.705706 0.70932
0.707708 0.714899
0.70971 0.720501
0.711712 0.726126
0.713714 0.731774
0.715716 0.737445
0.717718 0.743139
0.71972 0.748857
0.721722 0.754597
0.723724 0.76036
0.725726 0.766146
0.727728 0.771955
0.72973 0.777787
0.731732 0.783643
0.733734 0.789521
0.735736 0.795422
0.737738 0.801346
0.73974 0.807294
0.741742 0.813264
0.743744 0.819257
0.745746 0.825274
0.747748 0.831313
0.74975 0.837375
0.751752 0.843461
0.753754 0.849569
0.755756 0.8557
0.757758 0.861855
0.75976 0.868032
0.761762 0.874233
0.763764 0.880456
0.765766 0.886702
0.767768 0.892972
0.76977 0.899264
0.771772 0.90558
0.773774 0.911918
0.775776 0.91828
0.777778 0.924664
0.77978 0.931072
0.781782 0.937502
0.783784 0.943956
0.785786 0.950433
0.787788 0.956932
0.78979 0.963455
0.791792 0.97
0.793794 0.976569
0.795796 0.983161
0.797798 0.989775
0.7998 0.996413
0.801802 1.00307
0.803804 1.00976
0.805806 1.01646
0.807808 1.02319
0.80981 1.02995
0.811812 1.03672
0.813814 1.04352
0.815816 1.05034
0.817818 1.05719
0.81982 1.06406
0.821822 1.07095
0.823824 1.07786
0.825826 1.0848
0.827828 1.09176
0.82983 1.09874
0.831832 1.10575
0.833834 1.11277
0.835836 1.11983
0.837838 1.1269
0.83984 1.134
0.841842 1.14112
0.843844 1.14826
0.845846 1.15543
0.847848 1.16262
0.84985 1.16983
0.851852 1.17707
0.853854 1.18433
0.855856 1.19161
0.857858 1.19892
0.85986 1.20624
0.861862 1.2136
0.863864 1.22097
0.865866 1.22837
0.867868 1.23579
0.86987 1.24323
0.871872 1.2507
0.873874 1.25818
0.875876 1.2657
0.877878 1.27323
0.87988 1.28079
0.881882 1.28837
0.883884 1.29598
0.885886 1.3036
0.887888 1.31125
0.88989 1.31893
0.891892 1.32662
0.893894 1.33434
0.895896 0
0.897898 0
0.8999 0
0.901902 0
0.903904 0
0.905906 0
0.907908 0
0.90991 0
0.911912 0
0.913914 0
0.915916 0
0.917918 0
0.91992 0
0.921922 0
0.923924 0
0.925926 0
0.927928 0
0.92993 0
0.931932 0
0.933934 0
0.935936 0
0.937938 0
0.93994 0
0.941942 0
0.943944 0
0.945946 0
0.947948 0
0.94995 0
0.951952 0
0.953954 0
0.955956 0
0.957958 0
0.95996 0
0.961962 0
0.963964 0
0.965966 0
0.967968 0
0.96997 0
0.971972 0
0.973974 0
0.975976 0
0.977978 0
0.97998 0
0.981982 0
0.983984 0
0.985986 0
0.987988 0
0.98999 0
0.991992 0
0.993994 0
0.995996 0
0.997998 0
1 0
