-1 -1.14145
-0.997998 -1.13644
-0.995996 -1.13143
-0.993994 -1.12642
-0.991992 -1.12142
-0.98999 -1.11641
-0.987988 -1.1114
-0.985986 -1.10639
-0.983984 -1.10138
-0.981982 -1.09637
-0.97998 -1.09136
-0.977978 -1.08635
-0.975976 -1.08134
-0.973974 -1.07633
-0.971972 -1.07133
-0.96997 -1.06632
-0.967968 -1.06131
-0.965966 -1.0563
-0.963964 -1.05129
-0.961962 -1.04628
-0.95996 -1.04127
-0.957958 -1.03626
-0.955956 -1.03125
-0.953954 -1.02624
-0.951952 -1.02124
-0.94995 -1.01623
-0.947948 -1.01122
-0.945946 -1.00621
-0.943944 -1.0012
-0.941942 -0.996191
-0.93994 -0.991182
-0.937938 -0.986173
-0.935936 -0.981164
-0.933934 -0.976155
-0.931932 -0.971146
-0.92993 -0.966137
-0.927928 -0.961128
-0.925926 -0.956119
-0.923924 -0.95111
-0.921922 -0.946101
-0.91992 -0.941092
-0.917918 -0.936083
-0.915916 -0.931074
-0.913914 -0.926065
-0.911912 -0.921056
-0.90991 -0.916047
-0.907908 -0.911038
-0.905906 -0.906029
-0.903904 -0.90102
-0.901902 -0.896011
-0.8999 -0.891002
-0.897898 -0.885993
-0.895896 -0.880984
-0.893894 -0.877919
-0.891892 -0.877527
-0.88989 -0.877135
-0.887888 -0.876743
-0.885886 -0.876351
-0.883884 -0.875959
-0.881882 -0.875568
-0.87988 -0.875176
-0.877878 -0.874784
-0.875876 -0.874392
-0.873874 -0.874
-0.871872 -0.873608
-0.86987 -0.873216
-0.867868 -0.872824
-0.865866 -0.872432
-0.863864 -0.872041
-0.861862 -0.871649
-0.85986 -0.871257
-0.857858 -0.870865
-0.855856 -0.870473
-0.853854 -0.870081
-0.851852 -0.869689
-0.84985 -0.869297
-0.847848 -0.868905
-0.845846 -0.868514
-0.843844 -0.868122
-0.841842 -0.86773
-0.83984 -0.867338
-0.837838 -0.866946
-0.835836 -0.866554
-0.833834 -0.866162
-0.831832 -0.86577
-0.82983 -0.865378
-0.827828 -0.864986
-0.825826 -0.864595
-0.823824 -0.864203
-0.821822 -0.863811
-0.81982 -0.863419
-0.817818 -0.863027
-0.815816 -0.862635
-0.813814 -0.862243
-0.811812 -0.861851
-0.80981 -0.861459
-0.807808 -0.861068
-0.805806 -0.860676
-0.803804 -0.860284
-0.801802 -0.859892
-0.7998 -0.8595
-0.797798 -0.859108
-0.795796 -0.858716
-0.793794 -0.858324
-0.791792 -0.857932
-0.78979 -0.857541
-0.787788 -0.857458
-0.785786 -0.857433
-0.783784 -0.857408
-0.781782 -0.857383
-0.77978 -0.857358
-0.777778 -0.857334
-0.775776 -0.857309
-0.773774 -0.857284
-0.771772 -0.857259
-0.76977 -0.857234
-0.767768 -0.857209
-0.765766 -0.857185
-0.763764 -0.85716
-0.761762 -0.857135
-0.75976 -0.85711
-0.757758 -0.857085
-0.755756 -0.85706
-0.753754 -0.857036
-0.751752 -0.857011
-0.74975 -0.856986
-0.747748 -0.856961
-0.745746 -0.856936
-0.743744 -0.856911
-0.741742 -0.856887
-0.73974 -0.856862
-0.737738 -0.856837
-0.735736 -0.856812
-0.733734 -0.856787
-0.731732 -0.856762
-0.72973 -0.856738
-0.727728 -0.856713
-0.725726 -0.856688
-0.723724 -0.856663
-0.721722 -0.856638
-0.71972 -0.856613
-0.717718 -0.856589
-0.715716 -0.856564
-0.713714 -0.856539
-0.711712 -0.856514
-0.70971 -0.856489
-0.707708 -0.856464
-0.705706 -0.85644
-0.703704 -0.856415
-0.701702 -0.85639
-0.6997 -0.856365
-0.697698 -0.85634
-0.695696 -0.856315
-0.693694 -0.856291
-0.691692 -0.856266
-0.68969 -0.856241
-0.687688 -0.856216
-0.685686 -0.856191
-0.683684 -0.856157
-0.681682 -0.856098
-0.67968 -0.856039
-0.677678 -0.855979
-0.675676 -0.85592
-0.673674 -0.855861
-0.671672 -0.855801
-0.66967 -0.855742
-0.667668 -0.855683
-0.665666 -0.855623
-0.663664 -0.855564
-0.661662 -0.855505
-0.65966 -0.855445
-0.657658 -0.855386
-0.655656 -0.855327
-0.653654 -0.855267
-0.651652 -0.855208
-0.64965 -0.855149
-0.647648 -0.855089
-0.645646 -0.85503
-0.643644 -0.854971
-0.641642 -0.854911
-0.63964 -0.854852
-0.637638 -0.854793
-0.635636 -0.854733
-0.633634 -0.854674
-0.631632 -0.854615
-0.62963 -0.854555
-0.627628 -0.854496
-0.625626 -0.854437
-0.623624 -0.854377
-0.621622 -0.854318
-0.61962 -0.854259
-0.617618 -0.854199
-0.615616 -0.85414
-0.613614 -0.854081
-0.611612 -0.854021
-0.60961 -0.853962
-0.607608 -0.853903
-0.605606 -0.853843
-0.603604 -0.853784
-0.601602 -0.853725
-0.5996 -0.853665
-0.597598 -0.853606
-0.595596 -0.853547
-0.593594 -0.853487
-0.591592 -0.853428
-0.58959 -0.853369
-0.587588 -0.853309
-0.585586 -0.85325
-0.583584 -0.853191
-0.581582 -0.853131
-0.57958 -0.853072
-0.577578 -0.852882
-0.575576 -0.852632
-0.573574 -0.852381
-0.571572 -0.852131
-0.56957 -0.851881
-0.567568 -0.85163
-0.565566 -0.85138
-0.563564 -0.851129
-0.561562 -0.850879
-0.55956 -0.850629
-0.557558 -0.850378
-0.555556 -0.850128
-0.553554 -0.849878
-0.551552 -0.849627
-0.54955 -0.849377
-0.547548 -0.849126
-0.545546 -0.848876
-0.543544 -0.848626
-0.541542 -0.848375
-0.53954 -0.848125
-0.537538 -0.847875
-0.535536 -0.847624
-0.533534 -0.847374
-0.531532 -0.847123
-0.52953 -0.846873
-0.527528 -0.846623
-0.525526 -0.846372
-0.523524 -0.846122
-0.521522 -0.845872
-0.51952 -0.845621
-0.517518 -0.845371
-0.515516 -0.84512
-0.513514 -0.84487
-0.511512 -0.84462
-0.50951 -0.844369
-0.507508 -0.844119
-0.505506 -0.843869
-0.503503 -0.843618
-0.501501 -0.843368
-0.499499 -0.843117
-0.497497 -0.842867
-0.495495 -0.842617
-0.493493 -0.842366
-0.491491 -0.842116
-0.489489 -0.841866
-0.487487 -0.841615
-0.485485 -0.841365
-0.483483 -0.841115
-0.481481 -0.840864
-0.479479 -0.840614
-0.477477 -0.840363
-0.475475 -0.840113
-0.473473 -0.839834
-0.471471 -0.839311
-0.469469 -0.838787
-0.467467 -0.838264
-0.465465 -0.837741
-0.463463 -0.837217
-0.461461 -0.836694
-0.459459 -0.836171
-0.457457 -0.835647
-0.455455 -0.835124
-0.453453 -0.8346
-0.451451 -0.834077
-0.449449 -0.833554
-0.447447 -0.83303
-0.445445 -0.832507
-0.443443 -0.831984
-0.441441 -0.83146
-0.439439 -0.830937
-0.437437 -0.830414
-0.435435 -0.82989
-0.433433 -0.829367
-0.431431 -0.828844
-0.429429 -0.82832
-0.427427 -0.827797
-0.425425 -0.827274
-0.423423 -0.82675
-0.421421 -0.826227
-0.419419 -0.825704
-0.417417 -0.82518
-0.415415 -0.824657
-0.413413 -0.824134
-0.411411 -0.82361
-0.409409 -0.823087
-0.407407 -0.822564
-0.405405 -0.82204
-0.403403 -0.821517
-0.401401 -0.820994
-0.399399 -0.82047
-0.397397 -0.819947
-0.395395 -0.819424
-0.393393 -0.8189
-0.391391 -0.818377
-0.389389 -0.817854
-0.387387 -0.81733
-0.385385 -0.816807
-0.383383 -0.816284
-0.381381 -0.81576
-0.379379 -0.815237
-0.377377 -0.814714
-0.375375 -0.81419
-0.373373 -0.813667
-0.371371 -0.813144
-0.369369 -0.81262
-0.367367 -0.811926
-0.365365 -0.81108
-0.363363 -0.810233
-0.361361 -0.809386
-0.359359 -0.808539
-0.357357 -0.807692
-0.355355 -0.806845
-0.353353 -0.805998
-0.351351 -0.805151
-0.349349 -0.804304
-0.347347 -0.803457
-0.345345 -0.80261
-0.343343 -0.801763
-0.341341 -0.800916
-0.339339 -0.800069
-0.337337 -0.799222
-0.335335 -0.798375
-0.333333 -0.797528
-0.331331 -0.796681
-0.329329 -0.795834
-0.327327 -0.794987
-0.325325 -0.79414
-0.323323 -0.793293
-0.321321 -0.792446
-0.319319 -0.791599
-0.317317 -0.790752
-0.315315 -0.789905
-0.313313 -0.789058
-0.311311 -0.788211
-0.309309 -0.787364
-0.307307 -0.786517
-0.305305 -0.78567
-0.303303 -0.784823
-0.301301 -0.783976
-0.299299 -0.783129
-0.297297 -0.782282
-0.295295 -0.781435
-0.293293 -0.780588
-0.291291 -0.779741
-0.289289 -0.778894
-0.287287 -0.778047
-0.285285 -0.7772
-0.283283 -0.776353
-0.281281 -0.775506
-0.279279 -0.774659
-0.277277 -0.773812
-0.275275 -0.772965
-0.273273 -0.772118
-0.271271 -0.771271
-0.269269 -0.770424
-0.267267 -0.769577
-0.265265 -0.76873
-0.263263 -0.767883
-0.261261 -0.766696
-0.259259 -0.76549
-0.257257 -0.764284
-0.255255 -0.763077
-0.253253 -0.761871
-0.251251 -0.760665
-0.249249 -0.759459
-0.247247 -0.758253
-0.245245 -0.757047
-0.243243 -0.755841
-0.241241 -0.754635
-0.239239 -0.753429
-0.237237 -0.752223
-0.235235 -0.751017
-0.233233 -0.749811
-0.231231 -0.748604
-0.229229 -0.747398
-0.227227 -0.746192
-0.225225 -0.744986
-0.223223 -0.74378
-0.221221 -0.742574
-0.219219 -0.741368
-0.217217 -0.740162
-0.215215 -0.738956
-0.213213 -0.73775
-0.211211 -0.736544
-0.209209 -0.735338
-0.207207 -0.734132
-0.205205 -0.732925
-0.203203 -0.731719
-0.201201 -0.730513
-0.199199 -0.729307
-0.197197 -0.728101
-0.195195 -0.726895
-0.193193 -0.725689
-0.191191 -0.724483
-0.189189 -0.723277
-0.187187 -0.722071
-0.185185 -0.720865
-0.183183 -0.719659
-0.181181 -0.718452
-0.179179 -0.717246
-0.177177 -0.71604
-0.175175 -0.714834
-0.173173 -0.713628
-0.171171 -0.712422
-0.169169 -0.711216
-0.167167 -0.71001
-0.165165 -0.708804
-0.163163 -0.707598
-0.161161 -0.706392
-0.159159 -0.705186
-0.157157 -0.703837
-0.155155 -0.702244
-0.153153 -0.700652
-0.151151 -0.699059
-0.149149 -0.697466
-0.147147 -0.695874
-0.145145 -0.694281
-0.143143 -0.692688
-0.141141 -0.691096
-0.139139 -0.689503
-0.137137 -0.68791
-0.135135 -0.686318
-0.133133 -0.684725
-0.131131 -0.683132
-0.129129 -0.681539
-0.127127 -0.679947
-0.125125 -0.678354
-0.123123 -0.676761
-0.121121 -0.675169
-0.119119 -0.673576
-0.117117 -0.671983
-0.115115 -0.670391
-0.113113 -0.668798
-0.111111 -0.667205
-0.109109 -0.665613
-0.107107 -0.66402
-0.105105 -0.662427
-0.103103 -0.660835
-0.101101 -0.659242
-0.0990991 -0.657649
-0.0970971 -0.656057
-0.0950951 -0.654464
-0.0930931 -0.652871
-0.0910911 -0.651278
-0.0890891 -0.649686
-0.0870871 -0.648093
-0.0850851 -0.6465
-0.0830831 -0.644908
-0.0810811 -0.643315
-0.0790791 -0.641722
-0.0770771 -0.64013
-0.0750751 -0.638537
-0.0730731 -0.636944
-0.0710711 -0.635352
-0.0690691 -0.633759
-0.0670671 -0.632166
-0.0650651 -0.630574
-0.0630631 -0.628981
-0.0610611 -0.627388
-0.0590591 -0.625796
-0.0570571 -0.624203
-0.0550551 -0.62261
-0.0530531 -0.621017
-0.0510511 -0.619101
-0.049049 -0.617098
-0.047047 -0.615095
-0.045045 -0.613092
-0.043043 -0.611089
-0.041041 -0.609086
-0.039039 -0.607083
-0.037037 -0.60508
-0.035035 -0.603077
-0.033033 -0.601075
-0.031031 -0.599072
-0.029029 -0.597069
-0.027027 -0.595066
-0.025025 -0.593063
-0.023023 -0.59106
-0.021021 -0.589057
-0.019019 -0.587054
-0.017017 -0.585051
-0.015015 -0.583048
-0.013013 -0.581045
-0.011011 -0.579042
-0.00900901 -0.577039
-0.00700701 -0.575036
-0.005005 -0.573034
-0.003003 -0.571031
-0.001001 -0.569028
0.001001 -0.567025
0.003003 -0.565022
0.005005 -0.563019
0.00700701 -0.561016
0.00900901 -0.559013
0.011011 -0.55701
0.013013 -0.555007
0.015015 -0.553004
0.017017 -0.551001
0.019019 -0.548998
0.021021 -0.546996
0.023023 -0.544993
0.025025 -0.54299
0.027027 -0.540987
0.029029 -0.538984
0.031031 -0.536981
0.033033 -0.534978
0.035035 -0.532975
0.037037 -0.530972
0.039039 -0.528969
0.041041 -0.526966
0.043043 -0.524963
0.045045 -0.52296
0.047047 -0.520957
0.049049 -0.518955
0.0510511 -0.516952
0.0530531 -0.514858
0.0550551 -0.512422
0.0570571 -0.509986
0.0590591 -0.507551
0.0610611 -0.505115
0.0630631 -0.502679
0.0650651 -0.500244
0.0670671 -0.497808
0.0690691 -0.495373
0.0710711 -0.492937
0.0730731 -0.490501
0.0750751 -0.488066
0.0770771 -0.48563
0.0790791 -0.483194
0.0810811 -0.480759
0.0830831 -0.478323
0.0850851 -0.475887
0.0870871 -0.473452
0.0890891 -0.471016
0.0910911 -0.468581
0.0930931 -0.466145
0.0950951 -0.463709
0.0970971 -0.461274
0.0990991 -0.458838
0.101101 -0.456402
0.103103 -0.453967
0.105105 -0.451531
0.107107 -0.449095
0.109109 -0.44666
0.111111 -0.444224
0.113113 -0.441789
0.115115 -0.439353
0.117117 -0.436917
0.119119 -0.434482
0.121121 -0.432046
0.123123 -0.42961
0.125125 -0.427175
0.127127 -0.424739
0.129129 -0.422304
0.131131 -0.419868
0.133133 -0.417432
0.135135 -0.414997
0.137137 -0.412561
0.139139 -0.410125
0.141141 -0.40769
0.143143 -0.405254
0.145145 -0.402818
0.147147 -0.400383
0.149149 -0.397947
0.151151 -0.395512
0.153153 -0.393076
0.155155 -0.39064
0.157157 -0.388205
0.159159 -0.385481
0.161161 -0.382589
0.163163 -0.379697
0.165165 -0.376805
0.167167 -0.373913
0.169169 -0.371021
0.171171 -0.368129
0.173173 -0.365237
0.175175 -0.362345
0.177177 -0.359453
0.179179 -0.356561
0.181181 -0.353669
0.183183 -0.350777
0.185185 -0.347885
0.187187 -0.344993
0.189189 -0.342101
0.191191 -0.339209
0.193193 -0.336317
0.195195 -0.333425
0.197197 -0.330533
0.199199 -0.327641
0.201201 -0.324749
0.203203 -0.321857
0.205205 -0.318965
0.207207 -0.316073
0.209209 -0.313181
0.211211 -0.310289
0.213213 -0.307397
0.215215 -0.304505
0.217217 -0.301613
0.219219 -0.298722
0.221221 -0.29583
0.223223 -0.292938
0.225225 -0.290046
0.227227 -0.287154
0.229229 -0.284262
0.231231 -0.28137
0.233233 -0.278478
0.235235 -0.275586
0.237237 -0.272694
0.239239 -0.269802
0.241241 -0.26691
0.243243 -0.264018
0.245245 -0.261126
0.247247 -0.258234
0.249249 -0.255342
0.251251 -0.25245
0.253253 -0.249558
0.255255 -0.246666
0.257257 -0.243774
0.259259 -0.240882
0.261261 -0.23799
0.263263 -0.235073
0.265265 -0.231697
0.267267 -0.228321
0.269269 -0.224945
0.271271 -0.221569
0.273273 -0.218193
0.275275 -0.214818
0.277277 -0.211442
0.279279 -0.208066
0.281281 -0.20469
0.283283 -0.201314
0.285285 -0.197938
0.287287 -0.194563
0.289289 -0.191187
0.291291 -0.187811
0.293293 -0.184435
0.295295 -0.181059
0.297297 -0.177683
0.299299 -0.174307
0.301301 -0.170932
0.303303 -0.167556
0.305305 -0.16418
0.307307 -0.160804
0.309309 -0.157428
0.311311 -0.154052
0.313313 -0.150677
0.315315 -0.147301
0.317317 -0.143925
0.319319 -0.140549
0.321321 -0.137173
0.323323 -0.133797
0.325325 -0.130422
0.327327 -0.127046
0.329329 -0.12367
0.331331 -0.120294
0.333333 -0.116918
0.335335 -0.113542
0.337337 -0.110167
0.339339 -0.106791
0.341341 -0.103415
0.343343 -0.100039
0.345345 -0.0966632
0.347347 -0.0932874
0.349349 -0.0899115
0.351351 -0.0865357
0.353353 -0.0831599
0.355355 -0.079784
0.357357 -0.0764082
0.359359 -0.0730323
0.361361 -0.0696565
0.363363 -0.0662807
0.365365 -0.0629048
0.367367 -0.059529
0.369369 -0.0559072
0.371371 -0.052012
0.373373 -0.0481169
0.375375 -0.0442218
0.377377 -0.0403266
0.379379 -0.0364315
0.381381 -0.0325364
0.383383 -0.0286412
0.385385 -0.0247461
0.387387 -0.020851
0.389389 -0.0169558
0.391391 -0.0130607
0.393393 -0.00916556
0.395395 -0.00527043
0.397397 -0.0013753
0.399399 0.00251984
0.401401 0.00641497
0.403403 0.0103101
0.405405 0.0142052
0.407407 0.0181004
0.409409 0.0219955
0.411411 0.0258906
0.413413 0.0297858
0.415415 0.0336809
0.417417 0.037576
0.419419 0.0414712
0.421421 0.0453663
0.423423 0.0492614
0.425425 0.0531566
0.427427 0.0570517
0.429429 0.0609468
0.431431 0.064842
0.433433 0.0687371
0.435435 0.0726322
0.437437 0.0765274
0.439439 0.0804225
0.441441 0.0843176
0.443443 0.0882128
0.445445 0.0921079
0.447447 0.096003
0.449449 0.0998982
0.451451 0.103793
0.453453 0.107688
0.455455 0.111584
0.457457 0.115479
0.459459 0.119374
0.461461 0.123269
0.463463 0.127164
0.465465 0.131059
0.467467 0.134954
0.469469 0.13885
0.471471 0.142745
0.473473 0.14664
0.475475 0.151045
0.477477 0.15551
0.479479 0.159975
0.481481 0.16444
0.483483 0.168905
0.485485 0.17337
0.487487 0.177836
0.489489 0.182301
0.491491 0.186766
0.493493 0.191231
0.495495 0.195696
0.497497 0.200161
0.499499 0.204626
0.501501 0.209091
0.503503 0.213556
0.505506 0.218022
0.507508 0.222487
0.50951 0.226952
0.511512 0.231417
0.513514 0.235882
0.515516 0.240347
0.517518 0.244812
0.51952 0.249277
0.521522 0.253743
0.523524 0.258208
0.525526 0.262673
0.527528 0.267138
0.52953 0.271603
0.531532 0.276068
0.533534 0.280533
0.535536 0.284998
0.537538 0.289463
0.53954 0.293929
0.541542 0.298394
0.543544 0.302859
0.545546 0.307324
0.547548 0.311789
0.54955 0.316254
0.551552 0.320719
0.553554 0.325184
0.555556 0.329649
0.557558 0.334115
0.55956 0.33858
0.561562 0.343045
0.563564 0.34751
0.565566 0.351975
0.567568 0.35644
0.56957 0.360905
0.571572 0.36537
0.573574 0.369836
0.575576 0.374301
0.577578 0.378766
0.57958 0.383437
0.581582 0.388554
0.583584 0.393671
0.585586 0.398788
0.587588 0.403905
0.58959 0.409022
0.591592 0.414139
0.593594 0.419256
0.595596 0.424373
0.597598 0.42949
0.5996 0.434607
0.601602 0.439724
0.603604 0.444841
0.605606 0.449958
0.607608 0.455075
0.60961 0.460192
0.611612 0.465309
0.613614 0.470426
0.615616 0.475543
0.617618 0.48066
0.61962 0.485777
0.621622 0.490894
0.623624 0.496011
0.625626 0.501128
0.627628 0.506245
0.62963 0.511362
0.631632 0.516479
0.633634 0.521596
0.635636 0.526713
0.637638 0.53183
0.63964 0.536947
0.641642 0.542064
0.643644 0.547181
0.645646 0.552298
0.647648 0.557415
0.64965 0.562532
0.651652 0.567649
0.653654 0.572766
0.655656 0.577883
0.657658 0.583
0.65966 0.588117
0.661662 0.593235
0.663664 0.598352
0.665666 0.603469
0.667668 0.608586
0.66967 0.613703
0.671672 0.61882
0.673674 0.623937
0.675676 0.629054
0.677678 0.634171
0.67968 0.639288
0.681682 0.644405
0.683684 0.649522
0.685686 0.655234
0.687688 0.66116
0.68969 0.667085
0.691692 0.673011
0.693694 0.678936
0.695696 0.684862
0.697698 0.690787
0.6997 0.696713
0.701702 0.702638
0.703704 0.708564
0.705706 0.714489
0.707708 0.720415
0.70971 0.72634
0.711712 0.732266
0.713714 0.738191
0.715716 0.744117
0.717718 0.750042
0.71972 0.755967
0.721722 0.761893
0.723724 0.767818
0.725726 0.773744
0.727728 0.779669
0.72973 0.785595
0.731732 0.79152
0.733734 0.797446
0.735736 0.803371
0.737738 0.809297
0.73974 0.815222
0.741742 0.821148
0.743744 0.827073
0.745746 0.832999
0.747748 0.838924
0.74975 0.84485
0.751752 0.850775
0.753754 0.8567
0.755756 0.862626
0.757758 0.868551
0.75976 0.874477
0.761762 0.880402
0.763764 0.886328
0.765766 0.892253
0.767768 0.898179
0.76977 0.904104
0.771772 0.91003
0.773774 0.915955
0.775776 0.921881
0.777778 0.927806
0.77978 0.933732
0.781782 0.939657
0.783784 0.945583
0.785786 0.951508
0.787788 0.957434
0.78979 0.96355
0.791792 0.970686
0.793794 0.977821
0.795796 0.984956
0.797798 0.992092
0.7998 0.999227
0.801802 1.00636
0.803804 1.0135
0.805806 1.02063
0.807808 1.02777
0.80981 1.0349
0.811812 1.04204
0.813814 1.04918
0.815816 1.05631
0.817818 1.06345
0.81982 1.07058
0.821822 1.07772
0.823824 1.08485
0.825826 1.09199
0.827828 1.09912
0.82983 1.10626
0.831832 1.1134
0.833834 1.12053
0.835836 1.12767
0.837838 1.1348
0.83984 1.14194
0.841842 1.14907
0.843844 1.15621
0.845846 1.16334
0.847848 1.17048
0.84985 1.17761
0.851852 1.18475
0.853854 1.19189
0.855856 1.19902
0.857858 1.20616
0.85986 1.21329
0.861862 1.22043
0.863864 1.22756
0.865866 1.2347
0.867868 1.24183
0.86987 1.24897
0.871872 1.2561
0.873874 1.26324
0.875876 1.27038
0.877878 1.27751
0.87988 1.28465
0.881882 1.29178
0.883884 1.29892
0.885886 1.30605
0.887888 1.31319
0.88989 1.32032
0.891892 1.32746
0.893894 1.33459
0.895896 1.34489
0.897898 1.35749
0.8999 1.37008
0.901902 1.38268
0.903904 1.39527
0.905906 1.40787
0.907908 1.42046
0.90991 1.43306
0.911912 1.44566
0.913914 1.45825
0.915916 1.47085
0.917918 1.48344
0.91992 1.49604
0.921922 1.50863
0.923924 1.52123
0.925926 1.53382
0.927928 1.54642
0.92993 1.55902
0.931932 1.57161
0.933934 1.58421
0.935936 1.5968
0.937938 1.6094
0.93994 1.62199
0.941942 1.63459
0.943944 1.64718
0.945946 1.65978
0.947948 1.67237
0.94995 1.68497
0.951952 1.69757
0.953954 1.71016
0.955956 1.72276
0.957958 1.73535
0.95996 1.74795
0.961962 1.76054
0.963964 1.77314
0.965966 1.78573
0.967968 1.79833
0.96997 1.81093
0.971972 1.82352
0.973974 1.83612
0.975976 1.84871
0.977978 1.86131
0.97998 1.8739
0.981982 1.8865
0.983984 1.89909
0.985986 1.91169
0.987988 1.92429
0.98999 1.93688
0.991992 1.94948
0.993994 1.96207
0.995996 1.97467
0.997998 1.98726
1 1.99986
