-1 -1.14145
-0.997998 -1.10938
-0.995996 -1.0788
-0.993994 -1.04973
-0.991992 -1.02216
-0.98999 -0.996086
-0.987988 -0.971515
-0.985986 -0.948445
-0.983984 -0.926877
-0.981982 -0.906809
-0.97998 -0.888242
-0.977978 -0.871176
-0.975976 -0.85561
-0.973974 -0.841546
-0.971972 -0.828983
-0.96997 -0.81792
-0.967968 -0.808358
-0.965966 -0.800297
-0.963964 -0.793737
-0.961962 -0.788678
-0.95996 -0.78512
-0.957958 -0.783063
-0.955956 -0.782506
-0.953954 -0.783451
-0.951952 -0.785896
-0.94995 -0.789842
-0.947948 -0.795289
-0.945946 -0.802237
-0.943944 -0.810686
-0.941942 -0.820636
-0.93994 -0.832086
-0.937938 -0.845038
-0.935936 -0.85949
-0.933934 -0.875443
-0.931932 -0.892897
-0.92993 -0.911448
-0.927928 -0.929112
-0.925926 -0.945622
-0.923924 -0.960979
-0.921922 -0.975182
-0.91992 -0.988231
-0.917918 -1.00013
-0.915916 -1.01087
-0.913914 -1.02046
-0.911912 -1.02889
-0.90991 -1.03617
-0.907908 -1.0423
-0.905906 -1.04727
-0.903904 -1.05109
-0.901902 -1.05376
-0.8999 -1.05527
-0.897898 -1.05563
-0.895896 -1.05483
-0.893894 -1.05289
-0.891892 -1.04978
-0.88989 -1.04553
-0.887888 -1.04012
-0.885886 -1.03355
-0.883884 -1.02584
-0.881882 -1.01697
-0.87988 -1.00694
-0.877878 -0.995764
-0.875876 -0.983432
-0.873874 -0.969947
-0.871872 -0.955308
-0.86987 -0.939515
-0.867868 -0.922568
-0.865866 -0.904468
-0.863864 -0.885214
-0.861862 -0.864819
-0.85986 -0.844676
-0.857858 -0.825728
-0.855856 -0.807976
-0.853854 -0.79142
-0.851852 -0.776059
-0.84985 -0.761894
-0.847848 -0.748925
-0.845846 -0.737151
-0.843844 -0.726574
-0.841842 -0.717191
-0.83984 -0.709005
-0.837838 -0.702014
-0.835836 -0.696219
-0.833834 -0.69162
-0.831832 -0.688216
-0.82983 -0.686009
-0.827828 -0.684996
-0.825826 -0.68518
-0.823824 -0.686559
-0.821822 -0.689134
-0.81982 -0.692905
-0.817818 -0.697871
-0.815816 -0.704033
-0.813814 -0.711391
-0.811812 -0.719945
-0.80981 -0.729694
-0.807808 -0.740639
-0.805806 -0.752779
-0.803804 -0.766116
-0.801802 -0.780648
-0.7998 -0.796376
-0.797798 -0.813299
-0.795796 -0.831418
-0.793794 -0.850733
-0.791792 -0.870733
-0.78979 -0.889692
-0.787788 -0.907469
-0.785786 -0.924063
-0.783784 -0.939475
-0.781782 -0.953704
-0.77978 -0.96675
-0.777778 -0.978614
-0.775776 -0.989296
-0.773774 -0.998795
-0.771772 -1.00711
-0.76977 -1.01425
-0.767768 -1.0202
-0.765766 -1.02497
-0.763764 -1.02855
-0.761762 -1.03096
-0.75976 -1.03218
-0.757758 -1.03222
-0.755756 -1.03107
-0.753754 -1.02875
-0.751752 -1.02524
-0.74975 -1.02055
-0.747748 -1.01467
-0.745746 -1.00762
-0.743744 -0.999379
-0.741742 -0.989958
-0.73974 -0.979355
-0.737738 -0.967569
-0.735736 -0.9546
-0.733734 -0.940449
-0.731732 -0.925115
-0.72973 -0.908599
-0.727728 -0.890901
-0.725726 -0.87202
-0.723724 -0.852007
-0.721722 -0.832434
-0.71972 -0.814046
-0.717718 -0.796842
-0.715716 -0.780823
-0.713714 -0.765988
-0.711712 -0.752338
-0.70971 -0.739873
-0.707708 -0.728592
-0.705706 -0.718495
-0.703704 -0.709583
-0.701702 -0.701856
-0.6997 -0.695313
-0.697698 -0.689955
-0.695696 -0.685782
-0.693694 -0.682793
-0.691692 -0.680988
-0.68969 -0.680368
-0.687688 -0.680933
-0.685686 -0.682682
-0.683684 -0.685616
-0.681682 -0.689734
-0.67968 -0.695037
-0.677678 -0.701525
-0.675676 -0.709197
-0.673674 -0.718053
-0.671672 -0.728094
-0.66967 -0.73932
-0.667668 -0.75173
-0.665666 -0.765325
-0.663664 -0.780105
-0.661662 -0.796068
-0.65966 -0.813217
-0.657658 -0.83155
-0.655656 -0.851068
-0.653654 -0.871087
-0.651652 -0.889987
-0.64965 -0.907699
-0.647648 -0.924223
-0.645646 -0.939559
-0.643644 -0.953706
-0.641642 -0.966665
-0.63964 -0.978436
-0.637638 -0.989019
-0.635636 -0.998413
-0.633634 -1.00662
-0.631632 -1.01364
-0.62963 -1.01947
-0.627628 -1.02411
-0.625626 -1.02756
-0.623624 -1.02983
-0.621622 -1.0309
-0.61962 -1.03079
-0.617618 -1.02949
-0.615616 -1.027
-0.613614 -1.02333
-0.611612 -1.01846
-0.60961 -1.01241
-0.607608 -1.00517
-0.605606 -0.99674
-0.603604 -0.987123
-0.601602 -0.976317
-0.5996 -0.964324
-0.597598 -0.951142
-0.595596 -0.936771
-0.593594 -0.921213
-0.591592 -0.904466
-0.58959 -0.886531
-0.587588 -0.867408
-0.585586 -0.84721
-0.583584 -0.82763
-0.581582 -0.809232
-0.57958 -0.792014
-0.577578 -0.775978
-0.575576 -0.761123
-0.573574 -0.747449
-0.571572 -0.734956
-0.56957 -0.723644
-0.567568 -0.713513
-0.565566 -0.704564
-0.563564 -0.696795
-0.561562 -0.690208
-0.55956 -0.684802
-0.557558 -0.680577
-0.555556 -0.677533
-0.553554 -0.67567
-0.551552 -0.674988
-0.54955 -0.675488
-0.547548 -0.677169
-0.545546 -0.68003
-0.543544 -0.684073
-0.541542 -0.689297
-0.53954 -0.695702
-0.537538 -0.703289
-0.535536 -0.712056
-0.533534 -0.722005
-0.531532 -0.733134
-0.52953 -0.745445
-0.527528 -0.758937
-0.525526 -0.77361
-0.523524 -0.789465
-0.521522 -0.8065
-0.51952 -0.824716
-0.517518 -0.844114
-0.515516 -0.863811
-0.513514 -0.882341
-0.511512 -0.89968
-0.50951 -0.915829
-0.507508 -0.930787
-0.505506 -0.944554
-0.503503 -0.957131
-0.501501 -0.968518
-0.499499 -0.978714
-0.497497 -0.98772
-0.495495 -0.995535
-0.493493 -1.00216
-0.491491 -1.00759
-0.489489 -1.01184
-0.487487 -1.01489
-0.485485 -1.01675
-0.483483 -1.01742
-0.481481 -1.01691
-0.479479 -1.0152
-0.477477 -1.0123
-0.475475 -1.00821
-0.473473 -1.00293
-0.471471 -0.996457
-0.469469 -0.988795
-0.467467 -0.979943
-0.465465 -0.969901
-0.463463 -0.958668
-0.461461 -0.946245
-0.459459 -0.932631
-0.457457 -0.917827
-0.455455 -0.901832
-0.453453 -0.884646
-0.451451 -0.86627
-0.449449 -0.846704
-0.447447 -0.82615
-0.445445 -0.806369
-0.443443 -0.787766
-0.441441 -0.770344
-0.439439 -0.754101
-0.437437 -0.739037
-0.435435 -0.725153
-0.433433 -0.712449
-0.431431 -0.700924
-0.429429 -0.690578
-0.427427 -0.681413
-0.425425 -0.673426
-0.423423 -0.666619
-0.421421 -0.660992
-0.419419 -0.656544
-0.417417 -0.653276
-0.415415 -0.651187
-0.413413 -0.650278
-0.411411 -0.650548
-0.409409 -0.651998
-0.407407 -0.654628
-0.405405 -0.658437
-0.403403 -0.663425
-0.401401 -0.669593
-0.399399 -0.676941
-0.397397 -0.685468
-0.395395 -0.695174
-0.393393 -0.70606
-0.391391 -0.718126
-0.389389 -0.731371
-0.387387 -0.745796
-0.385385 -0.7614
-0.383383 -0.778184
-0.381381 -0.796147
-0.379379 -0.81529
-0.377377 -0.834507
-0.375375 -0.852534
-0.373373 -0.869369
-0.371371 -0.885012
-0.369369 -0.899464
-0.367367 -0.912724
-0.365365 -0.924792
-0.363363 -0.935668
-0.361361 -0.945353
-0.359359 -0.953846
-0.357357 -0.961148
-0.355355 -0.967258
-0.353353 -0.972176
-0.351351 -0.975902
-0.349349 -0.978437
-0.347347 -0.97978
-0.345345 -0.979931
-0.343343 -0.97889
-0.341341 -0.976658
-0.339339 -0.973234
-0.337337 -0.968619
-0.335335 -0.962812
-0.333333 -0.955813
-0.331331 -0.947622
-0.329329 -0.93824
-0.327327 -0.927666
-0.325325 -0.9159
-0.323323 -0.902942
-0.321321 -0.888793
-0.319319 -0.873452
-0.317317 -0.85692
-0.315315 -0.839195
-0.313313 -0.82028
-0.311311 -0.800172
-0.309309 -0.77919
-0.307307 -0.75911
-0.305305 -0.740208
-0.303303 -0.722485
-0.301301 -0.705941
-0.299299 -0.690576
-0.297297 -0.676389
-0.295295 -0.66338
-0.293293 -0.65155
-0.291291 -0.640899
-0.289289 -0.631426
-0.287287 -0.623132
-0.285285 -0.616017
-0.283283 -0.61008
-0.281281 -0.605321
-0.279279 -0.601741
-0.277277 -0.59934
-0.275275 -0.598117
-0.273273 -0.598073
-0.271271 -0.599208
-0.269269 -0.601521
-0.267267 -0.605013
-0.265265 -0.609683
-0.263263 -0.615532
-0.261261 -0.622559
-0.259259 -0.630765
-0.257257 -0.640149
-0.255255 -0.650713
-0.253253 -0.662454
-0.251251 -0.675375
-0.249249 -0.689473
-0.247247 -0.704751
-0.245245 -0.721207
-0.243243 -0.738841
-0.241241 -0.757649
-0.239239 -0.776292
-0.237237 -0.793742
-0.235235 -0.81
-0.233233 -0.825065
-0.231231 -0.838938
-0.229229 -0.851618
-0.227227 -0.863106
-0.225225 -0.873401
-0.223223 -0.882504
-0.221221 -0.890414
-0.219219 -0.897132
-0.217217 -0.902657
-0.215215 -0.90699
-0.213213 -0.910131
-0.211211 -0.912078
-0.209209 -0.912834
-0.207207 -0.912397
-0.205205 -0.910767
-0.203203 -0.907945
-0.201201 -0.903931
-0.199199 -0.898724
-0.197197 -0.892324
-0.195195 -0.884732
-0.193193 -0.875948
-0.191191 -0.865971
-0.189189 -0.854801
-0.187187 -0.84244
-0.185185 -0.828885
-0.183183 -0.814138
-0.181181 -0.798199
-0.179179 -0.781067
-0.177177 -0.762743
-0.175175 -0.743226
-0.173173 -0.722517
-0.171171 -0.701071
-0.169169 -0.680634
-0.167167 -0.661374
-0.165165 -0.643292
-0.163163 -0.626388
-0.161161 -0.610662
-0.159159 -0.596113
-0.157157 -0.582743
-0.155155 -0.57055
-0.153153 -0.559536
-0.151151 -0.549699
-0.149149 -0.54104
-0.147147 -0.53356
-0.145145 -0.527257
-0.143143 -0.522132
-0.141141 -0.518184
-0.139139 -0.515415
-0.137137 -0.513824
-0.135135 -0.51341
-0.133133 -0.514175
-0.131131 -0.516117
-0.129129 -0.519238
-0.127127 -0.523536
-0.125125 -0.529012
-0.123123 -0.535666
-0.121121 -0.543498
-0.119119 -0.552508
-0.117117 -0.562695
-0.115115 -0.574061
-0.113113 -0.586604
-0.111111 -0.600326
-0.109109 -0.615225
-0.107107 -0.631302
-0.105105 -0.648558
-0.103103 -0.666955
-0.101101 -0.684972
-0.0990991 -0.701796
-0.0970971 -0.717426
-0.0950951 -0.731863
-0.0930931 -0.745108
-0.0910911 -0.757159
-0.0890891 -0.768017
-0.0870871 -0.777682
-0.0850851 -0.786154
-0.0830831 -0.793433
-0.0810811 -0.799519
-0.0790791 -0.804411
-0.0770771 -0.808111
-0.0750751 -0.810617
-0.0730731 -0.811931
-0.0710711 -0.812051
-0.0690691 -0.810978
-0.0670671 -0.808712
-0.0650651 -0.805253
-0.0630631 -0.800601
-0.0610611 -0.794756
-0.0590591 -0.787718
-0.0570571 -0.779487
-0.0550551 -0.770062
-0.0530531 -0.759445
-0.0510511 -0.747634
-0.049049 -0.73463
-0.047047 -0.720434
-0.045045 -0.705044
-0.043043 -0.688461
-0.041041 -0.670685
-0.039039 -0.651716
-0.037037 -0.631553
-0.035035 -0.610198
-0.033033 -0.588271
-0.031031 -0.567431
-0.029029 -0.547769
-0.027027 -0.529284
-0.025025 -0.511976
-0.023023 -0.495845
-0.021021 -0.480892
-0.019019 -0.467117
-0.017017 -0.454518
-0.015015 -0.443097
-0.013013 -0.432853
-0.011011 -0.423787
-0.00900901 -0.415898
-0.00700701 -0.409186
-0.005005 -0.403652
-0.003003 -0.399295
-0.001001 -0.396115
0.001001 -0.394113
0.003003 -0.393287
0.005005 -0.39364
0.00700701 -0.395169
0.00900901 -0.397876
0.011011 -0.401761
0.013013 -0.406822
0.015015 -0.413061
0.017017 -0.420477
0.019019 -0.429071
0.021021 -0.438842
0.023023 -0.44979
0.025025 -0.461916
0.027027 -0.475219
0.029029 -0.489699
0.031031 -0.505357
0.033033 -0.522192
0.035035 -0.540114
0.037037 -0.557464
0.039039 -0.573621
0.041041 -0.588583
0.043043 -0.602352
0.045045 -0.614928
0.047047 -0.62631
0.049049 -0.636498
0.0510511 -0.645493
0.0530531 -0.653294
0.0550551 -0.659901
0.0570571 -0.665315
0.0590591 -0.669535
0.0610611 -0.672561
0.0630631 -0.674394
0.0650651 -0.675033
0.0670671 -0.674478
0.0690691 -0.67273
0.0710711 -0.669788
0.0730731 -0.665652
0.0750751 -0.660323
0.0770771 -0.6538
0.0790791 -0.646084
0.0810811 -0.637174
0.0830831 -0.62707
0.0850851 -0.615773
0.0870871 -0.603282
0.0890891 -0.589597
0.0910911 -0.574718
0.0930931 -0.558646
0.0950951 -0.541381
0.0970971 -0.522922
0.0990991 -0.503269
0.101101 -0.482422
0.103103 -0.460382
0.105105 -0.43796
0.107107 -0.416679
0.109109 -0.396575
0.111111 -0.377648
0.113113 -0.359898
0.115115 -0.343324
0.117117 -0.327928
0.119119 -0.313708
0.121121 -0.300664
0.123123 -0.288798
0.125125 -0.278108
0.127127 -0.268595
0.129129 -0.260259
0.131131 -0.2531
0.133133 -0.247117
0.135135 -0.242311
0.137137 -0.238682
0.139139 -0.23623
0.141141 -0.234955
0.143143 -0.234856
0.145145 -0.235934
0.147147 -0.238189
0.149149 -0.24162
0.151151 -0.246228
0.153153 -0.252014
0.155155 -0.258975
0.157157 -0.267114
0.159159 -0.276429
0.161161 -0.286922
0.163163 -0.298591
0.165165 -0.311436
0.167167 -0.325459
0.169169 -0.340658
0.171171 -0.357034
0.173173 -0.374416
0.175175 -0.391061
0.177177 -0.406511
0.179179 -0.420767
0.181181 -0.433829
0.183183 -0.445697
0.185185 -0.45637
0.187187 -0.465849
0.189189 -0.474134
0.191191 -0.481225
0.193193 -0.487121
0.195195 -0.491824
0.197197 -0.495332
0.199199 -0.497645
0.201201 -0.498765
0.203203 -0.49869
0.205205 -0.497421
0.207207 -0.494957
0.209209 -0.4913
0.211211 -0.486448
0.213213 -0.480402
0.215215 -0.473161
0.217217 -0.464727
0.219219 -0.455098
0.221221 -0.444275
0.223223 -0.432257
0.225225 -0.419046
0.227227 -0.40464
0.229229 -0.38904
0.231231 -0.372245
0.233233 -0.354257
0.235235 -0.335074
0.237237 -0.314697
0.239239 -0.293125
0.241241 -0.270359
0.243243 -0.247427
0.245245 -0.225665
0.247247 -0.205079
0.249249 -0.185669
0.251251 -0.167435
0.253253 -0.150377
0.255255 -0.134496
0.257257 -0.11979
0.259259 -0.106261
0.261261 -0.0939074
0.263263 -0.0827301
0.265265 -0.0727289
0.267267 -0.0639039
0.269269 -0.0562549
0.271271 -0.049782
0.273273 -0.0444852
0.275275 -0.0403645
0.277277 -0.0374199
0.279279 -0.0356514
0.281281 -0.035059
0.283283 -0.0356427
0.285285 -0.0374024
0.287287 -0.0403383
0.289289 -0.0444503
0.291291 -0.0497383
0.293293 -0.0562025
0.295295 -0.0638427
0.297297 -0.0726591
0.299299 -0.0826515
0.301301 -0.09382
0.303303 -0.106165
0.305305 -0.119685
0.307307 -0.134382
0.309309 -0.150255
0.311311 -0.167028
0.313313 -0.182923
0.315315 -0.197622
0.317317 -0.211127
0.319319 -0.223437
0.321321 -0.234552
0.323323 -0.244471
0.325325 -0.253196
0.327327 -0.260725
0.329329 -0.26706
0.331331 -0.2722
0.333333 -0.276144
0.335335 -0.278894
0.337337 -0.280448
0.339339 -0.280807
0.341341 -0.279972
0.343343 -0.277941
0.345345 -0.274715
0.347347 -0.270294
0.349349 -0.264679
0.351351 -0.257868
0.353353 -0.249862
0.355355 -0.240661
0.357357 -0.230265
0.359359 -0.218674
0.361361 -0.205888
0.363363 -0.191907
0.365365 -0.176731
0.367367 -0.16036
0.369369 -0.142794
0.371371 -0.124033
0.373373 -0.104076
0.375375 -0.0829251
0.377377 -0.0605788
0.379379 -0.0370389
0.381381 -0.0135694
0.383383 0.00872502
0.385385 0.0298443
0.387387 0.0497884
0.389389 0.0685574
0.391391 0.0861512
0.393393 0.10257
0.395395 0.117813
0.397397 0.131882
0.399399 0.144775
0.401401 0.156493
0.403403 0.167036
0.405405 0.176404
0.407407 0.184597
0.409409 0.191614
0.411411 0.197456
0.413413 0.202124
0.415415 0.205616
0.417417 0.207933
0.419419 0.209074
0.421421 0.209041
0.423423 0.207833
0.425425 0.205449
0.427427 0.20189
0.429429 0.197156
0.431431 0.191247
0.433433 0.184163
0.435435 0.175904
0.437437 0.166469
0.439439 0.15586
0.441441 0.144075
0.443443 0.131115
0.445445 0.11698
0.447447 0.10167
0.449449 0.0855916
0.451451 0.0705069
0.453453 0.0566185
0.455455 0.0439262
0.457457 0.0324303
0.459459 0.0221305
0.461461 0.013027
0.463463 0.00511976
0.465465 -0.00159126
0.467467 -0.00710604
0.469469 -0.0114246
0.471471 -0.0145469
0.473473 -0.0164729
0.475475 -0.0172028
0.477477 -0.0167364
0.479479 -0.0150737
0.481481 -0.0122148
0.483483 -0.00815967
0.485485 -0.0029083
0.487487 0.00353931
0.489489 0.0111832
0.491491 0.0200233
0.493493 0.0300596
0.495495 0.0412922
0.497497 0.053721
0.499499 0.067346
0.501501 0.0821673
0.503503 0.0981848
0.505506 0.115399
0.507508 0.133809
0.50951 0.153415
0.511512 0.174217
0.513514 0.196216
0.515516 0.219411
0.517518 0.24378
0.51952 0.267855
0.521522 0.290758
0.523524 0.312486
0.525526 0.333041
0.527528 0.352423
0.52953 0.370631
0.531532 0.387665
0.533534 0.403526
0.535536 0.418213
0.537538 0.431727
0.53954 0.444068
0.541542 0.455234
0.543544 0.465227
0.545546 0.474047
0.547548 0.481693
0.54955 0.488166
0.551552 0.493465
0.553554 0.49759
0.555556 0.500542
0.557558 0.502321
0.55956 0.502926
0.561562 0.502357
0.563564 0.500615
0.565566 0.497699
0.567568 0.49361
0.56957 0.488347
0.571572 0.48191
0.573574 0.474301
0.575576 0.465517
0.577578 0.45556
0.57958 0.44443
0.581582 0.432125
0.583584 0.418648
0.585586 0.403997
0.587588 0.388736
0.58959 0.37456
0.591592 0.361582
0.593594 0.349803
0.595596 0.339222
0.597598 0.329839
0.5996 0.321656
0.601602 0.31467
0.603604 0.308883
0.605606 0.304295
0.607608 0.300905
0.60961 0.298714
0.611612 0.297721
0.613614 0.297927
0.615616 0.299331
0.617618 0.301934
0.61962 0.305735
0.621622 0.310735
0.623624 0.316933
0.625626 0.324329
0.627628 0.332925
0.62963 0.342718
0.631632 0.353711
0.633634 0.365901
0.635636 0.37929
0.637638 0.393878
0.63964 0.409664
0.641642 0.426649
0.643644 0.444832
0.645646 0.464214
0.647648 0.484794
0.64965 0.506573
0.651652 0.52955
0.653654 0.553726
0.655656 0.579031
0.657658 0.603848
0.65966 0.627494
0.661662 0.649971
0.663664 0.671277
0.665666 0.691413
0.667668 0.710379
0.66967 0.728175
0.671672 0.744801
0.673674 0.760257
0.675676 0.774542
0.677678 0.787658
0.67968 0.799603
0.681682 0.810379
0.683684 0.819984
0.685686 0.828419
0.687688 0.835684
0.68969 0.841779
0.691692 0.846703
0.693694 0.850458
0.695696 0.853043
0.697698 0.854457
0.6997 0.854701
0.701702 0.853775
0.703704 0.851679
0.705706 0.848413
0.707708 0.843977
0.70971 0.838371
0.711712 0.831594
0.713714 0.823648
0.715716 0.814531
0.717718 0.804245
0.71972 0.792788
0.721722 0.780161
0.723724 0.766364
0.725726 0.752143
0.727728 0.739076
0.72973 0.727213
0.731732 0.716555
0.733734 0.7071
0.735736 0.69885
0.737738 0.691804
0.73974 0.685963
0.741742 0.681325
0.743744 0.677892
0.745746 0.675663
0.747748 0.674638
0.74975 0.674818
0.751752 0.676202
0.753754 0.67879
0.755756 0.682582
0.757758 0.687578
0.75976 0.693779
0.761762 0.701184
0.763764 0.709793
0.765766 0.719606
0.767768 0.730624
0.76977 0.742846
0.771772 0.756272
0.773774 0.770902
0.775776 0.786737
0.777778 0.803775
0.77978 0.822018
0.781782 0.841466
0.783784 0.862117
0.785786 0.883973
0.787788 0.907033
0.78979 0.931297
0.791792 0.956765
0.793794 0.983297
0.795796 1.00918
0.797798 1.0339
0.7998 1.05746
0.801802 1.07986
0.803804 1.10111
0.805806 1.12119
0.807808 1.14012
0.80981 1.15789
0.811812 1.1745
0.813814 1.18995
0.815816 1.20424
0.817818 1.21737
0.81982 1.22934
0.821822 1.24016
0.823824 1.24981
0.825826 1.25831
0.827828 1.26564
0.82983 1.27182
0.831832 1.27684
0.833834 1.2807
0.835836 1.2834
0.837838 1.28494
0.83984 1.28533
0.841842 1.28455
0.843844 1.28262
0.845846 1.27952
0.847848 1.27527
0.84985 1.26986
0.851852 1.26329
0.853854 1.25556
0.855856 1.24667
0.857858 1.23662
0.85986 1.22542
0.861862 1.21305
0.863864 1.20049
0.865866 1.18914
0.867868 1.17903
0.86987 1.17016
0.871872 1.16251
0.873874 1.1561
0.875876 1.15093
0.877878 1.14698
0.87988 1.14427
0.881882 1.14279
0.883884 1.14255
0.885886 1.14353
0.887888 1.14575
0.88989 1.14921
0.891892 1.1539
0.893894 1.15982
0.895896 1.16697
0.897898 1.17535
0.8999 1.18497
0.901902 1.19583
0.903904 1.20791
0.905906 1.22123
0.907908 1.23578
0.90991 1.25156
0.911912 1.26858
0.913914 1.28683
0.915916 1.30632
0.917918 1.32703
0.91992 1.34898
0.921922 1.37217
0.923924 1.39658
0.925926 1.42223
0.927928 1.44911
0.92993 1.47723
0.931932 1.50637
0.933934 1.53497
0.935936 1.56272
0.937938 1.58961
0.93994 1.61565
0.941942 1.64084
0.943944 1.66517
0.945946 1.68865
0.947948 1.71128
0.94995 1.73305
0.951952 1.75397
0.953954 1.77403
0.955956 1.79324
0.957958 1.8116
0.95996 1.8291
0.961962 1.84575
0.963964 1.86154
0.965966 1.87649
0.967968 1.89057
0.96997 1.90381
0.971972 1.91619
0.973974 1.92771
0.975976 1.93839
0.977978 1.9482
0.97998 1.95717
0.981982 1.96528
0.983984 1.97254
0.985986 1.97894
0.987988 1.98449
0.98999 1.98919
0.991992 1.99303
0.993994 1.99602
0.995996 1.99815
0.997998 1.99943
1 1.99986
