-1 -1.14145
-0.997998 -1.14131
-0.995996 -1.14117
-0.993994 -1.14103
-0.991992 -1.14089
-0.98999 -1.14074
-0.987988 -1.1406
-0.985986 -1.14046
-0.983984 -1.14032
-0.981982 -1.14018
-0.97998 -1.14003
-0.977978 -1.13989
-0.975976 -1.13975
-0.973974 -1.1396
-0.971972 -1.13946
-0.96997 -1.13932
-0.967968 -1.13917
-0.965966 -1.13903
-0.963964 -1.13888
-0.961962 -1.13874
-0.95996 -1.13859
-0.957958 -1.13844
-0.955956 -1.1383
-0.953954 -1.13815
-0.951952 -1.138
-0.94995 -1.13785
-0.947948 -1.1377
-0.945946 -1.13755
-0.943944 -1.1374
-0.941942 -1.13725
-0.93994 -1.1371
-0.937938 -1.13695
-0.935936 -1.13679
-0.933934 -1.13664
-0.931932 -1.13648
-0.92993 -1.13633
-0.927928 -1.13617
-0.925926 -1.13601
-0.923924 -1.13586
-0.921922 -1.1357
-0.91992 -1.13554
-0.917918 -1.13538
-0.915916 -1.13521
-0.913914 -1.13505
-0.911912 -1.13489
-0.90991 -1.13472
-0.907908 -1.13455
-0.905906 -1.13439
-0.903904 -1.13422
-0.901902 -1.13405
-0.8999 -1.13388
-0.897898 -1.13371
-0.895896 -1.13353
-0.893894 -1.13336
-0.891892 -1.13318
-0.88989 -1.133
-0.887888 -1.13283
-0.885886 -1.13265
-0.883884 -1.13246
-0.881882 -1.13228
-0.87988 -1.1321
-0.877878 -1.13191
-0.875876 -1.13173
-0.873874 -1.13154
-0.871872 -1.13135
-0.86987 -1.13116
-0.867868 -1.13096
-0.865866 -1.13077
-0.863864 -1.13057
-0.861862 -1.13037
-0.85986 -1.13017
-0.857858 -1.12997
-0.855856 -1.12977
-0.853854 -1.12956
-0.851852 -1.12936
-0.84985 -1.12915
-0.847848 -1.12894
-0.845846 -1.12873
-0.843844 -1.12851
-0.841842 -1.1283
-0.83984 -1.12808
-0.837838 -1.12786
-0.835836 -1.12764
-0.833834 -1.12742
-0.831832 -1.12719
-0.82983 -1.12696
-0.827828 -1.12673
-0.825826 -1.1265
-0.823824 -1.12627
-0.821822 -1.12603
-0.81982 -1.1258
-0.817818 -1.12556
-0.815816 -1.12531
-0.813814 -1.12507
-0.811812 -1.12482
-0.80981 -1.12457
-0.807808 -1.12432
-0.805806 -1.12407
-0.803804 -1.12381
-0.801802 -1.12355
-0.7998 -1.12329
-0.797798 -1.12303
-0.795796 -1.12277
-0.793794 -1.1225
-0.791792 -1.12223
-0.78979 -1.12195
-0.787788 -1.12168
-0.785786 -1.1214
-0.783784 -1.12112
-0.781782 -1.12084
-0.77978 -1.12055
-0.777778 -1.12026
-0.775776 -1.11997
-0.773774 -1.11968
-0.771772 -1.11938
-0.76977 -1.11908
-0.767768 -1.11878
-0.765766 -1.11848
-0.763764 -1.11817
-0.761762 -1.11786
-0.75976 -1.11754
-0.757758 -1.11723
-0.755756 -1.11691
-0.753754 -1.11659
-0.751752 -1.11626
-0.74975 -1.11593
-0.747748 -1.1156
-0.745746 -1.11527
-0.743744 -1.11493
-0.741742 -1.11459
-0.73974 -1.11425
-0.737738 -1.1139
-0.735736 -1.11355
-0.733734 -1.1132
-0.731732 -1.11284
-0.72973 -1.11248
-0.727728 -1.11212
-0.725726 -1.11176
-0.723724 -1.11139
-0.721722 -1.11101
-0.71972 -1.11064
-0.717718 -1.11026
-0.715716 -1.10988
-0.713714 -1.10949
-0.711712 -1.1091
-0.70971 -1.10871
-0.707708 -1.10831
-0.705706 -1.10791
-0.703704 -1.10751
-0.701702 -1.1071
-0.6997 -1.10669
-0.697698 -1.10628
-0.695696 -1.10586
-0.693694 -1.10544
-0.691692 -1.10501
-0.68969 -1.10459
-0.687688 -1.10415
-0.685686 -1.10372
-0.683684 -1.10328
-0.681682 -1.10283
-0.67968 -1.10239
-0.677678 -1.10193
-0.675676 -1.10148
-0.673674 -1.10102
-0.671672 -1.10056
-0.66967 -1.10009
-0.667668 -1.09962
-0.665666 -1.09914
-0.663664 -1.09866
-0.661662 -1.09818
-0.65966 -1.09769
-0.657658 -1.0972
-0.655656 -1.09671
-0.653654 -1.09621
-0.651652 -1.0957
-0.64965 -1.0952
-0.647648 -1.09468
-0.645646 -1.09417
-0.643644 -1.09365
-0.641642 -1.09312
-0.63964 -1.09259
-0.637638 -1.09206
-0.635636 -1.09152
-0.633634 -1.09098
-0.631632 -1.09043
-0.62963 -1.08988
-0.627628 -1.08932
-0.625626 -1.08876
-0.623624 -1.0882
-0.621622 -1.08763
-0.61962 -1.08706
-0.617618 -1.08648
-0.615616 -1.0859
-0.613614 -1.08531
-0.611612 -1.08472
-0.60961 -1.08412
-0.607608 -1.08352
-0.605606 -1.08291
-0.603604 -1.0823
-0.601602 -1.08169
-0.5996 -1.08106
-0.597598 -1.08044
-0.595596 -1.07981
-0.593594 -1.07917
-0.591592 -1.07853
-0.58959 -1.07789
-0.587588 -1.07724
-0.585586 -1.07659
-0.583584 -1.07593
-0.581582 -1.07526
-0.57958 -1.07459
-0.577578 -1.07392
-0.575576 -1.07324
-0.573574 -1.07255
-0.571572 -1.07186
-0.56957 -1.07117
-0.567568 -1.07047
-0.565566 -1.06976
-0.563564 -1.06905
-0.561562 -1.06833
-0.55956 -1.06761
-0.557558 -1.06689
-0.555556 -1.06615
-0.553554 -1.06542
-0.551552 -1.06467
-0.54955 -1.06393
-0.547548 -1.06317
-0.545546 -1.06241
-0.543544 -1.06165
-0.541542 -1.06088
-0.53954 -1.0601
-0.537538 -1.05932
-0.535536 -1.05854
-0.533534 -1.05774
-0.531532 -1.05695
-0.52953 -1.05614
-0.527528 -1.05533
-0.525526 -1.05452
-0.523524 -1.0537
-0.521522 -1.05287
-0.51952 -1.05204
-0.517518 -1.0512
-0.515516 -1.05036
-0.513514 -1.04951
-0.511512 -1.04866
-0.50951 -1.04779
-0.507508 -1.04693
-0.505506 -1.04605
-0.503503 -1.04518
-0.501501 -1.04429
-0.499499 -1.0434
-0.497497 -1.0425
-0.495495 -1.0416
-0.493493 -1.04069
-0.491491 -1.03978
-0.489489 -1.03886
-0.487487 -1.03793
-0.485485 -1.037
-0.483483 -1.03606
-0.481481 -1.03511
-0.479479 -1.03416
-0.477477 -1.0332
-0.475475 -1.03224
-0.473473 -1.03127
-0.471471 -1.03029
-0.469469 -1.0293
-0.467467 -1.02831
-0.465465 -1.02732
-0.463463 -1.02632
-0.461461 -1.02531
-0.459459 -1.02429
-0.457457 -1.02327
-0.455455 -1.02224
-0.453453 -1.0212
-0.451451 -1.02016
-0.449449 -1.01911
-0.447447 -1.01806
-0.445445 -1.017
-0.443443 -1.01593
-0.441441 -1.01485
-0.439439 -1.01377
-0.437437 -1.01268
-0.435435 -1.01159
-0.433433 -1.01049
-0.431431 -1.00938
-0.429429 -1.00826
-0.427427 -1.00714
-0.425425 -1.00601
-0.423423 -1.00487
-0.421421 -1.00373
-0.419419 -1.00258
-0.417417 -1.00142
-0.415415 -1.00026
-0.413413 -0.999089
-0.411411 -0.99791
-0.409409 -0.996725
-0.407407 -0.995532
-0.405405 -0.994333
-0.403403 -0.993126
-0.401401 -0.991912
-0.399399 -0.990691
-0.397397 -0.989463
-0.395395 -0.988227
-0.393393 -0.986985
-0.391391 -0.985734
-0.389389 -0.984477
-0.387387 -0.983212
-0.385385 -0.98194
-0.383383 -0.98066
-0.381381 -0.979374
-0.379379 -0.978079
-0.377377 -0.976777
-0.375375 -0.975468
-0.373373 -0.974151
-0.371371 -0.972827
-0.369369 -0.971495
-0.367367 -0.970155
-0.365365 -0.968808
-0.363363 -0.967453
-0.361361 -0.966091
-0.359359 -0.964721
-0.357357 -0.963343
-0.355355 -0.961957
-0.353353 -0.960564
-0.351351 -0.959163
-0.349349 -0.957754
-0.347347 -0.956338
-0.345345 -0.954913
-0.343343 -0.953481
-0.341341 -0.95204
-0.339339 -0.950592
-0.337337 -0.949136
-0.335335 -0.947672
-0.333333 -0.9462
-0.331331 -0.94472
-0.329329 -0.943232
-0.327327 -0.941735
-0.325325 -0.940231
-0.323323 -0.938719
-0.321321 -0.937198
-0.319319 -0.935669
-0.317317 -0.934132
-0.315315 -0.932587
-0.313313 -0.931034
-0.311311 -0.929472
-0.309309 -0.927902
-0.307307 -0.926324
-0.305305 -0.924738
-0.303303 -0.923143
-0.301301 -0.921539
-0.299299 -0.919928
-0.297297 -0.918308
-0.295295 -0.916679
-0.293293 -0.915042
-0.291291 -0.913397
-0.289289 -0.911743
-0.287287 -0.91008
-0.285285 -0.908409
-0.283283 -0.906729
-0.281281 -0.905041
-0.279279 -0.903344
-0.277277 -0.901638
-0.275275 -0.899924
-0.273273 -0.898201
-0.271271 -0.896469
-0.269269 -0.894728
-0.267267 -0.892979
-0.265265 -0.891221
-0.263263 -0.889454
-0.261261 -0.887678
-0.259259 -0.885893
-0.257257 -0.8841
-0.255255 -0.882297
-0.253253 -0.880485
-0.251251 -0.878665
-0.249249 -0.876835
-0.247247 -0.874997
-0.245245 -0.873149
-0.243243 -0.871293
-0.241241 -0.869427
-0.239239 -0.867552
-0.237237 -0.865668
-0.235235 -0.863775
-0.233233 -0.861872
-0.231231 -0.859961
-0.229229 -0.85804
-0.227227 -0.85611
-0.225225 -0.85417
-0.223223 -0.852222
-0.221221 -0.850263
-0.219219 -0.848296
-0.217217 -0.846319
-0.215215 -0.844333
-0.213213 -0.842337
-0.211211 -0.840332
-0.209209 -0.838317
-0.207207 -0.836293
-0.205205 -0.83426
-0.203203 -0.832216
-0.201201 -0.830164
-0.199199 -0.828101
-0.197197 -0.826029
-0.195195 -0.823947
-0.193193 -0.821856
-0.191191 -0.819755
-0.189189 -0.817644
-0.187187 -0.815524
-0.185185 -0.813393
-0.183183 -0.811253
-0.181181 -0.809103
-0.179179 -0.806944
-0.177177 -0.804774
-0.175175 -0.802594
-0.173173 -0.800405
-0.171171 -0.798205
-0.169169 -0.795996
-0.167167 -0.793777
-0.165165 -0.791547
-0.163163 -0.789308
-0.161161 -0.787058
-0.159159 -0.784799
-0.157157 -0.782529
-0.155155 -0.780249
-0.153153 -0.777959
-0.151151 -0.775659
-0.149149 -0.773349
-0.147147 -0.771028
-0.145145 -0.768697
-0.143143 -0.766356
-0.141141 -0.764005
-0.139139 -0.761643
-0.137137 -0.759271
-0.135135 -0.756889
-0.133133 -0.754496
-0.131131 -0.752092
-0.129129 -0.749679
-0.127127 -0.747254
-0.125125 -0.74482
-0.123123 -0.742375
-0.121121 -0.739919
-0.119119 -0.737452
-0.117117 -0.734975
-0.115115 -0.732488
-0.113113 -0.72999
-0.111111 -0.727481
-0.109109 -0.724961
-0.107107 -0.722431
-0.105105 -0.71989
-0.103103 -0.717338
-0.101101 -0.714776
-0.0990991 -0.712202
-0.0970971 -0.709618
-0.0950951 -0.707023
-0.0930931 -0.704417
-0.0910911 -0.701801
-0.0890891 -0.699173
-0.0870871 -0.696534
-0.0850851 -0.693884
-0.0830831 -0.691224
-0.0810811 -0.688552
-0.0790791 -0.685869
-0.0770771 -0.683175
-0.0750751 -0.680471
-0.0730731 -0.677754
-0.0710711 -0.675027
-0.0690691 -0.672289
-0.0670671 -0.669539
-0.0650651 -0.666779
-0.0630631 -0.664007
-0.0610611 -0.661223
-0.0590591 -0.658429
-0.0570571 -0.655623
-0.0550551 -0.652806
-0.0530531 -0.649977
-0.0510511 -0.647137
-0.049049 -0.644286
-0.047047 -0.641423
-0.045045 -0.638549
-0.043043 -0.635663
-0.041041 -0.632766
-0.039039 -0.629857
-0.037037 -0.626937
-0.035035 -0.624005
-0.033033 -0.621061
-0.031031 -0.618106
-0.029029 -0.615139
-0.027027 -0.612161
-0.025025 -0.60917
-0.023023 -0.606169
-0.021021 -0.603155
-0.019019 -0.600129
-0.017017 -0.597092
-0.015015 -0.594043
-0.013013 -0.590982
-0.011011 -0.58791
-0.00900901 -0.584825
-0.00700701 -0.581728
-0.005005 -0.57862
-0.003003 -0.575499
-0.001001 -0.572367
0.001001 -0.569223
0.003003 -0.566066
0.005005 -0.562898
0.00700701 -0.559717
0.00900901 -0.556525
0.011011 -0.553321
0.013013 -0.550104
0.015015 -0.546876
0.017017 -0.543637
0.019019 -0.540385
0.021021 -0.537121
0.023023 -0.533846
0.025025 -0.530559
0.027027 -0.52726
0.029029 -0.52395
0.031031 -0.520628
0.033033 -0.517294
0.035035 -0.513949
0.037037 -0.510592
0.039039 -0.507223
0.041041 -0.503843
0.043043 -0.500451
0.045045 -0.497048
0.047047 -0.493634
0.049049 -0.490207
0.0510511 -0.48677
0.0530531 -0.483321
0.0550551 -0.479861
0.0570571 -0.476389
0.0590591 -0.472906
0.0610611 -0.469412
0.0630631 -0.465906
0.0650651 -0.462389
0.0670671 -0.458861
0.0690691 -0.455322
0.0710711 -0.451771
0.0730731 -0.448209
0.0750751 -0.444636
0.0770771 -0.441052
0.0790791 -0.437457
0.0810811 -0.433851
0.0830831 -0.430234
0.0850851 -0.426606
0.0870871 -0.422967
0.0890891 -0.419316
0.0910911 -0.415655
0.0930931 -0.411983
0.0950951 -0.4083
0.0970971 -0.404606
0.0990991 -0.400902
0.101101 -0.397186
0.103103 -0.39346
0.105105 -0.389722
0.107107 -0.385974
0.109109 -0.382216
0.111111 -0.378446
0.113113 -0.374666
0.115115 -0.370876
0.117117 -0.367074
0.119119 -0.363262
0.121121 -0.35944
0.123123 -0.355607
0.125125 -0.351763
0.127127 -0.347909
0.129129 -0.344044
0.131131 -0.340169
0.133133 -0.336283
0.135135 -0.332387
0.137137 -0.328481
0.139139 -0.324564
0.141141 -0.320637
0.143143 -0.316699
0.145145 -0.312752
0.147147 -0.308794
0.149149 -0.304825
0.151151 -0.300847
0.153153 -0.296858
0.155155 -0.292859
0.157157 -0.28885
0.159159 -0.284831
0.161161 -0.280801
0.163163 -0.276762
0.165165 -0.272712
0.167167 -0.268653
0.169169 -0.264583
0.171171 -0.260504
0.173173 -0.256414
0.175175 -0.252315
0.177177 -0.248205
0.179179 -0.244086
0.181181 -0.239957
0.183183 -0.235818
0.185185 -0.231669
0.187187 -0.227511
0.189189 -0.223342
0.191191 -0.219164
0.193193 -0.214976
0.195195 -0.210779
0.197197 -0.206572
0.199199 -0.202355
0.201201 -0.198128
0.203203 -0.193892
0.205205 -0.189647
0.207207 -0.185391
0.209209 -0.181127
0.211211 -0.176852
0.213213 -0.172568
0.215215 -0.168275
0.217217 -0.163973
0.219219 -0.159661
0.221221 -0.155339
0.223223 -0.151008
0.225225 -0.146668
0.227227 -0.142319
0.229229 -0.13796
0.231231 -0.133592
0.233233 -0.129214
0.235235 -0.124828
0.237237 -0.120432
0.239239 -0.116027
0.241241 -0.111613
0.243243 -0.10719
0.245245 -0.102758
0.247247 -0.0983167
0.249249 -0.0938663
0.251251 -0.0894069
0.253253 -0.0849385
0.255255 -0.0804612
0.257257 -0.0759748
0.259259 -0.0714796
0.261261 -0.0669754
0.263263 -0.0624623
0.265265 -0.0579404
0.267267 -0.0534097
0.269269 -0.0488701
0.271271 -0.0443218
0.273273 -0.0397647
0.275275 -0.0351988
0.277277 -0.0306243
0.279279 -0.026041
0.281281 -0.0214491
0.283283 -0.0168486
0.285285 -0.0122394
0.287287 -0.00762165
0.289289 -0.00299531
0.291291 0.00163957
0.293293 0.00628297
0.295295 0.0109349
0.297297 0.0155952
0.299299 0.0202641
0.301301 0.0249413
0.303303 0.029627
0.305305 0.034321
0.307307 0.0390234
0.309309 0.0437341
0.311311 0.0484531
0.313313 0.0531804
0.315315 0.0579159
0.317317 0.0626597
0.319319 0.0674117
0.321321 0.0721719
0.323323 0.0769402
0.325325 0.0817167
0.327327 0.0865013
0.329329 0.0912939
0.331331 0.0960947
0.333333 0.100903
0.335335 0.10572
0.337337 0.110545
0.339339 0.115378
0.341341 0.120218
0.343343 0.125067
0.345345 0.129924
0.347347 0.134788
0.349349 0.13966
0.351351 0.14454
0.353353 0.149428
0.355355 0.154324
0.357357 0.159227
0.359359 0.164138
0.361361 0.169057
0.363363 0.173984
0.365365 0.178918
0.367367 0.183859
0.369369 0.188809
0.371371 0.193766
0.373373 0.19873
0.375375 0.203702
0.377377 0.208682
0.379379 0.213669
0.381381 0.218664
0.383383 0.223666
0.385385 0.228675
0.387387 0.233692
0.389389 0.238716
0.391391 0.243747
0.393393 0.248786
0.395395 0.253832
0.397397 0.258885
0.399399 0.263946
0.401401 0.269014
0.403403 0.274089
0.405405 0.279171
0.407407 0.28426
0.409409 0.289357
0.411411 0.29446
0.413413 0.299571
0.415415 0.304689
0.417417 0.309813
0.419419 0.314945
0.421421 0.320084
0.423423 0.32523
0.425425 0.330382
0.427427 0.335542
0.429429 0.340708
0.431431 0.345881
0.433433 0.351061
0.435435 0.356248
0.437437 0.361442
0.439439 0.366642
0.441441 0.37185
0.443443 0.377064
0.445445 0.382284
0.447447 0.387511
0.449449 0.392745
0.451451 0.397986
0.453453 0.403233
0.455455 0.408487
0.457457 0.413747
0.459459 0.419014
0.461461 0.424287
0.463463 0.429567
0.465465 0.434853
0.467467 0.440146
0.469469 0.445445
0.471471 0.45075
0.473473 0.456062
0.475475 0.46138
0.477477 0.466704
0.479479 0.472035
0.481481 0.477372
0.483483 0.482715
0.485485 0.488065
0.487487 0.49342
0.489489 0.498782
0.491491 0.50415
0.493493 0.509524
0.495495 0.514904
0.497497 0.52029
0.499499 0.525682
0.501501 0.53108
0.503503 0.536485
0.505506 0.541895
0.507508 0.547311
0.50951 0.552733
0.511512 0.558161
0.513514 0.563595
0.515516 0.569034
0.517518 0.57448
0.51952 0.579931
0.521522 0.585388
0.523524 0.590851
0.525526 0.596319
0.527528 0.601794
0.52953 0.607274
0.531532 0.612759
0.533534 0.61825
0.535536 0.623747
0.537538 0.62925
0.53954 0.634758
0.541542 0.640271
0.543544 0.64579
0.545546 0.651315
0.547548 0.656845
0.54955 0.66238
0.551552 0.667921
0.553554 0.673467
0.555556 0.679019
0.557558 0.684576
0.55956 0.690138
0.561562 0.695706
0.563564 0.701278
0.565566 0.706856
0.567568 0.71244
0.56957 0.718028
0.571572 0.723622
0.573574 0.729221
0.575576 0.734825
0.577578 0.740434
0.57958 0.746048
0.581582 0.751667
0.583584 0.757291
0.585586 0.762921
0.587588 0.768555
0.58959 0.774194
0.591592 0.779838
0.593594 0.785487
0.595596 0.791141
0.597598 0.7968
0.5996 0.802463
0.601602 0.808132
0.603604 0.813805
0.605606 0.819483
0.607608 0.825166
0.60961 0.830853
0.611612 0.836545
0.613614 0.842242
0.615616 0.847943
0.617618 0.853649
0.61962 0.85936
0.621622 0.865075
0.623624 0.870795
0.625626 0.876519
0.627628 0.882248
0.62963 0.887982
0.631632 0.893719
0.633634 0.899462
0.635636 0.905208
0.637638 0.910959
0.63964 0.916714
0.641642 0.922474
0.643644 0.928238
0.645646 0.934006
0.647648 0.939779
0.64965 0.945555
0.651652 0.951336
0.653654 0.957122
0.655656 0.962911
0.657658 0.968704
0.65966 0.974502
0.661662 0.980304
0.663664 0.986109
0.665666 0.991919
0.667668 0.997733
0.66967 1.00355
0.671672 1.00937
0.673674 1.0152
0.675676 1.02103
0.677678 1.02686
0.67968 1.0327
0.681682 1.03854
0.683684 1.04438
0.685686 1.05023
0.687688 1.05609
0.68969 1.06194
0.691692 1.0678
0.693694 1.07367
0.695696 1.07953
0.697698 1.08541
0.6997 1.09128
0.701702 1.09716
0.703704 1.10304
0.705706 1.10893
0.707708 1.11482
0.70971 1.12071
0.711712 1.1266
0.713714 1.1325
0.715716 1.13841
0.717718 1.14431
0.71972 1.15022
0.721722 1.15614
0.723724 1.16205
0.725726 1.16797
0.727728 1.1739
0.72973 1.17982
0.731732 1.18575
0.733734 1.19169
0.735736 1.19762
0.737738 1.20356
0.73974 1.2095
0.741742 1.21545
0.743744 1.2214
0.745746 1.22735
0.747748 1.2333
0.74975 1.23926
0.751752 1.24522
0.753754 1.25119
0.755756 1.25715
0.757758 1.26312
0.75976 1.2691
0.761762 1.27507
0.763764 1.28105
0.765766 1.28703
0.767768 1.29302
0.76977 1.299
0.771772 1.30499
0.773774 1.31098
0.775776 1.31698
0.777778 1.32298
0.77978 1.32898
0.781782 1.33498
0.783784 1.34099
0.785786 1.347
0.787788 1.35301
0.78979 1.35902
0.791792 1.36504
0.793794 1.37105
0.795796 1.37708
0.797798 1.3831
0.7998 1.38912
0.801802 1.39515
0.803804 1.40118
0.805806 1.40722
0.807808 1.41325
0.80981 1.41929
0.811812 1.42533
0.813814 1.43137
0.815816 1.43742
0.817818 1.44346
0.81982 1.44951
0.821822 1.45556
0.823824 1.46162
0.825826 1.46767
0.827828 1.47373
0.82983 1.47979
0.831832 1.48585
0.833834 1.49191
0.835836 1.49798
0.837838 1.50405
0.83984 1.51012
0.841842 1.51619
0.843844 1.52226
0.845846 1.52834
0.847848 1.53441
0.84985 1.54049
0.851852 1.54657
0.853854 1.55265
0.855856 1.55874
0.857858 1.56483
0.85986 1.57091
0.861862 1.577
0.863864 1.58309
0.865866 1.58919
0.867868 1.59528
0.86987 1.60138
0.871872 1.60747
0.873874 1.61357
0.875876 1.61967
0.877878 1.62577
0.87988 1.63188
0.881882 1.63798
0.883884 1.64409
0.885886 1.6502
0.887888 1.65631
0.88989 1.66242
0.891892 1.66853
0.893894 1.67464
0.895896 1.68075
0.897898 1.68687
0.8999 1.69299
0.901902 1.69911
0.903904 1.70522
0.905906 1.71134
0.907908 1.71747
0.90991 1.72359
0.911912 1.72971
0.913914 1.73584
0.915916 1.74196
0.917918 1.74809
0.91992 1.75422
0.921922 1.76035
0.923924 1.76648
0.925926 1.77261
0.927928 1.77874
0.92993 1.78487
0.931932 1.791
0.933934 1.79714
0.935936 1.80327
0.937938 1.80941
0.93994 1.81554
0.941942 1.82168
0.943944 1.82782
0.945946 1.83396
0.947948 1.8401
0.94995 1.84623
0.951952 1.85238
0.953954 1.85852
0.955956 1.86466
0.957958 1.8708
0.95996 1.87694
0.961962 1.88308
0.963964 1.88923
0.965966 1.89537
0.967968 1.90152
0.96997 1.90766
0.971972 1.91381
0.973974 1.91995
0.975976 1.9261
0.977978 1.93224
0.97998 1.93839
0.981982 1.94453
0.983984 1.95068
0.985986 1.95683
0.987988 1.96297
0.98999 1.96912
0.991992 1.97527
0.993994 1.98142
0.995996 1.98756
0.997998 1.99371
1 1.99986
