-1 -1.14145
-0.997998 -1.13292
-0.995996 -1.1244
-0.993994 -1.1159
-0.991992 -1.10742
-0.98999 -1.09897
-0.987988 -1.09056
-0.985986 -1.0822
-0.983984 -1.07389
-0.981982 -1.06565
-0.97998 -1.05748
-0.977978 -1.04938
-0.975976 -1.04137
-0.973974 -1.03346
-0.971972 -1.02565
-0.96997 -1.01794
-0.967968 -1.01036
-0.965966 -1.0029
-0.963964 -0.995577
-0.961962 -0.988394
-0.95996 -0.98136
-0.957958 -0.974483
-0.955956 -0.967772
-0.953954 -0.961233
-0.951952 -0.954875
-0.94995 -0.948706
-0.947948 -0.942733
-0.945946 -0.936965
-0.943944 -0.931409
-0.941942 -0.926072
-0.93994 -0.920964
-0.937938 -0.916092
-0.935936 -0.911463
-0.933934 -0.907086
-0.931932 -0.902968
-0.92993 -0.899117
-0.927928 -0.895532
-0.925926 -0.892203
-0.923924 -0.889121
-0.921922 -0.886279
-0.91992 -0.883666
-0.917918 -0.881273
-0.915916 -0.879092
-0.913914 -0.877113
-0.911912 -0.875327
-0.90991 -0.873725
-0.907908 -0.872299
-0.905906 -0.871039
-0.903904 -0.869935
-0.901902 -0.86898
-0.8999 -0.868163
-0.897898 -0.867476
-0.895896 -0.86691
-0.893894 -0.866456
-0.891892 -0.866104
-0.88989 -0.865846
-0.887888 -0.865673
-0.885886 -0.865574
-0.883884 -0.865542
-0.881882 -0.865568
-0.87988 -0.865642
-0.877878 -0.865754
-0.875876 -0.865897
-0.873874 -0.866061
-0.871872 -0.866237
-0.86987 -0.866416
-0.867868 -0.866589
-0.865866 -0.866747
-0.863864 -0.86688
-0.861862 -0.86698
-0.85986 -0.86704
-0.857858 -0.867061
-0.855856 -0.867044
-0.853854 -0.866991
-0.851852 -0.866904
-0.84985 -0.866785
-0.847848 -0.866635
-0.845846 -0.866457
-0.843844 -0.866253
-0.841842 -0.866023
-0.83984 -0.86577
-0.837838 -0.865496
-0.835836 -0.865203
-0.833834 -0.864892
-0.831832 -0.864565
-0.82983 -0.864224
-0.827828 -0.863871
-0.825826 -0.863507
-0.823824 -0.863135
-0.821822 -0.862756
-0.81982 -0.862373
-0.817818 -0.861986
-0.815816 -0.861598
-0.813814 -0.86121
-0.811812 -0.860825
-0.80981 -0.860444
-0.807808 -0.860069
-0.805806 -0.859702
-0.803804 -0.859344
-0.801802 -0.858998
-0.7998 -0.858665
-0.797798 -0.858347
-0.795796 -0.858046
-0.793794 -0.857763
-0.791792 -0.857501
-0.78979 -0.85726
-0.787788 -0.857039
-0.785786 -0.856837
-0.783784 -0.856653
-0.781782 -0.856488
-0.77978 -0.856339
-0.777778 -0.856207
-0.775776 -0.85609
-0.773774 -0.855989
-0.771772 -0.855901
-0.76977 -0.855827
-0.767768 -0.855766
-0.765766 -0.855717
-0.763764 -0.85568
-0.761762 -0.855653
-0.75976 -0.855636
-0.757758 -0.855628
-0.755756 -0.855629
-0.753754 -0.855637
-0.751752 -0.855653
-0.74975 -0.855675
-0.747748 -0.855702
-0.745746 -0.855735
-0.743744 -0.855771
-0.741742 -0.855812
-0.73974 -0.855855
-0.737738 -0.8559
-0.735736 -0.855946
-0.733734 -0.855993
-0.731732 -0.85604
-0.72973 -0.856086
-0.727728 -0.85613
-0.725726 -0.856173
-0.723724 -0.856212
-0.721722 -0.856248
-0.71972 -0.85628
-0.717718 -0.85631
-0.715716 -0.856335
-0.713714 -0.856358
-0.711712 -0.856378
-0.70971 -0.856394
-0.707708 -0.856408
-0.705706 -0.856418
-0.703704 -0.856426
-0.701702 -0.856431
-0.6997 -0.856433
-0.697698 -0.856433
-0.695696 -0.85643
-0.693694 -0.856425
-0.691692 -0.856418
-0.68969 -0.856408
-0.687688 -0.856396
-0.685686 -0.856382
-0.683684 -0.856365
-0.681682 -0.856347
-0.67968 -0.856327
-0.677678 -0.856305
-0.675676 -0.856282
-0.673674 -0.856256
-0.671672 -0.856229
-0.66967 -0.856201
-0.667668 -0.856171
-0.665666 -0.85614
-0.663664 -0.856107
-0.661662 -0.856073
-0.65966 -0.856038
-0.657658 -0.856002
-0.655656 -0.855965
-0.653654 -0.855927
-0.651652 -0.855889
-0.64965 -0.855849
-0.647648 -0.855808
-0.645646 -0.855765
-0.643644 -0.855722
-0.641642 -0.855677
-0.63964 -0.85563
-0.637638 -0.855582
-0.635636 -0.855533
-0.633634 -0.855481
-0.631632 -0.855428
-0.62963 -0.855373
-0.627628 -0.855315
-0.625626 -0.855256
-0.623624 -0.855194
-0.621622 -0.85513
-0.61962 -0.855064
-0.617618 -0.854996
-0.615616 -0.854924
-0.613614 -0.85485
-0.611612 -0.854774
-0.60961 -0.854694
-0.607608 -0.854612
-0.605606 -0.854527
-0.603604 -0.854438
-0.601602 -0.854347
-0.5996 -0.854252
-0.597598 -0.854154
-0.595596 -0.854052
-0.593594 -0.853947
-0.591592 -0.853838
-0.58959 -0.853725
-0.587588 -0.853609
-0.585586 -0.853489
-0.583584 -0.853365
-0.581582 -0.853237
-0.57958 -0.853105
-0.577578 -0.852969
-0.575576 -0.852829
-0.573574 -0.852684
-0.571572 -0.852536
-0.56957 -0.852384
-0.567568 -0.852227
-0.565566 -0.852067
-0.563564 -0.851902
-0.561562 -0.851733
-0.55956 -0.85156
-0.557558 -0.851383
-0.555556 -0.851201
-0.553554 -0.851016
-0.551552 -0.850825
-0.54955 -0.850631
-0.547548 -0.850432
-0.545546 -0.850229
-0.543544 -0.850022
-0.541542 -0.84981
-0.53954 -0.849594
-0.537538 -0.849373
-0.535536 -0.849148
-0.533534 -0.848919
-0.531532 -0.848685
-0.52953 -0.848446
-0.527528 -0.848203
-0.525526 -0.847956
-0.523524 -0.847703
-0.521522 -0.847447
-0.51952 -0.847185
-0.517518 -0.846919
-0.515516 -0.846649
-0.513514 -0.846373
-0.511512 -0.846093
-0.50951 -0.845808
-0.507508 -0.845519
-0.505506 -0.845225
-0.503503 -0.844926
-0.501501 -0.844622
-0.499499 -0.844313
-0.497497 -0.843999
-0.495495 -0.843681
-0.493493 -0.843357
-0.491491 -0.843029
-0.489489 -0.842695
-0.487487 -0.842357
-0.485485 -0.842013
-0.483483 -0.841665
-0.481481 -0.841311
-0.479479 -0.840952
-0.477477 -0.840589
-0.475475 -0.84022
-0.473473 -0.839845
-0.471471 -0.839466
-0.469469 -0.839081
-0.467467 -0.838691
-0.465465 -0.838296
-0.463463 -0.837895
-0.461461 -0.837489
-0.459459 -0.837078
-0.457457 -0.836661
-0.455455 -0.836239
-0.453453 -0.835812
-0.451451 -0.835379
-0.449449 -0.83494
-0.447447 -0.834496
-0.445445 -0.834047
-0.443443 -0.833592
-0.441441 -0.833131
-0.439439 -0.832665
-0.437437 -0.832193
-0.435435 -0.831715
-0.433433 -0.831232
-0.431431 -0.830743
-0.429429 -0.830249
-0.427427 -0.829748
-0.425425 -0.829242
-0.423423 -0.828731
-0.421421 -0.828213
-0.419419 -0.82769
-0.417417 -0.827161
-0.415415 -0.826627
-0.413413 -0.826086
-0.411411 -0.82554
-0.409409 -0.824988
-0.407407 -0.824429
-0.405405 -0.823866
-0.403403 -0.823296
-0.401401 -0.82272
-0.399399 -0.822138
-0.397397 -0.821551
-0.395395 -0.820957
-0.393393 -0.820358
-0.391391 -0.819752
-0.389389 -0.819141
-0.387387 -0.818524
-0.385385 -0.8179
-0.383383 -0.81727
-0.381381 -0.816635
-0.379379 -0.815993
-0.377377 -0.815345
-0.375375 -0.814691
-0.373373 -0.814031
-0.371371 -0.813365
-0.369369 -0.812693
-0.367367 -0.812014
-0.365365 -0.811329
-0.363363 -0.810638
-0.361361 -0.809941
-0.359359 -0.809238
-0.357357 -0.808528
-0.355355 -0.807813
-0.353353 -0.80709
-0.351351 -0.806362
-0.349349 -0.805627
-0.347347 -0.804886
-0.345345 -0.804139
-0.343343 -0.803385
-0.341341 -0.802625
-0.339339 -0.801859
-0.337337 -0.801086
-0.335335 -0.800307
-0.333333 -0.799522
-0.331331 -0.79873
-0.329329 -0.797931
-0.327327 -0.797126
-0.325325 -0.796315
-0.323323 -0.795497
-0.321321 -0.794673
-0.319319 -0.793842
-0.317317 -0.793005
-0.315315 -0.792161
-0.313313 -0.791311
-0.311311 -0.790454
-0.309309 -0.789591
-0.307307 -0.788721
-0.305305 -0.787844
-0.303303 -0.786961
-0.301301 -0.786071
-0.299299 -0.785174
-0.297297 -0.784271
-0.295295 -0.783362
-0.293293 -0.782445
-0.291291 -0.781522
-0.289289 -0.780592
-0.287287 -0.779656
-0.285285 -0.778713
-0.283283 -0.777763
-0.281281 -0.776806
-0.279279 -0.775843
-0.277277 -0.774873
-0.275275 -0.773896
-0.273273 -0.772912
-0.271271 -0.771922
-0.269269 -0.770924
-0.267267 -0.76992
-0.265265 -0.76891
-0.263263 -0.767892
-0.261261 -0.766867
-0.259259 -0.765836
-0.257257 -0.764798
-0.255255 -0.763753
-0.253253 -0.762701
-0.251251 -0.761642
-0.249249 -0.760576
-0.247247 -0.759503
-0.245245 -0.758424
-0.243243 -0.757337
-0.241241 -0.756244
-0.239239 -0.755143
-0.237237 -0.754036
-0.235235 -0.752921
-0.233233 -0.7518
-0.231231 -0.750671
-0.229229 -0.749536
-0.227227 -0.748394
-0.225225 -0.747244
-0.223223 -0.746088
-0.221221 -0.744924
-0.219219 -0.743753
-0.217217 -0.742576
-0.215215 -0.741391
-0.213213 -0.740199
-0.211211 -0.739
-0.209209 -0.737794
-0.207207 -0.736581
-0.205205 -0.73536
-0.203203 -0.734133
-0.201201 -0.732898
-0.199199 -0.731657
-0.197197 -0.730408
-0.195195 -0.729152
-0.193193 -0.727888
-0.191191 -0.726618
-0.189189 -0.72534
-0.187187 -0.724055
-0.185185 -0.722763
-0.183183 -0.721464
-0.181181 -0.720157
-0.179179 -0.718843
-0.177177 -0.717522
-0.175175 -0.716194
-0.173173 -0.714858
-0.171171 -0.713515
-0.169169 -0.712165
-0.167167 -0.710807
-0.165165 -0.709442
-0.163163 -0.70807
-0.161161 -0.70669
-0.159159 -0.705304
-0.157157 -0.703909
-0.155155 -0.702508
-0.153153 -0.701099
-0.151151 -0.699682
-0.149149 -0.698259
-0.147147 -0.696827
-0.145145 -0.695389
-0.143143 -0.693943
-0.141141 -0.692489
-0.139139 -0.691029
-0.137137 -0.68956
-0.135135 -0.688085
-0.133133 -0.686601
-0.131131 -0.685111
-0.129129 -0.683613
-0.127127 -0.682107
-0.125125 -0.680594
-0.123123 -0.679073
-0.121121 -0.677545
-0.119119 -0.67601
-0.117117 -0.674466
-0.115115 -0.672916
-0.113113 -0.671357
-0.111111 -0.669792
-0.109109 -0.668218
-0.107107 -0.666637
-0.105105 -0.665049
-0.103103 -0.663453
-0.101101 -0.661849
-0.0990991 -0.660238
-0.0970971 -0.658619
-0.0950951 -0.656992
-0.0930931 -0.655358
-0.0910911 -0.653716
-0.0890891 -0.652067
-0.0870871 -0.65041
-0.0850851 -0.648745
-0.0830831 -0.647072
-0.0810811 -0.645392
-0.0790791 -0.643705
-0.0770771 -0.642009
-0.0750751 -0.640306
-0.0730731 -0.638595
-0.0710711 -0.636876
-0.0690691 -0.63515
-0.0670671 -0.633416
-0.0650651 -0.631674
-0.0630631 -0.629924
-0.0610611 -0.628167
-0.0590591 -0.626402
-0.0570571 -0.624629
-0.0550551 -0.622848
-0.0530531 -0.62106
-0.0510511 -0.619263
-0.049049 -0.617459
-0.047047 -0.615647
-0.045045 -0.613828
-0.043043 -0.612
-0.041041 -0.610165
-0.039039 -0.608321
-0.037037 -0.60647
-0.035035 -0.604611
-0.033033 -0.602744
-0.031031 -0.600869
-0.029029 -0.598987
-0.027027 -0.597096
-0.025025 -0.595198
-0.023023 -0.593291
-0.021021 -0.591377
-0.019019 -0.589455
-0.017017 -0.587525
-0.015015 -0.585586
-0.013013 -0.58364
-0.011011 -0.581686
-0.00900901 -0.579724
-0.00700701 -0.577754
-0.005005 -0.575776
-0.003003 -0.57379
-0.001001 -0.571796
0.001001 -0.569794
0.003003 -0.567784
0.005005 -0.565766
0.00700701 -0.56374
0.00900901 -0.561706
0.011011 -0.559664
0.013013 -0.557614
0.015015 -0.555555
0.017017 -0.553489
0.019019 -0.551414
0.021021 -0.549332
0.023023 -0.547241
0.025025 -0.545142
0.027027 -0.543036
0.029029 -0.540921
0.031031 -0.538797
0.033033 -0.536666
0.035035 -0.534527
0.037037 -0.532379
0.039039 -0.530223
0.041041 -0.528059
0.043043 -0.525887
0.045045 -0.523707
0.047047 -0.521519
0.049049 -0.519322
0.0510511 -0.517117
0.0530531 -0.514904
0.0550551 -0.512682
0.0570571 -0.510453
0.0590591 -0.508215
0.0610611 -0.505969
0.0630631 -0.503714
0.0650651 -0.501452
0.0670671 -0.499181
0.0690691 -0.496902
0.0710711 -0.494614
0.0730731 -0.492318
0.0750751 -0.490014
0.0770771 -0.487702
0.0790791 -0.485381
0.0810811 -0.483052
0.0830831 -0.480715
0.0850851 -0.478369
0.0870871 -0.476015
0.0890891 -0.473652
0.0910911 -0.471281
0.0930931 -0.468902
0.0950951 -0.466514
0.0970971 -0.464118
0.0990991 -0.461714
0.101101 -0.459301
0.103103 -0.456879
0.105105 -0.45445
0.107107 -0.452011
0.109109 -0.449565
0.111111 -0.44711
0.113113 -0.444646
0.115115 -0.442174
0.117117 -0.439693
0.119119 -0.437204
0.121121 -0.434707
0.123123 -0.432201
0.125125 -0.429686
0.127127 -0.427163
0.129129 -0.424631
0.131131 -0.422091
0.133133 -0.419542
0.135135 -0.416985
0.137137 -0.414419
0.139139 -0.411845
0.141141 -0.409262
0.143143 -0.40667
0.145145 -0.40407
0.147147 -0.401461
0.149149 -0.398843
0.151151 -0.396217
0.153153 -0.393582
0.155155 -0.390939
0.157157 -0.388287
0.159159 -0.385626
0.161161 -0.382956
0.163163 -0.380278
0.165165 -0.377591
0.167167 -0.374896
0.169169 -0.372191
0.171171 -0.369478
0.173173 -0.366757
0.175175 -0.364026
0.177177 -0.361287
0.179179 -0.358539
0.181181 -0.355782
0.183183 -0.353017
0.185185 -0.350243
0.187187 -0.347459
0.189189 -0.344668
0.191191 -0.341867
0.193193 -0.339057
0.195195 -0.336239
0.197197 -0.333412
0.199199 -0.330575
0.201201 -0.327731
0.203203 -0.324877
0.205205 -0.322014
0.207207 -0.319142
0.209209 -0.316262
0.211211 -0.313372
0.213213 -0.310474
0.215215 -0.307567
0.217217 -0.30465
0.219219 -0.301725
0.221221 -0.298791
0.223223 -0.295848
0.225225 -0.292896
0.227227 -0.289935
0.229229 -0.286965
0.231231 -0.283985
0.233233 -0.280997
0.235235 -0.278
0.237237 -0.274994
0.239239 -0.271979
0.241241 -0.268954
0.243243 -0.265921
0.245245 -0.262878
0.247247 -0.259827
0.249249 -0.256766
0.251251 -0.253696
0.253253 -0.250618
0.255255 -0.247529
0.257257 -0.244432
0.259259 -0.241326
0.261261 -0.23821
0.263263 -0.235086
0.265265 -0.231952
0.267267 -0.228809
0.269269 -0.225656
0.271271 -0.222495
0.273273 -0.219324
0.275275 -0.216144
0.277277 -0.212955
0.279279 -0.209756
0.281281 -0.206548
0.283283 -0.203331
0.285285 -0.200105
0.287287 -0.196869
0.289289 -0.193624
0.291291 -0.190369
0.293293 -0.187106
0.295295 -0.183832
0.297297 -0.18055
0.299299 -0.177258
0.301301 -0.173957
0.303303 -0.170646
0.305305 -0.167326
0.307307 -0.163996
0.309309 -0.160657
0.311311 -0.157309
0.313313 -0.153951
0.315315 -0.150584
0.317317 -0.147207
0.319319 -0.143821
0.321321 -0.140425
0.323323 -0.137019
0.325325 -0.133604
0.327327 -0.13018
0.329329 -0.126746
0.331331 -0.123302
0.333333 -0.119849
0.335335 -0.116386
0.337337 -0.112913
0.339339 -0.109431
0.341341 -0.105939
0.343343 -0.102438
0.345345 -0.0989268
0.347347 -0.0954059
0.349349 -0.0918754
0.351351 -0.0883351
0.353353 -0.084785
0.355355 -0.0812253
0.357357 -0.0776557
0.359359 -0.0740764
0.361361 -0.0704873
0.363363 -0.0668883
0.365365 -0.0632796
0.367367 -0.059661
0.369369 -0.0560326
0.371371 -0.0523943
0.373373 -0.0487461
0.375375 -0.045088
0.377377 -0.0414201
0.379379 -0.0377422
0.381381 -0.0340544
0.383383 -0.0303566
0.385385 -0.0266489
0.387387 -0.0229312
0.389389 -0.0192035
0.391391 -0.0154657
0.393393 -0.011718
0.395395 -0.0079602
0.397397 -0.00419234
0.399399 -0.000414409
0.401401 0.00337362
0.403403 0.00717176
0.405405 0.01098
0.407407 0.0147984
0.409409 0.018627
0.411411 0.0224658
0.413413 0.0263147
0.415415 0.0301739
0.417417 0.0340432
0.419419 0.0379228
0.421421 0.0418127
0.423423 0.0457129
0.425425 0.0496233
0.427427 0.0535441
0.429429 0.0574751
0.431431 0.0614166
0.433433 0.0653683
0.435435 0.0693305
0.437437 0.073303
0.439439 0.0772859
0.441441 0.0812793
0.443443 0.0852831
0.445445 0.0892973
0.447447 0.0933221
0.449449 0.0973573
0.451451 0.101403
0.453453 0.105459
0.455455 0.109526
0.457457 0.113603
0.459459 0.117691
0.461461 0.12179
0.463463 0.125899
0.465465 0.130019
0.467467 0.13415
0.469469 0.138292
0.471471 0.142444
0.473473 0.146607
0.475475 0.150781
0.477477 0.154965
0.479479 0.159161
0.481481 0.163367
0.483483 0.167585
0.485485 0.171813
0.487487 0.176052
0.489489 0.180302
0.491491 0.184564
0.493493 0.188836
0.495495 0.19312
0.497497 0.197414
0.499499 0.20172
0.501501 0.206036
0.503503 0.210364
0.505506 0.214704
0.507508 0.219054
0.50951 0.223416
0.511512 0.227789
0.513514 0.232173
0.515516 0.236568
0.517518 0.240975
0.51952 0.245394
0.521522 0.249823
0.523524 0.254265
0.525526 0.258717
0.527528 0.263181
0.52953 0.267657
0.531532 0.272144
0.533534 0.276642
0.535536 0.281152
0.537538 0.285674
0.53954 0.290207
0.541542 0.294752
0.543544 0.299309
0.545546 0.303877
0.547548 0.308457
0.54955 0.313048
0.551552 0.317651
0.553554 0.322266
0.555556 0.326893
0.557558 0.331531
0.55956 0.336182
0.561562 0.340844
0.563564 0.345518
0.565566 0.350203
0.567568 0.354901
0.56957 0.359611
0.571572 0.364332
0.573574 0.369065
0.575576 0.373811
0.577578 0.378568
0.57958 0.383337
0.581582 0.388119
0.583584 0.392912
0.585586 0.397717
0.587588 0.402535
0.58959 0.407364
0.591592 0.412206
0.593594 0.417061
0.595596 0.421927
0.597598 0.426806
0.5996 0.431698
0.601602 0.436602
0.603604 0.44152
0.605606 0.44645
0.607608 0.451393
0.60961 0.456349
0.611612 0.461318
0.613614 0.4663
0.615616 0.471296
0.617618 0.476305
0.61962 0.481327
0.621622 0.486363
0.623624 0.491413
0.625626 0.496477
0.627628 0.501554
0.62963 0.506646
0.631632 0.511751
0.633634 0.51687
0.635636 0.522004
0.637638 0.527152
0.63964 0.532314
0.641642 0.537491
0.643644 0.542682
0.645646 0.547888
0.647648 0.553109
0.64965 0.558345
0.651652 0.563595
0.653654 0.568861
0.655656 0.574141
0.657658 0.579437
0.65966 0.584748
0.661662 0.590074
0.663664 0.595414
0.665666 0.60077
0.667668 0.60614
0.66967 0.611525
0.671672 0.616925
0.673674 0.622339
0.675676 0.627767
0.677678 0.63321
0.67968 0.638667
0.681682 0.644138
0.683684 0.649623
0.685686 0.655123
0.687688 0.660636
0.68969 0.666163
0.691692 0.671704
0.693694 0.677259
0.695696 0.682827
0.697698 0.688409
0.6997 0.694005
0.701702 0.699614
0.703704 0.705236
0.705706 0.710871
0.707708 0.71652
0.70971 0.722181
0.711712 0.727856
0.713714 0.733543
0.715716 0.739243
0.717718 0.744957
0.71972 0.750682
0.721722 0.756421
0.723724 0.762172
0.725726 0.767935
0.727728 0.773711
0.72973 0.779502
0.731732 0.785306
0.733734 0.791126
0.735736 0.796962
0.737738 0.802814
0.73974 0.808684
0.741742 0.814571
0.743744 0.820478
0.745746 0.826404
0.747748 0.832351
0.74975 0.838318
0.751752 0.844307
0.753754 0.850319
0.755756 0.856354
0.757758 0.862412
0.75976 0.868496
0.761762 0.874605
0.763764 0.88074
0.765766 0.886901
0.767768 0.89309
0.76977 0.899308
0.771772 0.905554
0.773774 0.911831
0.775776 0.918137
0.777778 0.924475
0.77978 0.930845
0.781782 0.937248
0.783784 0.943684
0.785786 0.950154
0.787788 0.956658
0.78979 0.963199
0.791792 0.969775
0.793794 0.976389
0.795796 0.983039
0.797798 0.989725
0.7998 0.996443
0.801802 1.00319
0.803804 1.00997
0.805806 1.01678
0.807808 1.02361
0.80981 1.03047
0.811812 1.03735
0.813814 1.04424
0.815816 1.05116
0.817818 1.05809
0.81982 1.06504
0.821822 1.072
0.823824 1.07897
0.825826 1.08595
0.827828 1.09294
0.82983 1.09993
0.831832 1.10693
0.833834 1.11392
0.835836 1.12092
0.837838 1.12791
0.83984 1.13491
0.841842 1.14189
0.843844 1.14887
0.845846 1.15583
0.847848 1.16279
0.84985 1.16973
0.851852 1.17666
0.853854 1.18357
0.855856 1.19046
0.857858 1.19733
0.85986 1.20418
0.861862 1.211
0.863864 1.2178
0.865866 1.22458
0.867868 1.23135
0.86987 1.23812
0.871872 1.2449
0.873874 1.2517
0.875876 1.25852
0.877878 1.26539
0.87988 1.2723
0.881882 1.27926
0.883884 1.28629
0.885886 1.2934
0.887888 1.30058
0.88989 1.30786
0.891892 1.31524
0.893894 1.32273
0.895896 1.33035
0.897898 1.33809
0.8999 1.34597
0.901902 1.35399
0.903904 1.36218
0.905906 1.37053
0.907908 1.37905
0.90991 1.38776
0.911912 1.39667
0.913914 1.40577
0.915916 1.41509
0.917918 1.42463
0.91992 1.4344
0.921922 1.44441
0.923924 1.45467
0.925926 1.46519
0.927928 1.47598
0.92993 1.48704
0.931932 1.49839
0.933934 1.51002
0.935936 1.52194
0.937938 1.53412
0.93994 1.54657
0.941942 1.55927
0.943944 1.57221
0.945946 1.5854
0.947948 1.59881
0.94995 1.61244
0.951952 1.62628
0.953954 1.64032
0.955956 1.65456
0.957958 1.66898
0.95996 1.68358
0.961962 1.69835
0.963964 1.71328
0.965966 1.72837
0.967968 1.74359
0.96997 1.75895
0.971972 1.77444
0.973974 1.79005
0.975976 1.80577
0.977978 1.82158
0.97998 1.8375
0.981982 1.85349
0.983984 1.86956
0.985986 1.8857
0.987988 1.9019
0.98999 1.91815
0.991992 1.93444
0.993994 1.95077
0.995996 1.96712
0.997998 1.98348
1 1.99986
