-1 -1.14145
-0.997998 -1.10455
-0.995996 -1.06995
-0.993994 -1.03764
-0.991992 -1.00763
-0.98999 -0.97991
-0.987988 -0.954488
-0.985986 -0.93136
-0.983984 -0.910528
-0.981982 -0.891991
-0.97998 -0.87575
-0.977978 -0.861803
-0.975976 -0.850152
-0.973974 -0.840796
-0.971972 -0.833736
-0.96997 -0.82897
-0.967968 -0.8265
-0.965966 -0.826325
-0.963964 -0.828445
-0.961962 -0.832861
-0.95996 -0.839571
-0.957958 -0.848577
-0.955956 -0.859878
-0.953954 -0.873475
-0.951952 -0.889366
-0.94995 -0.907553
-0.947948 -0.927737
-0.945946 -0.946941
-0.943944 -0.964402
-0.941942 -0.98012
-0.93994 -0.994094
-0.937938 -1.00632
-0.935936 -1.01681
-0.933934 -1.02555
-0.931932 -1.03255
-0.92993 -1.03781
-0.927928 -1.04132
-0.925926 -1.04309
-0.923924 -1.04312
-0.921922 -1.0414
-0.91992 -1.03794
-0.917918 -1.03274
-0.915916 -1.02579
-0.913914 -1.0171
-0.911912 -1.00666
-0.90991 -0.994484
-0.907908 -0.980562
-0.905906 -0.964897
-0.903904 -0.947488
-0.901902 -0.928335
-0.8999 -0.907439
-0.897898 -0.8848
-0.895896 -0.861471
-0.893894 -0.839866
-0.891892 -0.82008
-0.88989 -0.802113
-0.887888 -0.785965
-0.885886 -0.771637
-0.883884 -0.759127
-0.881882 -0.748436
-0.87988 -0.739564
-0.877878 -0.732512
-0.875876 -0.727278
-0.873874 -0.723864
-0.871872 -0.722268
-0.86987 -0.722492
-0.867868 -0.724534
-0.865866 -0.728396
-0.863864 -0.734076
-0.861862 -0.741576
-0.85986 -0.750894
-0.857858 -0.762032
-0.855856 -0.774989
-0.853854 -0.789764
-0.851852 -0.806359
-0.84985 -0.824773
-0.847848 -0.845006
-0.845846 -0.867015
-0.843844 -0.888527
-0.841842 -0.90825
-0.83984 -0.926185
-0.837838 -0.942332
-0.835836 -0.95669
-0.833834 -0.969259
-0.831832 -0.98004
-0.82983 -0.989032
-0.827828 -0.996236
-0.825826 -1.00165
-0.823824 -1.00528
-0.821822 -1.00712
-0.81982 -1.00717
-0.817818 -1.00543
-0.815816 -1.0019
-0.813814 -0.996584
-0.811812 -0.98948
-0.80981 -0.980587
-0.807808 -0.969905
-0.805806 -0.957435
-0.803804 -0.943177
-0.801802 -0.92713
-0.7998 -0.909294
-0.797798 -0.88967
-0.795796 -0.868257
-0.793794 -0.845577
-0.791792 -0.824315
-0.78979 -0.804855
-0.787788 -0.787197
-0.785786 -0.771341
-0.783784 -0.757286
-0.781782 -0.745032
-0.77978 -0.734581
-0.777778 -0.725931
-0.775776 -0.719082
-0.773774 -0.714035
-0.771772 -0.71079
-0.76977 -0.709347
-0.767768 -0.709705
-0.765766 -0.711864
-0.763764 -0.715826
-0.761762 -0.721589
-0.75976 -0.729153
-0.757758 -0.738519
-0.755756 -0.749687
-0.753754 -0.762657
-0.751752 -0.777428
-0.74975 -0.794001
-0.747748 -0.812375
-0.745746 -0.832551
-0.743744 -0.854529
-0.741742 -0.876775
-0.73974 -0.897234
-0.737738 -0.915895
-0.735736 -0.93276
-0.733734 -0.947826
-0.731732 -0.961096
-0.72973 -0.972568
-0.727728 -0.982242
-0.725726 -0.990119
-0.723724 -0.996199
-0.721722 -1.00048
-0.71972 -1.00297
-0.717718 -1.00365
-0.715716 -1.00254
-0.713714 -0.999635
-0.711712 -0.994929
-0.70971 -0.988427
-0.707708 -0.980127
-0.705706 -0.970029
-0.703704 -0.958135
-0.701702 -0.944442
-0.6997 -0.928952
-0.697698 -0.911665
-0.695696 -0.89258
-0.693694 -0.871698
-0.691692 -0.849189
-0.68969 -0.827615
-0.687688 -0.807837
-0.685686 -0.789855
-0.683684 -0.773669
-0.681682 -0.75928
-0.67968 -0.746688
-0.677678 -0.735891
-0.675676 -0.726891
-0.673674 -0.719687
-0.671672 -0.71428
-0.66967 -0.710669
-0.667668 -0.708854
-0.665666 -0.708836
-0.663664 -0.710614
-0.661662 -0.714188
-0.65966 -0.719558
-0.657658 -0.726725
-0.655656 -0.735688
-0.653654 -0.746448
-0.651652 -0.759004
-0.64965 -0.773356
-0.647648 -0.789505
-0.645646 -0.807449
-0.643644 -0.82719
-0.641642 -0.848728
-0.63964 -0.8712
-0.637638 -0.892041
-0.635636 -0.911081
-0.633634 -0.92832
-0.631632 -0.943759
-0.62963 -0.957396
-0.627628 -0.969233
-0.625626 -0.979268
-0.623624 -0.987503
-0.621622 -0.993937
-0.61962 -0.99857
-0.617618 -1.0014
-0.615616 -1.00243
-0.613614 -1.00166
-0.611612 -0.999093
-0.60961 -0.994721
-0.607608 -0.988548
-0.605606 -0.980575
-0.603604 -0.970801
-0.601602 -0.959225
-0.5996 -0.945849
-0.597598 -0.930672
-0.595596 -0.913694
-0.593594 -0.894915
-0.591592 -0.874335
-0.58959 -0.851965
-0.587588 -0.829858
-0.585586 -0.809544
-0.583584 -0.791024
-0.581582 -0.774298
-0.57958 -0.759366
-0.577578 -0.746228
-0.575576 -0.734883
-0.573574 -0.725333
-0.571572 -0.717576
-0.56957 -0.711614
-0.567568 -0.707445
-0.565566 -0.70507
-0.563564 -0.70449
-0.561562 -0.705703
-0.55956 -0.70871
-0.557558 -0.713511
-0.555556 -0.720105
-0.553554 -0.728494
-0.551552 -0.738677
-0.54955 -0.750653
-0.547548 -0.764423
-0.545546 -0.779988
-0.543544 -0.797346
-0.541542 -0.816498
-0.53954 -0.837444
-0.537538 -0.859801
-0.535536 -0.880877
-0.533534 -0.900149
-0.531532 -0.91762
-0.52953 -0.933287
-0.527528 -0.947152
-0.525526 -0.959214
-0.523524 -0.969473
-0.521522 -0.97793
-0.51952 -0.984584
-0.517518 -0.989436
-0.515516 -0.992484
-0.513514 -0.99373
-0.511512 -0.993174
-0.50951 -0.990814
-0.507508 -0.986652
-0.505506 -0.980687
-0.503503 -0.97292
-0.501501 -0.96335
-0.499499 -0.951977
-0.497497 -0.938801
-0.495495 -0.923823
-0.493493 -0.907042
-0.491491 -0.888459
-0.489489 -0.868072
-0.487487 -0.845883
-0.485485 -0.823179
-0.483483 -0.802224
-0.481481 -0.783062
-0.479479 -0.765692
-0.477477 -0.750115
-0.475475 -0.736331
-0.473473 -0.724339
-0.471471 -0.71414
-0.469469 -0.705733
-0.467467 -0.699119
-0.465465 -0.694297
-0.463463 -0.691268
-0.461461 -0.690031
-0.459459 -0.690587
-0.457457 -0.692935
-0.455455 -0.697076
-0.453453 -0.70301
-0.451451 -0.710736
-0.449449 -0.720255
-0.447447 -0.731566
-0.445445 -0.74467
-0.443443 -0.759566
-0.441441 -0.776255
-0.439439 -0.794736
-0.437437 -0.81501
-0.435435 -0.836981
-0.433433 -0.858211
-0.431431 -0.877639
-0.429429 -0.895262
-0.427427 -0.911082
-0.425425 -0.925097
-0.423423 -0.937309
-0.421421 -0.947718
-0.419419 -0.956322
-0.417417 -0.963123
-0.415415 -0.96812
-0.413413 -0.971313
-0.411411 -0.972703
-0.409409 -0.972289
-0.407407 -0.97007
-0.405405 -0.966049
-0.403403 -0.960223
-0.401401 -0.952594
-0.399399 -0.943161
-0.397397 -0.931924
-0.395395 -0.918883
-0.393393 -0.904039
-0.391391 -0.88739
-0.389389 -0.868938
-0.387387 -0.848683
-0.385385 -0.826623
-0.383383 -0.803441
-0.381381 -0.781784
-0.379379 -0.761919
-0.377377 -0.743845
-0.375375 -0.727564
-0.373373 -0.713074
-0.371371 -0.700375
-0.369369 -0.689469
-0.367367 -0.680353
-0.365365 -0.67303
-0.363363 -0.667498
-0.361361 -0.663758
-0.359359 -0.66181
-0.357357 -0.661653
-0.355355 -0.663288
-0.353353 -0.666715
-0.351351 -0.671933
-0.349349 -0.678943
-0.347347 -0.687744
-0.345345 -0.698338
-0.343343 -0.710723
-0.341341 -0.724899
-0.339339 -0.740867
-0.337337 -0.758627
-0.335335 -0.778179
-0.333333 -0.799522
-0.331331 -0.820859
-0.329329 -0.840391
-0.327327 -0.858119
-0.325325 -0.874042
-0.323323 -0.888161
-0.321321 -0.900476
-0.319319 -0.910985
-0.317317 -0.919691
-0.315315 -0.926592
-0.313313 -0.931688
-0.311311 -0.93498
-0.309309 -0.936467
-0.307307 -0.93615
-0.305305 -0.934028
-0.303303 -0.930102
-0.301301 -0.924371
-0.299299 -0.916836
-0.297297 -0.907496
-0.295295 -0.896352
-0.293293 -0.883404
-0.291291 -0.86865
-0.289289 -0.852093
-0.287287 -0.83373
-0.285285 -0.813564
-0.283283 -0.791593
-0.281281 -0.768083
-0.279279 -0.745683
-0.277277 -0.725075
-0.275275 -0.706257
-0.273273 -0.689231
-0.271271 -0.673995
-0.269269 -0.660551
-0.267267 -0.648898
-0.265265 -0.639036
-0.263263 -0.630964
-0.261261 -0.624684
-0.259259 -0.620195
-0.257257 -0.617497
-0.255255 -0.61659
-0.253253 -0.617474
-0.251251 -0.620149
-0.249249 -0.624615
-0.247247 -0.630872
-0.245245 -0.63892
-0.243243 -0.648759
-0.241241 -0.660389
-0.239239 -0.67381
-0.237237 -0.689022
-0.235235 -0.706026
-0.233233 -0.72482
-0.231231 -0.745405
-0.229229 -0.766718
-0.227227 -0.786321
-0.225225 -0.804119
-0.223223 -0.820112
-0.221221 -0.8343
-0.219219 -0.846683
-0.217217 -0.857261
-0.215215 -0.866033
-0.213213 -0.873001
-0.211211 -0.878164
-0.209209 -0.881522
-0.207207 -0.883074
-0.205205 -0.882822
-0.203203 -0.880764
-0.201201 -0.876902
-0.199199 -0.871234
-0.197197 -0.863761
-0.195195 -0.854483
-0.193193 -0.843401
-0.191191 -0.830513
-0.189189 -0.81582
-0.187187 -0.799322
-0.185185 -0.781019
-0.183183 -0.760911
-0.181181 -0.738998
-0.179179 -0.715322
-0.177177 -0.69215
-0.175175 -0.670768
-0.173173 -0.651177
-0.171171 -0.633376
-0.169169 -0.617366
-0.167167 -0.603146
-0.165165 -0.590717
-0.163163 -0.580079
-0.161161 -0.571231
-0.159159 -0.564173
-0.157157 -0.558906
-0.155155 -0.55543
-0.153153 -0.553744
-0.151151 -0.553849
-0.149149 -0.555744
-0.147147 -0.55943
-0.145145 -0.564906
-0.143143 -0.572173
-0.141141 -0.58123
-0.139139 -0.592078
-0.137137 -0.604717
-0.135135 -0.619146
-0.133133 -0.635365
-0.131131 -0.653375
-0.129129 -0.673176
-0.127127 -0.694246
-0.125125 -0.713893
-0.123123 -0.731735
-0.121121 -0.747771
-0.119119 -0.762002
-0.117117 -0.774427
-0.115115 -0.785047
-0.113113 -0.793861
-0.111111 -0.80087
-0.109109 -0.806073
-0.107107 -0.809471
-0.105105 -0.811063
-0.103103 -0.81085
-0.101101 -0.808831
-0.0990991 -0.805007
-0.0970971 -0.799377
-0.0950951 -0.791942
-0.0930931 -0.782701
-0.0910911 -0.771654
-0.0890891 -0.758802
-0.0870871 -0.744145
-0.0850851 -0.727682
-0.0830831 -0.709413
-0.0810811 -0.68934
-0.0790791 -0.66746
-0.0770771 -0.643775
-0.0750751 -0.619816
-0.0730731 -0.597637
-0.0710711 -0.577248
-0.0690691 -0.558649
-0.0670671 -0.54184
-0.0650651 -0.526821
-0.0630631 -0.513593
-0.0610611 -0.502154
-0.0590591 -0.492506
-0.0570571 -0.484647
-0.0550551 -0.478579
-0.0530531 -0.474301
-0.0510511 -0.471813
-0.049049 -0.471115
-0.047047 -0.472207
-0.045045 -0.47509
-0.043043 -0.479762
-0.041041 -0.486224
-0.039039 -0.494477
-0.037037 -0.50452
-0.035035 -0.516353
-0.033033 -0.529976
-0.031031 -0.545389
-0.029029 -0.562592
-0.027027 -0.581585
-0.025025 -0.602198
-0.023023 -0.621867
-0.021021 -0.63973
-0.019019 -0.655787
-0.017017 -0.670038
-0.015015 -0.682483
-0.013013 -0.693123
-0.011011 -0.701956
-0.00900901 -0.708984
-0.00700701 -0.714205
-0.005005 -0.717621
-0.003003 -0.71923
-0.001001 -0.719034
0.001001 -0.717032
0.003003 -0.713224
0.005005 -0.70761
0.00700701 -0.70019
0.00900901 -0.690964
0.011011 -0.679932
0.013013 -0.667094
0.015015 -0.65245
0.017017 -0.636
0.019019 -0.617745
0.021021 -0.597683
0.023023 -0.575816
0.025025 -0.552142
0.027027 -0.527525
0.029029 -0.504527
0.031031 -0.483318
0.033033 -0.463899
0.035035 -0.44627
0.037037 -0.430431
0.039039 -0.416381
0.041041 -0.404121
0.043043 -0.393651
0.045045 -0.38497
0.047047 -0.378079
0.049049 -0.372978
0.0510511 -0.369667
0.0530531 -0.368145
0.0550551 -0.368413
0.0570571 -0.37047
0.0590591 -0.374317
0.0610611 -0.379954
0.0630631 -0.387381
0.0650651 -0.396597
0.0670671 -0.407603
0.0690691 -0.420399
0.0710711 -0.434984
0.0730731 -0.451359
0.0750751 -0.469524
0.0770771 -0.489468
0.0790791 -0.509137
0.0810811 -0.527001
0.0830831 -0.543057
0.0850851 -0.557308
0.0870871 -0.569752
0.0890891 -0.58039
0.0910911 -0.589221
0.0930931 -0.596246
0.0950951 -0.601465
0.0970971 -0.604877
0.0990991 -0.606483
0.101101 -0.606283
0.103103 -0.604276
0.105105 -0.600463
0.107107 -0.594844
0.109109 -0.587418
0.111111 -0.578186
0.113113 -0.567148
0.115115 -0.554303
0.117117 -0.539652
0.119119 -0.523195
0.121121 -0.504931
0.123123 -0.484861
0.125125 -0.462984
0.127127 -0.439301
0.129129 -0.414195
0.131131 -0.390357
0.133133 -0.368308
0.135135 -0.348048
0.137137 -0.329578
0.139139 -0.312897
0.141141 -0.298005
0.143143 -0.284902
0.145145 -0.273589
0.147147 -0.264064
0.149149 -0.25633
0.151151 -0.250384
0.153153 -0.246228
0.155155 -0.24386
0.157157 -0.243283
0.159159 -0.244494
0.161161 -0.247495
0.163163 -0.252285
0.165165 -0.258864
0.167167 -0.267232
0.169169 -0.27739
0.171171 -0.289337
0.173173 -0.303073
0.175175 -0.318599
0.177177 -0.335914
0.179179 -0.355018
0.181181 -0.374624
0.183183 -0.392465
0.185185 -0.4085
0.187187 -0.422728
0.189189 -0.43515
0.191191 -0.445764
0.193193 -0.454572
0.195195 -0.461573
0.197197 -0.466767
0.199199 -0.470154
0.201201 -0.471734
0.203203 -0.471508
0.205205 -0.469475
0.207207 -0.465635
0.209209 -0.459988
0.211211 -0.452534
0.213213 -0.443274
0.215215 -0.432207
0.217217 -0.419333
0.219219 -0.404652
0.221221 -0.388164
0.223223 -0.36987
0.225225 -0.349768
0.227227 -0.32786
0.229229 -0.304145
0.231231 -0.278719
0.233233 -0.254019
0.235235 -0.231106
0.237237 -0.209983
0.239239 -0.190648
0.241241 -0.173102
0.243243 -0.157345
0.245245 -0.143377
0.247247 -0.131197
0.249249 -0.120806
0.251251 -0.112204
0.253253 -0.105391
0.255255 -0.100366
0.257257 -0.0971305
0.259259 -0.0956834
0.261261 -0.0960252
0.263263 -0.0981556
0.265265 -0.102075
0.267267 -0.107783
0.269269 -0.11528
0.271271 -0.124565
0.273273 -0.135639
0.275275 -0.148503
0.277277 -0.163154
0.279279 -0.179595
0.281281 -0.197824
0.283283 -0.217161
0.285285 -0.234957
0.287287 -0.250946
0.289289 -0.265127
0.291291 -0.277501
0.293293 -0.288067
0.295295 -0.296826
0.297297 -0.303778
0.299299 -0.308922
0.301301 -0.312259
0.303303 -0.313788
0.305305 -0.313511
0.307307 -0.311425
0.309309 -0.307533
0.311311 -0.301833
0.313313 -0.294326
0.315315 -0.285011
0.317317 -0.273889
0.319319 -0.26096
0.321321 -0.246223
0.323323 -0.229679
0.325325 -0.211328
0.327327 -0.191169
0.329329 -0.169203
0.331331 -0.145429
0.333333 -0.119848
0.335335 -0.0942578
0.337337 -0.0704555
0.339339 -0.0484413
0.341341 -0.0282152
0.343343 -0.00977725
0.345345 0.00687257
0.347347 0.0217342
0.349349 0.0348078
0.351351 0.0460932
0.353353 0.0555905
0.355355 0.0632997
0.357357 0.0692207
0.359359 0.0733536
0.361361 0.0756983
0.363363 0.0762549
0.365365 0.0750234
0.367367 0.0720038
0.369369 0.067196
0.371371 0.0606001
0.373373 0.0522161
0.375375 0.0420439
0.377377 0.0300836
0.379379 0.0163352
0.381381 0.000798609
0.383383 -0.0165261
0.385385 -0.0353729
0.387387 -0.0530926
0.389389 -0.0690042
0.391391 -0.0831077
0.393393 -0.0954031
0.395395 -0.10589
0.397397 -0.11457
0.399399 -0.121441
0.401401 -0.126504
0.403403 -0.129759
0.405405 -0.131205
0.407407 -0.130844
0.409409 -0.128675
0.411411 -0.124697
0.413413 -0.118912
0.415415 -0.111318
0.417417 -0.101916
0.419419 -0.0907065
0.421421 -0.0776886
0.423423 -0.0628625
0.425425 -0.0462284
0.427427 -0.0277862
0.429429 -0.00753582
0.431431 0.0145226
0.433433 0.0383891
0.435435 0.0640637
0.437437 0.0904827
0.439439 0.11521
0.441441 0.13815
0.443443 0.159303
0.445445 0.178669
0.447447 0.196248
0.449449 0.212039
0.451451 0.226043
0.453453 0.238259
0.455455 0.248689
0.457457 0.257331
0.459459 0.264186
0.461461 0.269254
0.463463 0.272534
0.465465 0.274027
0.467467 0.273733
0.469469 0.271652
0.471471 0.267783
0.473473 0.262127
0.475475 0.254684
0.477477 0.245454
0.479479 0.234436
0.481481 0.221632
0.483483 0.207039
0.485485 0.19066
0.487487 0.172536
0.489489 0.154934
0.491491 0.13914
0.493493 0.125156
0.495495 0.112982
0.497497 0.102616
0.499499 0.0940594
0.501501 0.087312
0.503503 0.0823739
0.505506 0.0792449
0.507508 0.0779251
0.50951 0.0784144
0.511512 0.080713
0.513514 0.0848207
0.515516 0.0907376
0.517518 0.0984636
0.51952 0.107999
0.521522 0.119343
0.523524 0.132497
0.525526 0.14746
0.527528 0.164231
0.52953 0.182813
0.531532 0.203203
0.533534 0.225402
0.535536 0.249411
0.537538 0.275229
0.53954 0.302334
0.541542 0.328037
0.543544 0.351954
0.545546 0.374085
0.547548 0.39443
0.54955 0.41299
0.551552 0.429763
0.553554 0.44475
0.555556 0.457952
0.557558 0.469367
0.55956 0.478997
0.561562 0.486841
0.563564 0.492899
0.565566 0.497171
0.567568 0.499657
0.56957 0.500358
0.571572 0.499272
0.573574 0.4964
0.575576 0.491743
0.577578 0.4853
0.57958 0.477071
0.581582 0.467056
0.583584 0.455255
0.585586 0.441668
0.587588 0.426295
0.58959 0.409136
0.591592 0.391724
0.593594 0.376112
0.595596 0.362311
0.597598 0.350322
0.5996 0.340143
0.601602 0.331774
0.603604 0.325217
0.605606 0.320471
0.607608 0.317536
0.60961 0.316412
0.611612 0.317099
0.613614 0.319596
0.615616 0.323905
0.617618 0.330024
0.61962 0.337955
0.621622 0.347697
0.623624 0.359249
0.625626 0.372612
0.627628 0.387787
0.62963 0.404772
0.631632 0.423568
0.633634 0.444175
0.635636 0.466594
0.637638 0.490823
0.63964 0.516863
0.641642 0.544544
0.643644 0.571302
0.645646 0.596278
0.647648 0.61947
0.64965 0.640878
0.651652 0.660503
0.653654 0.678344
0.655656 0.694402
0.657658 0.708677
0.65966 0.721168
0.661662 0.731875
0.663664 0.740799
0.665666 0.74794
0.667668 0.753297
0.66967 0.756871
0.671672 0.758661
0.673674 0.758667
0.675676 0.756891
0.677678 0.75333
0.67968 0.747987
0.681682 0.740859
0.683684 0.731949
0.685686 0.721255
0.687688 0.708777
0.68969 0.694516
0.691692 0.678471
0.693694 0.661506
0.695696 0.646184
0.697698 0.632677
0.6997 0.620984
0.701702 0.611105
0.703704 0.603041
0.705706 0.596792
0.707708 0.592356
0.70971 0.589736
0.711712 0.588929
0.713714 0.589937
0.715716 0.59276
0.717718 0.597397
0.71972 0.603848
0.721722 0.612114
0.723724 0.622194
0.725726 0.634088
0.727728 0.647797
0.72973 0.663321
0.731732 0.680658
0.733734 0.699811
0.735736 0.720777
0.737738 0.743558
0.73974 0.768154
0.741742 0.794564
0.743744 0.822777
0.745746 0.850744
0.747748 0.876931
0.74975 0.901341
0.751752 0.923973
0.753754 0.944826
0.755756 0.963901
0.757758 0.981198
0.75976 0.996717
0.761762 1.01046
0.763764 1.02242
0.765766 1.0326
0.767768 1.04101
0.76977 1.04764
0.771772 1.05249
0.773774 1.05556
0.775776 1.05685
0.777778 1.05637
0.77978 1.05411
0.781782 1.05007
0.783784 1.04425
0.785786 1.03665
0.787788 1.02727
0.78979 1.01612
0.791792 1.00319
0.793794 0.988478
0.795796 0.972374
0.797798 0.95757
0.7998 0.94459
0.801802 0.933434
0.803804 0.9241
0.805806 0.91659
0.807808 0.910904
0.80981 0.90704
0.811812 0.905
0.813814 0.904784
0.815816 0.90639
0.817818 0.90982
0.81982 0.915073
0.821822 0.92215
0.823824 0.93105
0.825826 0.941773
0.827828 0.95432
0.82983 0.96869
0.831832 0.984883
0.833834 1.0029
0.835836 1.02274
0.837838 1.0444
0.83984 1.06789
0.841842 1.0932
0.843844 1.12033
0.845846 1.14929
0.847848 1.17879
0.84985 1.20657
0.851852 1.23258
0.853854 1.25684
0.855856 1.27934
0.857858 1.30007
0.85986 1.31905
0.861862 1.33626
0.863864 1.35171
0.865866 1.36541
0.867868 1.37734
0.86987 1.38751
0.871872 1.39592
0.873874 1.40257
0.875876 1.40746
0.877878 1.41058
0.87988 1.41195
0.881882 1.41156
0.883884 1.4094
0.885886 1.40549
0.887888 1.39981
0.88989 1.39237
0.891892 1.38318
0.893894 1.37222
0.895896 1.3595
0.897898 1.34512
0.8999 1.33153
0.901902 1.31981
0.903904 1.30996
0.905906 1.30197
0.907908 1.29586
0.90991 1.29161
0.911912 1.28923
0.913914 1.28872
0.915916 1.29008
0.917918 1.29331
0.91992 1.2984
0.921922 1.30536
0.923924 1.3142
0.925926 1.3249
0.927928 1.33746
0.92993 1.3519
0.931932 1.36821
0.933934 1.38638
0.935936 1.40642
0.937938 1.42833
0.93994 1.45211
0.941942 1.47776
0.943944 1.50527
0.945946 1.53466
0.947948 1.56591
0.94995 1.59843
0.951952 1.6299
0.953954 1.66009
0.955956 1.68899
0.957958 1.71661
0.95996 1.74294
0.961962 1.76799
0.963964 1.79176
0.965966 1.81424
0.967968 1.83543
0.96997 1.85534
0.971972 1.87397
0.973974 1.89131
0.975976 1.90737
0.977978 1.92214
0.97998 1.93563
0.981982 1.94783
0.983984 1.95875
0.985986 1.96839
0.987988 1.97674
0.98999 1.9838
0.991992 1.98958
0.993994 1.99408
0.995996 1.99729
0.997998 1.99922
1 1.99986
