-1 -1.14145
-0.997998 -1.13132
-0.995996 -1.12119
-0.993994 -1.11105
-0.991992 -1.10092
-0.98999 -1.09079
-0.987988 -1.08065
-0.985986 -1.07052
-0.983984 -1.06039
-0.981982 -1.05026
-0.97998 -1.04012
-0.977978 -1.02999
-0.975976 -1.01986
-0.973974 -1.00972
-0.971972 -0.999591
-0.96997 -0.989458
-0.967968 -0.979325
-0.965966 -0.969192
-0.963964 -0.959059
-0.961962 -0.948926
-0.95996 -0.938793
-0.957958 -0.933557
-0.955956 -0.931422
-0.953954 -0.929287
-0.951952 -0.927151
-0.94995 -0.925016
-0.947948 -0.922881
-0.945946 -0.920746
-0.943944 -0.918611
-0.941942 -0.916475
-0.93994 -0.91434
-0.937938 -0.912205
-0.935936 -0.91007
-0.933934 -0.907935
-0.931932 -0.9058
-0.92993 -0.903664
-0.927928 -0.901529
-0.925926 -0.899394
-0.923924 -0.897259
-0.921922 -0.895124
-0.91992 -0.892988
-0.917918 -0.891113
-0.915916 -0.890137
-0.913914 -0.889161
-0.911912 -0.888185
-0.90991 -0.887209
-0.907908 -0.886233
-0.905906 -0.885257
-0.903904 -0.88428
-0.901902 -0.883304
-0.8999 -0.882328
-0.897898 -0.881352
-0.895896 -0.880376
-0.893894 -0.8794
-0.891892 -0.878423
-0.88989 -0.877447
-0.887888 -0.876471
-0.885886 -0.875495
-0.883884 -0.874519
-0.881882 -0.873543
-0.87988 -0.872567
-0.877878 -0.87159
-0.875876 -0.871043
-0.873874 -0.870578
-0.871872 -0.870114
-0.86987 -0.86965
-0.867868 -0.869185
-0.865866 -0.868721
-0.863864 -0.868257
-0.861862 -0.867792
-0.85986 -0.867328
-0.857858 -0.866864
-0.855856 -0.866399
-0.853854 -0.865935
-0.851852 -0.865471
-0.84985 -0.865006
-0.847848 -0.864542
-0.845846 -0.864078
-0.843844 -0.863613
-0.841842 -0.863149
-0.83984 -0.862684
-0.837838 -0.86222
-0.835836 -0.861873
-0.833834 -0.861671
-0.831832 -0.861468
-0.82983 -0.861265
-0.827828 -0.861063
-0.825826 -0.86086
-0.823824 -0.860658
-0.821822 -0.860455
-0.81982 -0.860252
-0.817818 -0.86005
-0.815816 -0.859847
-0.813814 -0.859644
-0.811812 -0.859442
-0.80981 -0.859239
-0.807808 -0.859037
-0.805806 -0.858834
-0.803804 -0.858631
-0.801802 -0.858429
-0.7998 -0.858226
-0.797798 -0.858024
-0.795796 -0.857829
-0.793794 -0.85776
-0.791792 -0.857691
-0.78979 -0.857622
-0.787788 -0.857553
-0.785786 -0.857484
-0.783784 -0.857415
-0.781782 -0.857346
-0.77978 -0.857277
-0.777778 -0.857208
-0.775776 -0.857139
-0.773774 -0.85707
-0.771772 -0.857001
-0.76977 -0.856932
-0.767768 -0.856863
-0.765766 -0.856794
-0.763764 -0.856725
-0.761762 -0.856656
-0.75976 -0.856587
-0.757758 -0.856518
-0.755756 -0.85645
-0.753754 -0.856419
-0.751752 -0.856408
-0.74975 -0.856397
-0.747748 -0.856385
-0.745746 -0.856374
-0.743744 -0.856362
-0.741742 -0.856351
-0.73974 -0.85634
-0.737738 -0.856328
-0.735736 -0.856317
-0.733734 -0.856306
-0.731732 -0.856294
-0.72973 -0.856283
-0.727728 -0.856272
-0.725726 -0.85626
-0.723724 -0.856249
-0.721722 -0.856237
-0.71972 -0.856226
-0.717718 -0.856215
-0.715716 -0.856203
-0.713714 -0.856194
-0.711712 -0.856191
-0.70971 -0.856188
-0.707708 -0.856184
-0.705706 -0.856181
-0.703704 -0.856178
-0.701702 -0.856174
-0.6997 -0.856171
-0.697698 -0.856168
-0.695696 -0.856164
-0.693694 -0.856161
-0.691692 -0.856158
-0.68969 -0.856154
-0.687688 -0.856151
-0.685686 -0.856148
-0.683684 -0.856144
-0.681682 -0.856141
-0.67968 -0.856138
-0.677678 -0.856134
-0.675676 -0.856131
-0.673674 -0.856128
-0.671672 -0.856101
-0.66967 -0.856071
-0.667668 -0.856041
-0.665666 -0.856011
-0.663664 -0.855982
-0.661662 -0.855952
-0.65966 -0.855922
-0.657658 -0.855892
-0.655656 -0.855863
-0.653654 -0.855833
-0.651652 -0.855803
-0.64965 -0.855773
-0.647648 -0.855744
-0.645646 -0.855714
-0.643644 -0.855684
-0.641642 -0.855654
-0.63964 -0.855625
-0.637638 -0.855595
-0.635636 -0.855565
-0.633634 -0.855535
-0.631632 -0.855479
-0.62963 -0.855398
-0.627628 -0.855316
-0.625626 -0.855235
-0.623624 -0.855154
-0.621622 -0.855072
-0.61962 -0.854991
-0.617618 -0.854909
-0.615616 -0.854828
-0.613614 -0.854747
-0.611612 -0.854665
-0.60961 -0.854584
-0.607608 -0.854502
-0.605606 -0.854421
-0.603604 -0.85434
-0.601602 -0.854258
-0.5996 -0.854177
-0.597598 -0.854095
-0.595596 -0.854014
-0.593594 -0.853933
-0.591592 -0.853843
-0.58959 -0.85369
-0.587588 -0.853538
-0.585586 -0.853386
-0.583584 -0.853234
-0.581582 -0.853082
-0.57958 -0.85293
-0.577578 -0.852778
-0.575576 -0.852625
-0.573574 -0.852473
-0.571572 -0.852321
-0.56957 -0.852169
-0.567568 -0.852017
-0.565566 -0.851865
-0.563564 -0.851713
-0.561562 -0.85156
-0.55956 -0.851408
-0.557558 -0.851256
-0.555556 -0.851104
-0.553554 -0.850952
-0.551552 -0.8508
-0.54955 -0.850585
-0.547548 -0.850347
-0.545546 -0.850109
-0.543544 -0.849871
-0.541542 -0.849633
-0.53954 -0.849395
-0.537538 -0.849158
-0.535536 -0.84892
-0.533534 -0.848682
-0.531532 -0.848444
-0.52953 -0.848206
-0.527528 -0.847968
-0.525526 -0.84773
-0.523524 -0.847493
-0.521522 -0.847255
-0.51952 -0.847017
-0.517518 -0.846779
-0.515516 -0.846541
-0.513514 -0.846303
-0.511512 -0.846066
-0.50951 -0.845794
-0.507508 -0.845458
-0.505506 -0.845123
-0.503503 -0.844787
-0.501501 -0.844451
-0.499499 -0.844116
-0.497497 -0.84378
-0.495495 -0.843445
-0.493493 -0.843109
-0.491491 -0.842774
-0.489489 -0.842438
-0.487487 -0.842103
-0.485485 -0.841767
-0.483483 -0.841431
-0.481481 -0.841096
-0.479479 -0.84076
-0.477477 -0.840425
-0.475475 -0.840089
-0.473473 -0.839754
-0.471471 -0.839418
-0.469469 -0.839082
-0.467467 -0.838644
-0.465465 -0.838201
-0.463463 -0.837757
-0.461461 -0.837314
-0.459459 -0.836871
-0.457457 -0.836428
-0.455455 -0.835985
-0.453453 -0.835542
-0.451451 -0.835098
-0.449449 -0.834655
-0.447447 -0.834212
-0.445445 -0.833769
-0.443443 -0.833326
-0.441441 -0.832883
-0.439439 -0.83244
-0.437437 -0.831996
-0.435435 -0.831553
-0.433433 -0.83111
-0.431431 -0.830667
-0.429429 -0.830224
-0.427427 -0.829714
-0.425425 -0.829155
-0.423423 -0.828596
-0.421421 -0.828037
-0.419419 -0.827478
-0.417417 -0.826919
-0.415415 -0.82636
-0.413413 -0.825801
-0.411411 -0.825242
-0.409409 -0.824684
-0.407407 -0.824125
-0.405405 -0.823566
-0.403403 -0.823007
-0.401401 -0.822448
-0.399399 -0.821889
-0.397397 -0.82133
-0.395395 -0.820771
-0.393393 -0.820212
-0.391391 -0.819653
-0.389389 -0.819094
-0.387387 -0.818512
-0.385385 -0.81783
-0.383383 -0.817148
-0.381381 -0.816466
-0.379379 -0.815784
-0.377377 -0.815103
-0.375375 -0.814421
-0.373373 -0.813739
-0.371371 -0.813057
-0.369369 -0.812375
-0.367367 -0.811693
-0.365365 -0.811011
-0.363363 -0.810329
-0.361361 -0.809647
-0.359359 -0.808965
-0.357357 -0.808284
-0.355355 -0.807602
-0.353353 -0.80692
-0.351351 -0.806238
-0.349349 -0.805556
-0.347347 -0.804874
-0.345345 -0.80409
-0.343343 -0.803279
-0.341341 -0.802468
-0.339339 -0.801657
-0.337337 -0.800846
-0.335335 -0.800035
-0.333333 -0.799224
-0.331331 -0.798413
-0.329329 -0.797602
-0.327327 -0.796792
-0.325325 -0.795981
-0.323323 -0.79517
-0.321321 -0.794359
-0.319319 -0.793548
-0.317317 -0.792737
-0.315315 -0.791926
-0.313313 -0.791115
-0.311311 -0.790304
-0.309309 -0.789493
-0.307307 -0.788683
-0.305305 -0.787817
-0.303303 -0.786872
-0.301301 -0.785926
-0.299299 -0.784981
-0.297297 -0.784036
-0.295295 -0.78309
-0.293293 -0.782145
-0.291291 -0.7812
-0.289289 -0.780255
-0.287287 -0.779309
-0.285285 -0.778364
-0.283283 -0.777419
-0.281281 -0.776473
-0.279279 -0.775528
-0.277277 -0.774583
-0.275275 -0.773638
-0.273273 -0.772692
-0.271271 -0.771747
-0.269269 -0.770802
-0.267267 -0.769856
-0.265265 -0.768908
-0.263263 -0.767824
-0.261261 -0.766739
-0.259259 -0.765655
-0.257257 -0.76457
-0.255255 -0.763486
-0.253253 -0.762401
-0.251251 -0.761317
-0.249249 -0.760232
-0.247247 -0.759148
-0.245245 -0.758063
-0.243243 -0.756979
-0.241241 -0.755894
-0.239239 -0.75481
-0.237237 -0.753725
-0.235235 -0.752641
-0.233233 -0.751556
-0.231231 -0.750472
-0.229229 -0.749387
-0.227227 -0.748303
-0.225225 -0.747218
-0.223223 -0.746043
-0.221221 -0.744815
-0.219219 -0.743587
-0.217217 -0.742359
-0.215215 -0.741131
-0.213213 -0.739903
-0.211211 -0.738675
-0.209209 -0.737447
-0.207207 -0.736219
-0.205205 -0.734991
-0.203203 -0.733762
-0.201201 -0.732534
-0.199199 -0.731306
-0.197197 -0.730078
-0.195195 -0.72885
-0.193193 -0.727622
-0.191191 -0.726394
-0.189189 -0.725166
-0.187187 -0.723938
-0.185185 -0.72271
-0.183183 -0.721446
-0.181181 -0.72007
-0.179179 -0.718694
-0.177177 -0.717319
-0.175175 -0.715943
-0.173173 -0.714567
-0.171171 -0.713192
-0.169169 -0.711816
-0.167167 -0.71044
-0.165165 -0.709065
-0.163163 -0.707689
-0.161161 -0.706313
-0.159159 -0.704938
-0.157157 -0.703562
-0.155155 -0.702186
-0.153153 -0.700811
-0.151151 -0.699435
-0.149149 -0.698059
-0.147147 -0.696684
-0.145145 -0.695308
-0.143143 -0.693932
-0.141141 -0.692427
-0.139139 -0.6909
-0.137137 -0.689373
-0.135135 -0.687846
-0.133133 -0.686319
-0.131131 -0.684792
-0.129129 -0.683265
-0.127127 -0.681738
-0.125125 -0.68021
-0.123123 -0.678683
-0.121121 -0.677156
-0.119119 -0.675629
-0.117117 -0.674102
-0.115115 -0.672575
-0.113113 -0.671048
-0.111111 -0.669521
-0.109109 -0.667994
-0.107107 -0.666467
-0.105105 -0.66494
-0.103103 -0.663413
-0.101101 -0.661813
-0.0990991 -0.660131
-0.0970971 -0.658449
-0.0950951 -0.656767
-0.0930931 -0.655085
-0.0910911 -0.653403
-0.0890891 -0.651721
-0.0870871 -0.650039
-0.0850851 -0.648357
-0.0830831 -0.646675
-0.0810811 -0.644993
-0.0790791 -0.643311
-0.0770771 -0.641629
-0.0750751 -0.639947
-0.0730731 -0.638265
-0.0710711 -0.636583
-0.0690691 -0.634901
-0.0670671 -0.633219
-0.0650651 -0.631537
-0.0630631 -0.629855
-0.0610611 -0.62816
-0.0590591 -0.62632
-0.0570571 -0.62448
-0.0550551 -0.622639
-0.0530531 -0.620799
-0.0510511 -0.618959
-0.049049 -0.617118
-0.047047 -0.615278
-0.045045 -0.613437
-0.043043 -0.611597
-0.041041 -0.609757
-0.039039 -0.607916
-0.037037 -0.606076
-0.035035 -0.604235
-0.033033 -0.602395
-0.031031 -0.600555
-0.029029 -0.598714
-0.027027 -0.596874
-0.025025 -0.595034
-0.023023 -0.593193
-0.021021 -0.591353
-0.019019 -0.5894
-0.017017 -0.587398
-0.015015 -0.585396
-0.013013 -0.583394
-0.011011 -0.581392
-0.00900901 -0.579389
-0.00700701 -0.577387
-0.005005 -0.575385
-0.003003 -0.573383
-0.001001 -0.571381
0.001001 -0.569379
0.003003 -0.567377
0.005005 -0.565374
0.00700701 -0.563372
0.00900901 -0.56137
0.011011 -0.559368
0.013013 -0.557366
0.015015 -0.555364
0.017017 -0.553362
0.019019 -0.551359
0.021021 -0.549307
0.023023 -0.54714
0.025025 -0.544972
0.027027 -0.542805
0.029029 -0.540638
0.031031 -0.538471
0.033033 -0.536303
0.035035 -0.534136
0.037037 -0.531969
0.039039 -0.529802
0.041041 -0.527634
0.043043 -0.525467
0.045045 -0.5233
0.047047 -0.521133
0.049049 -0.518965
0.0510511 -0.516798
0.0530531 -0.514631
0.0550551 -0.512464
0.0570571 -0.510296
0.0590591 -0.508129
0.0610611 -0.505962
0.0630631 -0.50364
0.0650651 -0.501304
0.0670671 -0.498969
0.0690691 -0.496633
0.0710711 -0.494297
0.0730731 -0.491962
0.0750751 -0.489626
0.0770771 -0.48729
0.0790791 -0.484954
0.0810811 -0.482619
0.0830831 -0.480283
0.0850851 -0.477947
0.0870871 -0.475612
0.0890891 -0.473276
0.0910911 -0.47094
0.0930931 -0.468604
0.0950951 -0.466269
0.0970971 -0.463933
0.0990991 -0.461597
0.101101 -0.459262
0.103103 -0.456835
0.105105 -0.454327
0.107107 -0.451819
0.109109 -0.449312
0.111111 -0.446804
0.113113 -0.444297
0.115115 -0.441789
0.117117 -0.439281
0.119119 -0.436774
0.121121 -0.434266
0.123123 -0.431759
0.125125 -0.429251
0.127127 -0.426743
0.129129 -0.424236
0.131131 -0.421728
0.133133 -0.41922
0.135135 -0.416713
0.137137 -0.414205
0.139139 -0.411698
0.141141 -0.40919
0.143143 -0.406657
0.145145 -0.403974
0.147147 -0.401291
0.149149 -0.398608
0.151151 -0.395925
0.153153 -0.393242
0.155155 -0.390559
0.157157 -0.387876
0.159159 -0.385192
0.161161 -0.382509
0.163163 -0.379826
0.165165 -0.377143
0.167167 -0.37446
0.169169 -0.371777
0.171171 -0.369094
0.173173 -0.366411
0.175175 -0.363728
0.177177 -0.361045
0.179179 -0.358361
0.181181 -0.355678
0.183183 -0.352995
0.185185 -0.350177
0.187187 -0.347314
0.189189 -0.344452
0.191191 -0.34159
0.193193 -0.338727
0.195195 -0.335865
0.197197 -0.333003
0.199199 -0.33014
0.201201 -0.327278
0.203203 -0.324416
0.205205 -0.321553
0.207207 -0.318691
0.209209 -0.315829
0.211211 -0.312966
0.213213 -0.310104
0.215215 -0.307242
0.217217 -0.304379
0.219219 -0.301517
0.221221 -0.298654
0.223223 -0.295792
0.225225 -0.292862
0.227227 -0.289817
0.229229 -0.286771
0.231231 -0.283726
0.233233 -0.28068
0.235235 -0.277634
0.237237 -0.274589
0.239239 -0.271543
0.241241 -0.268497
0.243243 -0.265452
0.245245 -0.262406
0.247247 -0.25936
0.249249 -0.256315
0.251251 -0.253269
0.253253 -0.250224
0.255255 -0.247178
0.257257 -0.244132
0.259259 -0.241087
0.261261 -0.238041
0.263263 -0.234995
0.265265 -0.23195
0.267267 -0.22872
0.269269 -0.225487
0.271271 -0.222254
0.273273 -0.21902
0.275275 -0.215787
0.277277 -0.212554
0.279279 -0.209321
0.281281 -0.206087
0.283283 -0.202854
0.285285 -0.199621
0.287287 -0.196387
0.289289 -0.193154
0.291291 -0.189921
0.293293 -0.186688
0.295295 -0.183454
0.297297 -0.180221
0.299299 -0.176988
0.301301 -0.173754
0.303303 -0.170521
0.305305 -0.167288
0.307307 -0.163941
0.309309 -0.160515
0.311311 -0.157089
0.313313 -0.153663
0.315315 -0.150238
0.317317 -0.146812
0.319319 -0.143386
0.321321 -0.13996
0.323323 -0.136535
0.325325 -0.133109
0.327327 -0.129683
0.329329 -0.126257
0.331331 -0.122832
0.333333 -0.119406
0.335335 -0.11598
0.337337 -0.112554
0.339339 -0.109129
0.341341 -0.105703
0.343343 -0.102277
0.345345 -0.0988513
0.347347 -0.0953851
0.349349 -0.0917615
0.351351 -0.0881379
0.353353 -0.0845143
0.355355 -0.0808907
0.357357 -0.0772671
0.359359 -0.0736435
0.361361 -0.0700199
0.363363 -0.0663963
0.365365 -0.0627727
0.367367 -0.0591491
0.369369 -0.0555254
0.371371 -0.0519018
0.373373 -0.0482782
0.375375 -0.0446546
0.377377 -0.041031
0.379379 -0.0374074
0.381381 -0.0337838
0.383383 -0.0301602
0.385385 -0.0265366
0.387387 -0.022913
0.389389 -0.0191229
0.391391 -0.0152953
0.393393 -0.0114677
0.395395 -0.00764015
0.397397 -0.00381258
0.399399 1.4992e-05
0.401401 0.00384256
0.403403 0.00767014
0.405405 0.0114977
0.407407 0.0153253
0.409409 0.0191528
0.411411 0.0229804
0.413413 0.026808
0.415415 0.0306356
0.417417 0.0344631
0.419419 0.0382907
0.421421 0.0421183
0.423423 0.0459459
0.425425 0.0497734
0.427427 0.053601
0.429429 0.057519
0.431431 0.0615576
0.433433 0.0655962
0.435435 0.0696347
0.437437 0.0736733
0.439439 0.0777119
0.441441 0.0817505
0.443443 0.0857891
0.445445 0.0898277
0.447447 0.0938662
0.449449 0.0979048
0.451451 0.101943
0.453453 0.105982
0.455455 0.110021
0.457457 0.114059
0.459459 0.118098
0.461461 0.122136
0.463463 0.126175
0.465465 0.130213
0.467467 0.134252
0.469469 0.1383
0.471471 0.142557
0.473473 0.146815
0.475475 0.151073
0.477477 0.155331
0.479479 0.159589
0.481481 0.163847
0.483483 0.168105
0.485485 0.172362
0.487487 0.17662
0.489489 0.180878
0.491491 0.185136
0.493493 0.189394
0.495495 0.193652
0.497497 0.19791
0.499499 0.202167
0.501501 0.206425
0.503503 0.210683
0.505506 0.214941
0.507508 0.219199
0.50951 0.223457
0.511512 0.227864
0.513514 0.232351
0.515516 0.236838
0.517518 0.241325
0.51952 0.245812
0.521522 0.250299
0.523524 0.254786
0.525526 0.259273
0.527528 0.26376
0.52953 0.268247
0.531532 0.272734
0.533534 0.277221
0.535536 0.281708
0.537538 0.286195
0.53954 0.290682
0.541542 0.295169
0.543544 0.299656
0.545546 0.304143
0.547548 0.30863
0.54955 0.313117
0.551552 0.317668
0.553554 0.322396
0.555556 0.327124
0.557558 0.331853
0.55956 0.336581
0.561562 0.341309
0.563564 0.346037
0.565566 0.350765
0.567568 0.355493
0.56957 0.360221
0.571572 0.36495
0.573574 0.369678
0.575576 0.374406
0.577578 0.379134
0.57958 0.383862
0.581582 0.38859
0.583584 0.393318
0.585586 0.398047
0.587588 0.402775
0.58959 0.407503
0.591592 0.412231
0.593594 0.417184
0.595596 0.422168
0.597598 0.427152
0.5996 0.432137
0.601602 0.437121
0.603604 0.442105
0.605606 0.447089
0.607608 0.452074
0.60961 0.457058
0.611612 0.462042
0.613614 0.467026
0.615616 0.472011
0.617618 0.476995
0.61962 0.481979
0.621622 0.486964
0.623624 0.491948
0.625626 0.496932
0.627628 0.501916
0.62963 0.506901
0.631632 0.511885
0.633634 0.517004
0.635636 0.522263
0.637638 0.527523
0.63964 0.532782
0.641642 0.538042
0.643644 0.543301
0.645646 0.548561
0.647648 0.55382
0.64965 0.55908
0.651652 0.564339
0.653654 0.569599
0.655656 0.574858
0.657658 0.580118
0.65966 0.585377
0.661662 0.590637
0.663664 0.595896
0.665666 0.601156
0.667668 0.606415
0.66967 0.611675
0.671672 0.616934
0.673674 0.622224
0.675676 0.627784
0.677678 0.633344
0.67968 0.638904
0.681682 0.644464
0.683684 0.650024
0.685686 0.655584
0.687688 0.661143
0.68969 0.666703
0.691692 0.672263
0.693694 0.677823
0.695696 0.683383
0.697698 0.688943
0.6997 0.694503
0.701702 0.700063
0.703704 0.705623
0.705706 0.711183
0.707708 0.716742
0.70971 0.722302
0.711712 0.727862
0.713714 0.733422
0.715716 0.739221
0.717718 0.745116
0.71972 0.751011
0.721722 0.756906
0.723724 0.7628
0.725726 0.768695
0.727728 0.77459
0.72973 0.780485
0.731732 0.78638
0.733734 0.792274
0.735736 0.798169
0.737738 0.804064
0.73974 0.809959
0.741742 0.815854
0.743744 0.821749
0.745746 0.827643
0.747748 0.833538
0.74975 0.839433
0.751752 0.845328
0.753754 0.851223
0.755756 0.857243
0.757758 0.863522
0.75976 0.869801
0.761762 0.876081
0.763764 0.88236
0.765766 0.888639
0.767768 0.894918
0.76977 0.901198
0.771772 0.907477
0.773774 0.913756
0.775776 0.920036
0.777778 0.926315
0.77978 0.932594
0.781782 0.938873
0.783784 0.945153
0.785786 0.951432
0.787788 0.957711
0.78979 0.96399
0.791792 0.97027
0.793794 0.976549
0.795796 0.982828
0.797798 0.98954
0.7998 0.99628
0.801802 1.00302
0.803804 1.00976
0.805806 1.0165
0.807808 1.02324
0.80981 1.02998
0.811812 1.03672
0.813814 1.04346
0.815816 1.0502
0.817818 1.05694
0.81982 1.06368
0.821822 1.07042
0.823824 1.07716
0.825826 1.0839
0.827828 1.09064
0.82983 1.09738
0.831832 1.10412
0.833834 1.11086
0.835836 1.1176
0.837838 1.12466
0.83984 1.13199
0.841842 1.13932
0.843844 1.14664
0.845846 1.15397
0.847848 1.1613
0.84985 1.16863
0.851852 1.17596
0.853854 1.18329
0.855856 1.19061
0.857858 1.19794
0.85986 1.20527
0.861862 1.2126
0.863864 1.21993
0.865866 1.22726
0.867868 1.23458
0.86987 1.24191
0.871872 1.24924
0.873874 1.25657
0.875876 1.2639
0.877878 1.27136
0.87988 1.27953
0.881882 1.2877
0.883884 1.29586
0.885886 1.30403
0.887888 1.3122
0.88989 1.32037
0.891892 1.32853
0.893894 1.3367
0.895896 1.34487
0.897898 1.35303
0.8999 1.3612
0.901902 1.36937
0.903904 1.37753
0.905906 1.3857
0.907908 1.39387
0.90991 1.40204
0.911912 1.4102
0.913914 1.41837
0.915916 1.42654
0.917918 1.4347
0.91992 1.44402
0.921922 1.45368
0.923924 1.46333
0.925926 1.47298
0.927928 1.48263
0.92993 1.49229
0.931932 1.50194
0.933934 1.51159
0.935936 1.52125
0.937938 1.5309
0.93994 1.54055
0.941942 1.5502
0.943944 1.55986
0.945946 1.56951
0.947948 1.57916
0.94995 1.58882
0.951952 1.59847
0.953954 1.60812
0.955956 1.61778
0.957958 1.62743
0.95996 1.64031
0.961962 1.65829
0.963964 1.67626
0.965966 1.69424
0.967968 1.71222
0.96997 1.7302
0.971972 1.74817
0.973974 1.76615
0.975976 1.78413
0.977978 1.80211
0.97998 1.82008
0.981982 1.83806
0.983984 1.85604
0.985986 1.87402
0.987988 1.89199
0.98999 1.90997
0.991992 1.92795
0.993994 1.94593
0.995996 1.9639
0.997998 1.98188
1 1.99986
