-1 -1.14145
-0.997998 -1.12925
-0.995996 -1.11709
-0.993994 -1.10498
-0.991992 -1.09296
-0.98999 -1.08107
-0.987988 -1.06932
-0.985986 -1.05775
-0.983984 -1.04639
-0.981982 -1.03527
-0.97998 -1.02441
-0.977978 -1.01386
-0.975976 -1.00363
-0.973974 -0.993767
-0.971972 -0.984287
-0.96997 -0.975226
-0.967968 -0.966613
-0.965966 -0.958477
-0.963964 -0.950849
-0.961962 -0.943758
-0.95996 -0.937235
-0.957958 -0.931306
-0.955956 -0.925965
-0.953954 -0.921177
-0.951952 -0.916911
-0.94995 -0.91313
-0.947948 -0.909803
-0.945946 -0.906894
-0.943944 -0.90437
-0.941942 -0.902197
-0.93994 -0.900341
-0.937938 -0.898769
-0.935936 -0.897447
-0.933934 -0.89634
-0.931932 -0.895415
-0.92993 -0.894638
-0.927928 -0.893976
-0.925926 -0.893393
-0.923924 -0.892858
-0.921922 -0.892335
-0.91992 -0.891791
-0.917918 -0.891192
-0.915916 -0.890516
-0.913914 -0.889768
-0.911912 -0.888953
-0.90991 -0.888079
-0.907908 -0.887153
-0.905906 -0.886181
-0.903904 -0.88517
-0.901902 -0.884126
-0.8999 -0.883058
-0.897898 -0.881971
-0.895896 -0.880872
-0.893894 -0.879768
-0.891892 -0.878666
-0.88989 -0.877572
-0.887888 -0.876494
-0.885886 -0.875438
-0.883884 -0.874412
-0.881882 -0.87342
-0.87988 -0.872472
-0.877878 -0.871573
-0.875876 -0.870729
-0.873874 -0.86994
-0.871872 -0.869203
-0.86987 -0.868516
-0.867868 -0.867877
-0.865866 -0.867281
-0.863864 -0.866727
-0.861862 -0.866212
-0.85986 -0.865734
-0.857858 -0.865289
-0.855856 -0.864875
-0.853854 -0.86449
-0.851852 -0.86413
-0.84985 -0.863793
-0.847848 -0.863476
-0.845846 -0.863177
-0.843844 -0.862893
-0.841842 -0.862621
-0.83984 -0.862358
-0.837838 -0.862103
-0.835836 -0.861852
-0.833834 -0.861604
-0.831832 -0.861359
-0.82983 -0.861118
-0.827828 -0.86088
-0.825826 -0.860646
-0.823824 -0.860417
-0.821822 -0.860192
-0.81982 -0.859973
-0.817818 -0.859758
-0.815816 -0.859549
-0.813814 -0.859346
-0.811812 -0.859149
-0.80981 -0.858958
-0.807808 -0.858774
-0.805806 -0.858597
-0.803804 -0.858427
-0.801802 -0.858264
-0.7998 -0.85811
-0.797798 -0.857963
-0.795796 -0.857825
-0.793794 -0.857695
-0.791792 -0.857574
-0.78979 -0.857461
-0.787788 -0.857355
-0.785786 -0.857257
-0.783784 -0.857165
-0.781782 -0.85708
-0.77978 -0.857002
-0.777778 -0.85693
-0.775776 -0.856863
-0.773774 -0.856802
-0.771772 -0.856745
-0.76977 -0.856694
-0.767768 -0.856646
-0.765766 -0.856603
-0.763764 -0.856563
-0.761762 -0.856527
-0.75976 -0.856494
-0.757758 -0.856464
-0.755756 -0.856436
-0.753754 -0.85641
-0.751752 -0.856386
-0.74975 -0.856364
-0.747748 -0.856343
-0.745746 -0.856324
-0.743744 -0.856307
-0.741742 -0.856292
-0.73974 -0.856278
-0.737738 -0.856265
-0.735736 -0.856254
-0.733734 -0.856244
-0.731732 -0.856235
-0.72973 -0.856227
-0.727728 -0.85622
-0.725726 -0.856214
-0.723724 -0.856209
-0.721722 -0.856205
-0.71972 -0.856201
-0.717718 -0.856199
-0.715716 -0.856196
-0.713714 -0.856195
-0.711712 -0.856193
-0.70971 -0.856193
-0.707708 -0.856192
-0.705706 -0.856191
-0.703704 -0.856191
-0.701702 -0.85619
-0.6997 -0.85619
-0.697698 -0.856189
-0.695696 -0.856188
-0.693694 -0.856186
-0.691692 -0.856184
-0.68969 -0.856181
-0.687688 -0.856178
-0.685686 -0.856174
-0.683684 -0.856169
-0.681682 -0.856163
-0.67968 -0.856156
-0.677678 -0.856148
-0.675676 -0.856139
-0.673674 -0.856129
-0.671672 -0.856117
-0.66967 -0.856103
-0.667668 -0.856088
-0.665666 -0.856072
-0.663664 -0.856053
-0.661662 -0.856034
-0.65966 -0.856012
-0.657658 -0.855989
-0.655656 -0.855963
-0.653654 -0.855936
-0.651652 -0.855907
-0.64965 -0.855876
-0.647648 -0.855842
-0.645646 -0.855807
-0.643644 -0.855769
-0.641642 -0.855729
-0.63964 -0.855687
-0.637638 -0.855642
-0.635636 -0.855595
-0.633634 -0.855546
-0.631632 -0.855494
-0.62963 -0.855439
-0.627628 -0.855382
-0.625626 -0.855322
-0.623624 -0.855259
-0.621622 -0.855194
-0.61962 -0.855125
-0.617618 -0.855054
-0.615616 -0.85498
-0.613614 -0.854903
-0.611612 -0.854823
-0.60961 -0.85474
-0.607608 -0.854654
-0.605606 -0.854564
-0.603604 -0.854472
-0.601602 -0.854376
-0.5996 -0.854277
-0.597598 -0.854175
-0.595596 -0.854069
-0.593594 -0.85396
-0.591592 -0.853847
-0.58959 -0.853731
-0.587588 -0.853611
-0.585586 -0.853488
-0.583584 -0.853361
-0.581582 -0.853231
-0.57958 -0.853096
-0.577578 -0.852959
-0.575576 -0.852817
-0.573574 -0.852671
-0.571572 -0.852522
-0.56957 -0.852369
-0.567568 -0.852212
-0.565566 -0.852051
-0.563564 -0.851886
-0.561562 -0.851717
-0.55956 -0.851544
-0.557558 -0.851367
-0.555556 -0.851185
-0.553554 -0.851
-0.551552 -0.85081
-0.54955 -0.850617
-0.547548 -0.850419
-0.545546 -0.850216
-0.543544 -0.85001
-0.541542 -0.849799
-0.53954 -0.849583
-0.537538 -0.849364
-0.535536 -0.84914
-0.533534 -0.848911
-0.531532 -0.848678
-0.52953 -0.848441
-0.527528 -0.848198
-0.525526 -0.847952
-0.523524 -0.847701
-0.521522 -0.847445
-0.51952 -0.847184
-0.517518 -0.846919
-0.515516 -0.846649
-0.513514 -0.846375
-0.511512 -0.846095
-0.50951 -0.845811
-0.507508 -0.845522
-0.505506 -0.845228
-0.503503 -0.84493
-0.501501 -0.844626
-0.499499 -0.844317
-0.497497 -0.844004
-0.495495 -0.843686
-0.493493 -0.843362
-0.491491 -0.843034
-0.489489 -0.8427
-0.487487 -0.842362
-0.485485 -0.842018
-0.483483 -0.84167
-0.481481 -0.841316
-0.479479 -0.840957
-0.477477 -0.840593
-0.475475 -0.840224
-0.473473 -0.839849
-0.471471 -0.83947
-0.469469 -0.839085
-0.467467 -0.838694
-0.465465 -0.838299
-0.463463 -0.837898
-0.461461 -0.837491
-0.459459 -0.83708
-0.457457 -0.836663
-0.455455 -0.83624
-0.453453 -0.835812
-0.451451 -0.835379
-0.449449 -0.83494
-0.447447 -0.834496
-0.445445 -0.834046
-0.443443 -0.833591
-0.441441 -0.83313
-0.439439 -0.832664
-0.437437 -0.832192
-0.435435 -0.831714
-0.433433 -0.831231
-0.431431 -0.830742
-0.429429 -0.830248
-0.427427 -0.829747
-0.425425 -0.829241
-0.423423 -0.82873
-0.421421 -0.828212
-0.419419 -0.827689
-0.417417 -0.82716
-0.415415 -0.826626
-0.413413 -0.826085
-0.411411 -0.825539
-0.409409 -0.824987
-0.407407 -0.824429
-0.405405 -0.823865
-0.403403 -0.823295
-0.401401 -0.82272
-0.399399 -0.822138
-0.397397 -0.821551
-0.395395 -0.820957
-0.393393 -0.820358
-0.391391 -0.819752
-0.389389 -0.819141
-0.387387 -0.818523
-0.385385 -0.8179
-0.383383 -0.81727
-0.381381 -0.816635
-0.379379 -0.815993
-0.377377 -0.815345
-0.375375 -0.814691
-0.373373 -0.814031
-0.371371 -0.813365
-0.369369 -0.812693
-0.367367 -0.812014
-0.365365 -0.81133
-0.363363 -0.810639
-0.361361 -0.809942
-0.359359 -0.809238
-0.357357 -0.808529
-0.355355 -0.807813
-0.353353 -0.807091
-0.351351 -0.806363
-0.349349 -0.805628
-0.347347 -0.804887
-0.345345 -0.80414
-0.343343 -0.803386
-0.341341 -0.802626
-0.339339 -0.80186
-0.337337 -0.801087
-0.335335 -0.800308
-0.333333 -0.799522
-0.331331 -0.79873
-0.329329 -0.797932
-0.327327 -0.797127
-0.325325 -0.796315
-0.323323 -0.795498
-0.321321 -0.794673
-0.319319 -0.793843
-0.317317 -0.793005
-0.315315 -0.792161
-0.313313 -0.791311
-0.311311 -0.790454
-0.309309 -0.789591
-0.307307 -0.788721
-0.305305 -0.787844
-0.303303 -0.786961
-0.301301 -0.786071
-0.299299 -0.785174
-0.297297 -0.784271
-0.295295 -0.783362
-0.293293 -0.782445
-0.291291 -0.781522
-0.289289 -0.780592
-0.287287 -0.779656
-0.285285 -0.778713
-0.283283 -0.777763
-0.281281 -0.776806
-0.279279 -0.775843
-0.277277 -0.774873
-0.275275 -0.773896
-0.273273 -0.772912
-0.271271 -0.771922
-0.269269 -0.770925
-0.267267 -0.769921
-0.265265 -0.76891
-0.263263 -0.767892
-0.261261 -0.766867
-0.259259 -0.765836
-0.257257 -0.764798
-0.255255 -0.763753
-0.253253 -0.762701
-0.251251 -0.761642
-0.249249 -0.760576
-0.247247 -0.759503
-0.245245 -0.758424
-0.243243 -0.757337
-0.241241 -0.756244
-0.239239 -0.755143
-0.237237 -0.754036
-0.235235 -0.752921
-0.233233 -0.7518
-0.231231 -0.750671
-0.229229 -0.749536
-0.227227 -0.748394
-0.225225 -0.747244
-0.223223 -0.746088
-0.221221 -0.744924
-0.219219 -0.743753
-0.217217 -0.742576
-0.215215 -0.741391
-0.213213 -0.740199
-0.211211 -0.739
-0.209209 -0.737794
-0.207207 -0.736581
-0.205205 -0.735361
-0.203203 -0.734133
-0.201201 -0.732898
-0.199199 -0.731657
-0.197197 -0.730408
-0.195195 -0.729152
-0.193193 -0.727888
-0.191191 -0.726618
-0.189189 -0.72534
-0.187187 -0.724055
-0.185185 -0.722763
-0.183183 -0.721464
-0.181181 -0.720157
-0.179179 -0.718843
-0.177177 -0.717522
-0.175175 -0.716194
-0.173173 -0.714858
-0.171171 -0.713515
-0.169169 -0.712165
-0.167167 -0.710807
-0.165165 -0.709442
-0.163163 -0.70807
-0.161161 -0.70669
-0.159159 -0.705304
-0.157157 -0.703909
-0.155155 -0.702508
-0.153153 -0.701099
-0.151151 -0.699682
-0.149149 -0.698259
-0.147147 -0.696827
-0.145145 -0.695389
-0.143143 -0.693943
-0.141141 -0.69249
-0.139139 -0.691029
-0.137137 -0.68956
-0.135135 -0.688085
-0.133133 -0.686601
-0.131131 -0.685111
-0.129129 -0.683613
-0.127127 -0.682107
-0.125125 -0.680594
-0.123123 -0.679073
-0.121121 -0.677545
-0.119119 -0.67601
-0.117117 -0.674466
-0.115115 -0.672916
-0.113113 -0.671357
-0.111111 -0.669792
-0.109109 -0.668218
-0.107107 -0.666637
-0.105105 -0.665049
-0.103103 -0.663453
-0.101101 -0.661849
-0.0990991 -0.660238
-0.0970971 -0.658619
-0.0950951 -0.656992
-0.0930931 -0.655358
-0.0910911 -0.653716
-0.0890891 -0.652067
-0.0870871 -0.65041
-0.0850851 -0.648745
-0.0830831 -0.647072
-0.0810811 -0.645392
-0.0790791 -0.643705
-0.0770771 -0.642009
-0.0750751 -0.640306
-0.0730731 -0.638595
-0.0710711 -0.636876
-0.0690691 -0.63515
-0.0670671 -0.633416
-0.0650651 -0.631674
-0.0630631 -0.629924
-0.0610611 -0.628167
-0.0590591 -0.626402
-0.0570571 -0.624629
-0.0550551 -0.622848
-0.0530531 -0.62106
-0.0510511 -0.619263
-0.049049 -0.617459
-0.047047 -0.615647
-0.045045 -0.613828
-0.043043 -0.612
-0.041041 -0.610165
-0.039039 -0.608321
-0.037037 -0.60647
-0.035035 -0.604611
-0.033033 -0.602744
-0.031031 -0.600869
-0.029029 -0.598987
-0.027027 -0.597096
-0.025025 -0.595198
-0.023023 -0.593291
-0.021021 -0.591377
-0.019019 -0.589455
-0.017017 -0.587525
-0.015015 -0.585586
-0.013013 -0.58364
-0.011011 -0.581686
-0.00900901 -0.579724
-0.00700701 -0.577754
-0.005005 -0.575776
-0.003003 -0.57379
-0.001001 -0.571796
0.001001 -0.569794
0.003003 -0.567784
0.005005 -0.565766
0.00700701 -0.56374
0.00900901 -0.561706
0.011011 -0.559664
0.013013 -0.557614
0.015015 -0.555555
0.017017 -0.553489
0.019019 -0.551414
0.021021 -0.549332
0.023023 -0.547241
0.025025 -0.545142
0.027027 -0.543036
0.029029 -0.540921
0.031031 -0.538797
0.033033 -0.536666
0.035035 -0.534527
0.037037 -0.532379
0.039039 -0.530223
0.041041 -0.528059
0.043043 -0.525887
0.045045 -0.523707
0.047047 -0.521518
0.049049 -0.519322
0.0510511 -0.517117
0.0530531 -0.514904
0.0550551 -0.512682
0.0570571 -0.510453
0.0590591 -0.508215
0.0610611 -0.505969
0.0630631 -0.503714
0.0650651 -0.501452
0.0670671 -0.499181
0.0690691 -0.496902
0.0710711 -0.494614
0.0730731 -0.492318
0.0750751 -0.490014
0.0770771 -0.487702
0.0790791 -0.485381
0.0810811 -0.483052
0.0830831 -0.480715
0.0850851 -0.478369
0.0870871 -0.476015
0.0890891 -0.473652
0.0910911 -0.471281
0.0930931 -0.468902
0.0950951 -0.466514
0.0970971 -0.464118
0.0990991 -0.461714
0.101101 -0.459301
0.103103 -0.456879
0.105105 -0.45445
0.107107 -0.452011
0.109109 -0.449565
0.111111 -0.44711
0.113113 -0.444646
0.115115 -0.442174
0.117117 -0.439693
0.119119 -0.437204
0.121121 -0.434707
0.123123 -0.432201
0.125125 -0.429686
0.127127 -0.427163
0.129129 -0.424631
0.131131 -0.422091
0.133133 -0.419542
0.135135 -0.416985
0.137137 -0.414419
0.139139 -0.411845
0.141141 -0.409262
0.143143 -0.40667
0.145145 -0.40407
0.147147 -0.401461
0.149149 -0.398843
0.151151 -0.396217
0.153153 -0.393582
0.155155 -0.390939
0.157157 -0.388287
0.159159 -0.385626
0.161161 -0.382956
0.163163 -0.380278
0.165165 -0.377591
0.167167 -0.374896
0.169169 -0.372192
0.171171 -0.369479
0.173173 -0.366757
0.175175 -0.364026
0.177177 -0.361287
0.179179 -0.358539
0.181181 -0.355782
0.183183 -0.353017
0.185185 -0.350242
0.187187 -0.347459
0.189189 -0.344667
0.191191 -0.341867
0.193193 -0.339057
0.195195 -0.336239
0.197197 -0.333411
0.199199 -0.330575
0.201201 -0.32773
0.203203 -0.324877
0.205205 -0.322014
0.207207 -0.319142
0.209209 -0.316262
0.211211 -0.313372
0.213213 -0.310474
0.215215 -0.307567
0.217217 -0.30465
0.219219 -0.301725
0.221221 -0.298791
0.223223 -0.295848
0.225225 -0.292896
0.227227 -0.289935
0.229229 -0.286965
0.231231 -0.283985
0.233233 -0.280997
0.235235 -0.278
0.237237 -0.274994
0.239239 -0.271979
0.241241 -0.268954
0.243243 -0.265921
0.245245 -0.262878
0.247247 -0.259827
0.249249 -0.256766
0.251251 -0.253696
0.253253 -0.250617
0.255255 -0.247529
0.257257 -0.244432
0.259259 -0.241326
0.261261 -0.23821
0.263263 -0.235086
0.265265 -0.231952
0.267267 -0.228809
0.269269 -0.225656
0.271271 -0.222495
0.273273 -0.219324
0.275275 -0.216144
0.277277 -0.212955
0.279279 -0.209756
0.281281 -0.206548
0.283283 -0.203331
0.285285 -0.200105
0.287287 -0.196869
0.289289 -0.193624
0.291291 -0.190369
0.293293 -0.187106
0.295295 -0.183832
0.297297 -0.18055
0.299299 -0.177258
0.301301 -0.173957
0.303303 -0.170646
0.305305 -0.167326
0.307307 -0.163996
0.309309 -0.160657
0.311311 -0.157309
0.313313 -0.153951
0.315315 -0.150584
0.317317 -0.147207
0.319319 -0.14382
0.321321 -0.140424
0.323323 -0.137019
0.325325 -0.133604
0.327327 -0.130179
0.329329 -0.126745
0.331331 -0.123302
0.333333 -0.119848
0.335335 -0.116385
0.337337 -0.112913
0.339339 -0.109431
0.341341 -0.105939
0.343343 -0.102437
0.345345 -0.0989262
0.347347 -0.0954053
0.349349 -0.0918748
0.351351 -0.0883345
0.353353 -0.0847845
0.355355 -0.0812247
0.357357 -0.0776552
0.359359 -0.0740759
0.361361 -0.0704868
0.363363 -0.066888
0.365365 -0.0632793
0.367367 -0.0596607
0.369369 -0.0560323
0.371371 -0.0523941
0.373373 -0.048746
0.375375 -0.045088
0.377377 -0.04142
0.379379 -0.0377422
0.381381 -0.0340544
0.383383 -0.0303567
0.385385 -0.026649
0.387387 -0.0229313
0.389389 -0.0192037
0.391391 -0.015466
0.393393 -0.0117183
0.395395 -0.00796055
0.397397 -0.00419275
0.399399 -0.000414862
0.401401 0.00337312
0.403403 0.00717121
0.405405 0.0109794
0.407407 0.0147978
0.409409 0.0186263
0.411411 0.022465
0.413413 0.0263139
0.415415 0.030173
0.417417 0.0340424
0.419419 0.037922
0.421421 0.0418118
0.423423 0.0457119
0.425425 0.0496224
0.427427 0.0535431
0.429429 0.0574742
0.431431 0.0614156
0.433433 0.0653674
0.435435 0.0693296
0.437437 0.0733022
0.439439 0.0772852
0.441441 0.0812786
0.443443 0.0852826
0.445445 0.089297
0.447447 0.0933219
0.449449 0.0973573
0.451451 0.101403
0.453453 0.10546
0.455455 0.109527
0.457457 0.113605
0.459459 0.117693
0.461461 0.121792
0.463463 0.125902
0.465465 0.130022
0.467467 0.134153
0.469469 0.138295
0.471471 0.142448
0.473473 0.146611
0.475475 0.150785
0.477477 0.15497
0.479479 0.159166
0.481481 0.163372
0.483483 0.16759
0.485485 0.171818
0.487487 0.176057
0.489489 0.180308
0.491491 0.184569
0.493493 0.188841
0.495495 0.193125
0.497497 0.197419
0.499499 0.201724
0.501501 0.206041
0.503503 0.210368
0.505506 0.214707
0.507508 0.219057
0.50951 0.223418
0.511512 0.227791
0.513514 0.232174
0.515516 0.236569
0.517518 0.240975
0.51952 0.245393
0.521522 0.249821
0.523524 0.254262
0.525526 0.258713
0.527528 0.263176
0.52953 0.267651
0.531532 0.272137
0.533534 0.276634
0.535536 0.281144
0.537538 0.285664
0.53954 0.290197
0.541542 0.294741
0.543544 0.299296
0.545546 0.303863
0.547548 0.308443
0.54955 0.313033
0.551552 0.317636
0.553554 0.32225
0.555556 0.326877
0.557558 0.331515
0.55956 0.336165
0.561562 0.340827
0.563564 0.345501
0.565566 0.350187
0.567568 0.354885
0.56957 0.359595
0.571572 0.364317
0.573574 0.369052
0.575576 0.373799
0.577578 0.378558
0.57958 0.383329
0.581582 0.388112
0.583584 0.392908
0.585586 0.397716
0.587588 0.402537
0.58959 0.40737
0.591592 0.412216
0.593594 0.417074
0.595596 0.421945
0.597598 0.426828
0.5996 0.431724
0.601602 0.436632
0.603604 0.441554
0.605606 0.446488
0.607608 0.451435
0.60961 0.456395
0.611612 0.461368
0.613614 0.466354
0.615616 0.471353
0.617618 0.476365
0.61962 0.48139
0.621622 0.486428
0.623624 0.491479
0.625626 0.496544
0.627628 0.501622
0.62963 0.506713
0.631632 0.511818
0.633634 0.516936
0.635636 0.522068
0.637638 0.527213
0.63964 0.532372
0.641642 0.537545
0.643644 0.542731
0.645646 0.547931
0.647648 0.553145
0.64965 0.558372
0.651652 0.563614
0.653654 0.56887
0.655656 0.574139
0.657658 0.579423
0.65966 0.584721
0.661662 0.590033
0.663664 0.59536
0.665666 0.600701
0.667668 0.606056
0.66967 0.611425
0.671672 0.61681
0.673674 0.622208
0.675676 0.627622
0.677678 0.63305
0.67968 0.638493
0.681682 0.643951
0.683684 0.649423
0.685686 0.654911
0.687688 0.660414
0.68969 0.665933
0.691692 0.671466
0.693694 0.677015
0.695696 0.68258
0.697698 0.68816
0.6997 0.693756
0.701702 0.699368
0.703704 0.704996
0.705706 0.71064
0.707708 0.7163
0.70971 0.721976
0.711712 0.727668
0.713714 0.733377
0.715716 0.739102
0.717718 0.744843
0.71972 0.750602
0.721722 0.756377
0.723724 0.762169
0.725726 0.767977
0.727728 0.773803
0.72973 0.779645
0.731732 0.785505
0.733734 0.791381
0.735736 0.797275
0.737738 0.803186
0.73974 0.809115
0.741742 0.815061
0.743744 0.821024
0.745746 0.827005
0.747748 0.833004
0.74975 0.83902
0.751752 0.845055
0.753754 0.851107
0.755756 0.857176
0.757758 0.863265
0.75976 0.869371
0.761762 0.875496
0.763764 0.881641
0.765766 0.887804
0.767768 0.893988
0.76977 0.900192
0.771772 0.906415
0.773774 0.91266
0.775776 0.918926
0.777778 0.925213
0.77978 0.931522
0.781782 0.937853
0.783784 0.944206
0.785786 0.950582
0.787788 0.956981
0.78979 0.963404
0.791792 0.96985
0.793794 0.97632
0.795796 0.982814
0.797798 0.989333
0.7998 0.995877
0.801802 1.00244
0.803804 1.00904
0.805806 1.01565
0.807808 1.02229
0.80981 1.02895
0.811812 1.03563
0.813814 1.04234
0.815816 1.04907
0.817818 1.05582
0.81982 1.06259
0.821822 1.06938
0.823824 1.0762
0.825826 1.08303
0.827828 1.08989
0.82983 1.09676
0.831832 1.10366
0.833834 1.11057
0.835836 1.1175
0.837838 1.12445
0.83984 1.13143
0.841842 1.13842
0.843844 1.14544
0.845846 1.15249
0.847848 1.15957
0.84985 1.16669
0.851852 1.17384
0.853854 1.18102
0.855856 1.18826
0.857858 1.19553
0.85986 1.20285
0.861862 1.21023
0.863864 1.21765
0.865866 1.22513
0.867868 1.23267
0.86987 1.24027
0.871872 1.24793
0.873874 1.25566
0.875876 1.26345
0.877878 1.27132
0.87988 1.27926
0.881882 1.28726
0.883884 1.29533
0.885886 1.30344
0.887888 1.3116
0.88989 1.3198
0.891892 1.32803
0.893894 1.33629
0.895896 1.34456
0.897898 1.35284
0.8999 1.36113
0.901902 1.36941
0.903904 1.37768
0.905906 1.38594
0.907908 1.39418
0.90991 1.40238
0.911912 1.41054
0.913914 1.41866
0.915916 1.42673
0.917918 1.43475
0.91992 1.4427
0.921922 1.45061
0.923924 1.45851
0.925926 1.46645
0.927928 1.47444
0.92993 1.48254
0.931932 1.49076
0.933934 1.49915
0.935936 1.50773
0.937938 1.51655
0.93994 1.52564
0.941942 1.53503
0.943944 1.54475
0.945946 1.55484
0.947948 1.56534
0.94995 1.57627
0.951952 1.58768
0.953954 1.59959
0.955956 1.61204
0.957958 1.62507
0.95996 1.6387
0.961962 1.65295
0.963964 1.66778
0.965966 1.68317
0.967968 1.69908
0.96997 1.71549
0.971972 1.73236
0.973974 1.74966
0.975976 1.76736
0.977978 1.78544
0.97998 1.80385
0.981982 1.82257
0.983984 1.84157
0.985986 1.86082
0.987988 1.88028
0.98999 1.89993
0.991992 1.91973
0.993994 1.93965
0.995996 1.95967
0.997998 1.97975
1 1.99986
