-1 -1.14145
-0.997998 -1.13157
-0.995996 -1.12187
-0.993994 -1.11234
-0.991992 -1.10298
-0.98999 -1.0938
-0.987988 -1.08479
-0.985986 -1.07596
-0.983984 -1.06729
-0.981982 -1.05881
-0.97998 -1.05049
-0.977978 -1.04235
-0.975976 -1.03438
-0.973974 -1.02659
-0.971972 -1.01897
-0.96997 -1.01152
-0.967968 -1.00425
-0.965966 -0.997147
-0.963964 -0.990221
-0.961962 -0.983468
-0.95996 -0.976889
-0.957958 -0.970484
-0.955956 -0.964252
-0.953954 -0.958194
-0.951952 -0.952309
-0.94995 -0.946598
-0.947948 -0.941061
-0.945946 -0.935697
-0.943944 -0.930507
-0.941942 -0.925491
-0.93994 -0.920648
-0.937938 -0.915978
-0.935936 -0.911483
-0.933934 -0.90716
-0.931932 -0.903012
-0.92993 -0.899037
-0.927928 -0.895236
-0.925926 -0.891608
-0.923924 -0.888154
-0.921922 -0.884873
-0.91992 -0.881766
-0.917918 -0.878833
-0.915916 -0.876073
-0.913914 -0.873487
-0.911912 -0.871074
-0.90991 -0.868835
-0.907908 -0.86677
-0.905906 -0.864878
-0.903904 -0.86316
-0.901902 -0.861615
-0.8999 -0.860244
-0.897898 -0.859047
-0.895896 -0.858023
-0.893894 -0.857173
-0.891892 -0.856496
-0.88989 -0.855993
-0.887888 -0.855664
-0.885886 -0.855508
-0.883884 -0.855526
-0.881882 -0.855717
-0.87988 -0.856082
-0.877878 -0.856621
-0.875876 -0.857333
-0.873874 -0.858219
-0.871872 -0.859278
-0.86987 -0.860511
-0.867868 -0.861918
-0.865866 -0.863498
-0.863864 -0.865252
-0.861862 -0.866932
-0.85986 -0.866552
-0.857858 -0.866179
-0.855856 -0.865813
-0.853854 -0.865453
-0.851852 -0.865099
-0.84985 -0.864753
-0.847848 -0.864412
-0.845846 -0.864079
-0.843844 -0.863752
-0.841842 -0.863432
-0.83984 -0.863118
-0.837838 -0.862811
-0.835836 -0.86251
-0.833834 -0.862217
-0.831832 -0.861929
-0.82983 -0.861649
-0.827828 -0.861374
-0.825826 -0.861107
-0.823824 -0.860846
-0.821822 -0.860592
-0.81982 -0.860344
-0.817818 -0.860103
-0.815816 -0.859869
-0.813814 -0.859641
-0.811812 -0.859419
-0.80981 -0.859205
-0.807808 -0.858997
-0.805806 -0.858795
-0.803804 -0.8586
-0.801802 -0.858412
-0.7998 -0.85823
-0.797798 -0.858055
-0.795796 -0.857887
-0.793794 -0.857725
-0.791792 -0.85757
-0.78979 -0.857421
-0.787788 -0.857279
-0.785786 -0.857144
-0.783784 -0.857015
-0.781782 -0.856892
-0.77978 -0.856777
-0.777778 -0.856668
-0.775776 -0.856565
-0.773774 -0.856469
-0.771772 -0.85638
-0.76977 -0.856298
-0.767768 -0.856222
-0.765766 -0.856152
-0.763764 -0.856089
-0.761762 -0.856033
-0.75976 -0.855983
-0.757758 -0.85594
-0.755756 -0.855904
-0.753754 -0.855874
-0.751752 -0.855851
-0.74975 -0.855834
-0.747748 -0.855824
-0.745746 -0.855821
-0.743744 -0.855824
-0.741742 -0.855834
-0.73974 -0.85585
-0.737738 -0.855873
-0.735736 -0.855903
-0.733734 -0.855939
-0.731732 -0.855982
-0.72973 -0.856031
-0.727728 -0.856087
-0.725726 -0.85615
-0.723724 -0.856209
-0.721722 -0.856232
-0.71972 -0.856254
-0.717718 -0.856273
-0.715716 -0.856291
-0.713714 -0.856307
-0.711712 -0.856321
-0.70971 -0.856333
-0.707708 -0.856343
-0.705706 -0.856352
-0.703704 -0.856358
-0.701702 -0.856363
-0.6997 -0.856366
-0.697698 -0.856367
-0.695696 -0.856366
-0.693694 -0.856364
-0.691692 -0.856359
-0.68969 -0.856353
-0.687688 -0.856345
-0.685686 -0.856335
-0.683684 -0.856323
-0.681682 -0.85631
-0.67968 -0.856294
-0.677678 -0.856277
-0.675676 -0.856258
-0.673674 -0.856237
-0.671672 -0.856214
-0.66967 -0.856189
-0.667668 -0.856163
-0.665666 -0.856135
-0.663664 -0.856105
-0.661662 -0.856073
-0.65966 -0.856039
-0.657658 -0.856003
-0.655656 -0.855966
-0.653654 -0.855926
-0.651652 -0.855885
-0.64965 -0.855842
-0.647648 -0.855797
-0.645646 -0.855751
-0.643644 -0.855702
-0.641642 -0.855652
-0.63964 -0.855599
-0.637638 -0.855545
-0.635636 -0.855489
-0.633634 -0.855432
-0.631632 -0.855372
-0.62963 -0.855311
-0.627628 -0.855248
-0.625626 -0.855182
-0.623624 -0.855116
-0.621622 -0.855047
-0.61962 -0.854976
-0.617618 -0.854904
-0.615616 -0.85483
-0.613614 -0.854753
-0.611612 -0.854676
-0.60961 -0.854596
-0.607608 -0.854514
-0.605606 -0.854431
-0.603604 -0.854345
-0.601602 -0.854258
-0.5996 -0.854169
-0.597598 -0.854078
-0.595596 -0.853986
-0.593594 -0.853891
-0.591592 -0.853795
-0.58959 -0.853697
-0.587588 -0.853597
-0.585586 -0.853492
-0.583584 -0.853376
-0.581582 -0.853255
-0.57958 -0.85313
-0.577578 -0.853
-0.575576 -0.852865
-0.573574 -0.852725
-0.571572 -0.852581
-0.56957 -0.852432
-0.567568 -0.852279
-0.565566 -0.852121
-0.563564 -0.851958
-0.561562 -0.85179
-0.55956 -0.851618
-0.557558 -0.851441
-0.555556 -0.85126
-0.553554 -0.851073
-0.551552 -0.850882
-0.54955 -0.850687
-0.547548 -0.850487
-0.545546 -0.850282
-0.543544 -0.850072
-0.541542 -0.849857
-0.53954 -0.849638
-0.537538 -0.849415
-0.535536 -0.849186
-0.533534 -0.848953
-0.531532 -0.848715
-0.52953 -0.848473
-0.527528 -0.848226
-0.525526 -0.847974
-0.523524 -0.847717
-0.521522 -0.847456
-0.51952 -0.84719
-0.517518 -0.84692
-0.515516 -0.846645
-0.513514 -0.846365
-0.511512 -0.84608
-0.50951 -0.845791
-0.507508 -0.845497
-0.505506 -0.845198
-0.503503 -0.844895
-0.501501 -0.844587
-0.499499 -0.844274
-0.497497 -0.843957
-0.495495 -0.843635
-0.493493 -0.843308
-0.491491 -0.842977
-0.489489 -0.84264
-0.487487 -0.8423
-0.485485 -0.841954
-0.483483 -0.841604
-0.481481 -0.841249
-0.479479 -0.84089
-0.477477 -0.840525
-0.475475 -0.840157
-0.473473 -0.839783
-0.471471 -0.839405
-0.469469 -0.839022
-0.467467 -0.838634
-0.465465 -0.838242
-0.463463 -0.837845
-0.461461 -0.837443
-0.459459 -0.837037
-0.457457 -0.836626
-0.455455 -0.83621
-0.453453 -0.83579
-0.451451 -0.835365
-0.449449 -0.834935
-0.447447 -0.834499
-0.445445 -0.834055
-0.443443 -0.833605
-0.441441 -0.833149
-0.439439 -0.832687
-0.437437 -0.832219
-0.435435 -0.831744
-0.433433 -0.831264
-0.431431 -0.830778
-0.429429 -0.830285
-0.427427 -0.829786
-0.425425 -0.829282
-0.423423 -0.828771
-0.421421 -0.828254
-0.419419 -0.827731
-0.417417 -0.827202
-0.415415 -0.826667
-0.413413 -0.826125
-0.411411 -0.825578
-0.409409 -0.825025
-0.407407 -0.824465
-0.405405 -0.8239
-0.403403 -0.823328
-0.401401 -0.82275
-0.399399 -0.822166
-0.397397 -0.821576
-0.395395 -0.82098
-0.393393 -0.820378
-0.391391 -0.81977
-0.389389 -0.819156
-0.387387 -0.818535
-0.385385 -0.817909
-0.383383 -0.817276
-0.381381 -0.816638
-0.379379 -0.815993
-0.377377 -0.815342
-0.375375 -0.814685
-0.373373 -0.814023
-0.371371 -0.813353
-0.369369 -0.812678
-0.367367 -0.811997
-0.365365 -0.81131
-0.363363 -0.810616
-0.361361 -0.809917
-0.359359 -0.809211
-0.357357 -0.8085
-0.355355 -0.807782
-0.353353 -0.807058
-0.351351 -0.806328
-0.349349 -0.805592
-0.347347 -0.80485
-0.345345 -0.804102
-0.343343 -0.803348
-0.341341 -0.802587
-0.339339 -0.801821
-0.337337 -0.801048
-0.335335 -0.80027
-0.333333 -0.799485
-0.331331 -0.798694
-0.329329 -0.797897
-0.327327 -0.797094
-0.325325 -0.796285
-0.323323 -0.79547
-0.321321 -0.794649
-0.319319 -0.793822
-0.317317 -0.792988
-0.315315 -0.792149
-0.313313 -0.791303
-0.311311 -0.790451
-0.309309 -0.789593
-0.307307 -0.788727
-0.305305 -0.787854
-0.303303 -0.786974
-0.301301 -0.786087
-0.299299 -0.785193
-0.297297 -0.784292
-0.295295 -0.783384
-0.293293 -0.782469
-0.291291 -0.781547
-0.289289 -0.780619
-0.287287 -0.779683
-0.285285 -0.77874
-0.283283 -0.777791
-0.281281 -0.776834
-0.279279 -0.775871
-0.277277 -0.7749
-0.275275 -0.773923
-0.273273 -0.772939
-0.271271 -0.771947
-0.269269 -0.770949
-0.267267 -0.769944
-0.265265 -0.768932
-0.263263 -0.767913
-0.261261 -0.766887
-0.259259 -0.765853
-0.257257 -0.764814
-0.255255 -0.763767
-0.253253 -0.762713
-0.251251 -0.761652
-0.249249 -0.760584
-0.247247 -0.759509
-0.245245 -0.758428
-0.243243 -0.757339
-0.241241 -0.756244
-0.239239 -0.755141
-0.237237 -0.754031
-0.235235 -0.752915
-0.233233 -0.751792
-0.231231 -0.750661
-0.229229 -0.749524
-0.227227 -0.74838
-0.225225 -0.747229
-0.223223 -0.74607
-0.221221 -0.744905
-0.219219 -0.743733
-0.217217 -0.742554
-0.215215 -0.741368
-0.213213 -0.740175
-0.211211 -0.738975
-0.209209 -0.737768
-0.207207 -0.736555
-0.205205 -0.735334
-0.203203 -0.734106
-0.201201 -0.732872
-0.199199 -0.73163
-0.197197 -0.730381
-0.195195 -0.729126
-0.193193 -0.727864
-0.191191 -0.726594
-0.189189 -0.725318
-0.187187 -0.724034
-0.185185 -0.722744
-0.183183 -0.721447
-0.181181 -0.720143
-0.179179 -0.718832
-0.177177 -0.717514
-0.175175 -0.716188
-0.173173 -0.714857
-0.171171 -0.713517
-0.169169 -0.71217
-0.167167 -0.710815
-0.165165 -0.709453
-0.163163 -0.708083
-0.161161 -0.706705
-0.159159 -0.70532
-0.157157 -0.703927
-0.155155 -0.702527
-0.153153 -0.701119
-0.151151 -0.699703
-0.149149 -0.69828
-0.147147 -0.696849
-0.145145 -0.695411
-0.143143 -0.693965
-0.141141 -0.692512
-0.139139 -0.691051
-0.137137 -0.689582
-0.135135 -0.688106
-0.133133 -0.686622
-0.131131 -0.68513
-0.129129 -0.683631
-0.127127 -0.682125
-0.125125 -0.68061
-0.123123 -0.679089
-0.121121 -0.677559
-0.119119 -0.676022
-0.117117 -0.674477
-0.115115 -0.672925
-0.113113 -0.671365
-0.111111 -0.669798
-0.109109 -0.668223
-0.107107 -0.66664
-0.105105 -0.66505
-0.103103 -0.663452
-0.101101 -0.661847
-0.0990991 -0.660234
-0.0970971 -0.658614
-0.0950951 -0.656985
-0.0930931 -0.65535
-0.0910911 -0.653706
-0.0890891 -0.652055
-0.0870871 -0.650397
-0.0850851 -0.648731
-0.0830831 -0.647057
-0.0810811 -0.645376
-0.0790791 -0.643687
-0.0770771 -0.64199
-0.0750751 -0.640286
-0.0730731 -0.638575
-0.0710711 -0.636855
-0.0690691 -0.635129
-0.0670671 -0.633394
-0.0650651 -0.631652
-0.0630631 -0.629902
-0.0610611 -0.628145
-0.0590591 -0.62638
-0.0570571 -0.624608
-0.0550551 -0.622828
-0.0530531 -0.62104
-0.0510511 -0.619245
-0.049049 -0.617442
-0.047047 -0.615632
-0.045045 -0.613814
-0.043043 -0.611988
-0.041041 -0.610155
-0.039039 -0.608314
-0.037037 -0.606466
-0.035035 -0.60461
-0.033033 -0.602746
-0.031031 -0.600875
-0.029029 -0.598994
-0.027027 -0.597106
-0.025025 -0.59521
-0.023023 -0.593305
-0.021021 -0.591393
-0.019019 -0.589472
-0.017017 -0.587543
-0.015015 -0.585606
-0.013013 -0.58366
-0.011011 -0.581707
-0.00900901 -0.579745
-0.00700701 -0.577775
-0.005005 -0.575797
-0.003003 -0.573811
-0.001001 -0.571817
0.001001 -0.569815
0.003003 -0.567804
0.005005 -0.565785
0.00700701 -0.563759
0.00900901 -0.561724
0.011011 -0.55968
0.013013 -0.557629
0.015015 -0.55557
0.017017 -0.553502
0.019019 -0.551426
0.021021 -0.549342
0.023023 -0.54725
0.025025 -0.54515
0.027027 -0.543041
0.029029 -0.540925
0.031031 -0.5388
0.033033 -0.536667
0.035035 -0.534526
0.037037 -0.532377
0.039039 -0.53022
0.041041 -0.528054
0.043043 -0.525881
0.045045 -0.523699
0.047047 -0.521509
0.049049 -0.519311
0.0510511 -0.517104
0.0530531 -0.51489
0.0550551 -0.512667
0.0570571 -0.510437
0.0590591 -0.508198
0.0610611 -0.505951
0.0630631 -0.503695
0.0650651 -0.501432
0.0670671 -0.499161
0.0690691 -0.496881
0.0710711 -0.494593
0.0730731 -0.492297
0.0750751 -0.489993
0.0770771 -0.487681
0.0790791 -0.48536
0.0810811 -0.483032
0.0830831 -0.480695
0.0850851 -0.47835
0.0870871 -0.475997
0.0890891 -0.473636
0.0910911 -0.471266
0.0930931 -0.468889
0.0950951 -0.466503
0.0970971 -0.464109
0.0990991 -0.461707
0.101101 -0.459297
0.103103 -0.456879
0.105105 -0.454452
0.107107 -0.452017
0.109109 -0.449574
0.111111 -0.447121
0.113113 -0.44466
0.115115 -0.44219
0.117117 -0.439711
0.119119 -0.437223
0.121121 -0.434727
0.123123 -0.432222
0.125125 -0.429708
0.127127 -0.427186
0.129129 -0.424655
0.131131 -0.422115
0.133133 -0.419566
0.135135 -0.417009
0.137137 -0.414442
0.139139 -0.411867
0.141141 -0.409284
0.143143 -0.406691
0.145145 -0.40409
0.147147 -0.40148
0.149149 -0.398862
0.151151 -0.396234
0.153153 -0.393598
0.155155 -0.390953
0.157157 -0.3883
0.159159 -0.385637
0.161161 -0.382966
0.163163 -0.380286
0.165165 -0.377598
0.167167 -0.3749
0.169169 -0.372194
0.171171 -0.36948
0.173173 -0.366756
0.175175 -0.364024
0.177177 -0.361283
0.179179 -0.358533
0.181181 -0.355774
0.183183 -0.353007
0.185185 -0.350231
0.187187 -0.347446
0.189189 -0.344653
0.191191 -0.341851
0.193193 -0.33904
0.195195 -0.33622
0.197197 -0.333392
0.199199 -0.330554
0.201201 -0.327709
0.203203 -0.324854
0.205205 -0.32199
0.207207 -0.319118
0.209209 -0.316237
0.211211 -0.313348
0.213213 -0.310449
0.215215 -0.307542
0.217217 -0.304626
0.219219 -0.301702
0.221221 -0.298768
0.223223 -0.295826
0.225225 -0.292875
0.227227 -0.289916
0.229229 -0.286948
0.231231 -0.283971
0.233233 -0.280985
0.235235 -0.27799
0.237237 -0.274987
0.239239 -0.271975
0.241241 -0.268954
0.243243 -0.265925
0.245245 -0.262887
0.247247 -0.259839
0.249249 -0.256782
0.251251 -0.253715
0.253253 -0.250639
0.255255 -0.247553
0.257257 -0.244458
0.259259 -0.241353
0.261261 -0.238239
0.263263 -0.235115
0.265265 -0.231982
0.267267 -0.22884
0.269269 -0.225688
0.271271 -0.222526
0.273273 -0.219355
0.275275 -0.216175
0.277277 -0.212985
0.279279 -0.209786
0.281281 -0.206577
0.283283 -0.203358
0.285285 -0.200131
0.287287 -0.196893
0.289289 -0.193647
0.291291 -0.190391
0.293293 -0.187125
0.295295 -0.18385
0.297297 -0.180565
0.299299 -0.177271
0.301301 -0.173968
0.303303 -0.170655
0.305305 -0.167332
0.307307 -0.164
0.309309 -0.160659
0.311311 -0.157308
0.313313 -0.153947
0.315315 -0.150578
0.317317 -0.147198
0.319319 -0.14381
0.321321 -0.140411
0.323323 -0.137004
0.325325 -0.133586
0.327327 -0.13016
0.329329 -0.126724
0.331331 -0.123278
0.333333 -0.119823
0.335335 -0.116358
0.337337 -0.112884
0.339339 -0.109401
0.341341 -0.105908
0.343343 -0.102406
0.345345 -0.0988936
0.347347 -0.0953722
0.349349 -0.0918414
0.351351 -0.0883011
0.353353 -0.0847513
0.355355 -0.0811921
0.357357 -0.0776233
0.359359 -0.0740452
0.361361 -0.0704575
0.363363 -0.0668604
0.365365 -0.0632538
0.367367 -0.0596377
0.369369 -0.0560121
0.371371 -0.0523771
0.373373 -0.0487326
0.375375 -0.0450787
0.377377 -0.0414153
0.379379 -0.0377424
0.381381 -0.0340617
0.383383 -0.0303704
0.385385 -0.0266685
0.387387 -0.0229561
0.389389 -0.0192332
0.391391 -0.0154997
0.393393 -0.0117557
0.395395 -0.00800108
0.397397 -0.00423595
0.399399 -0.000460265
0.401401 0.00332596
0.403403 0.00712274
0.405405 0.0109301
0.407407 0.0147479
0.409409 0.0185764
0.411411 0.0224153
0.413413 0.0262648
0.415415 0.0301249
0.417417 0.0339955
0.419419 0.0378767
0.421421 0.0417684
0.423423 0.0456706
0.425425 0.0495834
0.427427 0.0535068
0.429429 0.0574407
0.431431 0.0613851
0.433433 0.0653401
0.435435 0.0693056
0.437437 0.0732817
0.439439 0.0772683
0.441441 0.0812655
0.443443 0.0852732
0.445445 0.0892915
0.447447 0.0933203
0.449449 0.0973597
0.451451 0.10141
0.453453 0.10547
0.455455 0.109541
0.457457 0.113623
0.459459 0.117715
0.461461 0.121817
0.463463 0.125931
0.465465 0.130054
0.467467 0.134189
0.469469 0.138334
0.471471 0.142489
0.473473 0.146655
0.475475 0.150831
0.477477 0.155018
0.479479 0.159216
0.481481 0.163424
0.483483 0.167643
0.485485 0.171872
0.487487 0.176112
0.489489 0.180362
0.491491 0.184623
0.493493 0.188894
0.495495 0.193176
0.497497 0.197469
0.499499 0.201772
0.501501 0.206086
0.503503 0.21041
0.505506 0.214744
0.507508 0.21909
0.50951 0.223445
0.511512 0.227812
0.513514 0.232189
0.515516 0.236576
0.517518 0.240973
0.51952 0.245377
0.521522 0.249794
0.523524 0.254223
0.525526 0.258665
0.527528 0.263119
0.52953 0.267585
0.531532 0.272064
0.533534 0.276556
0.535536 0.281059
0.537538 0.285576
0.53954 0.290105
0.541542 0.294646
0.543544 0.2992
0.545546 0.303766
0.547548 0.308345
0.54955 0.312936
0.551552 0.31754
0.553554 0.322157
0.555556 0.326785
0.557558 0.331427
0.55956 0.33608
0.561562 0.340746
0.563564 0.345425
0.565566 0.350116
0.567568 0.35482
0.56957 0.359536
0.571572 0.364264
0.573574 0.369006
0.575576 0.373759
0.577578 0.378525
0.57958 0.383304
0.581582 0.388095
0.583584 0.392898
0.585586 0.397714
0.587588 0.402542
0.58959 0.407383
0.591592 0.412237
0.593594 0.417103
0.595596 0.421981
0.597598 0.426872
0.5996 0.431775
0.601602 0.436691
0.603604 0.441619
0.605606 0.44656
0.607608 0.451513
0.60961 0.456479
0.611612 0.461457
0.613614 0.466448
0.615616 0.471451
0.617618 0.476466
0.61962 0.481494
0.621622 0.486535
0.623624 0.491588
0.625626 0.496654
0.627628 0.501732
0.62963 0.506822
0.631632 0.511925
0.633634 0.517041
0.635636 0.522169
0.637638 0.527309
0.63964 0.532462
0.641642 0.537627
0.643644 0.542805
0.645646 0.547995
0.647648 0.553198
0.64965 0.558414
0.651652 0.563641
0.653654 0.568882
0.655656 0.57413
0.657658 0.579379
0.65966 0.584644
0.661662 0.589927
0.663664 0.595227
0.665666 0.600544
0.667668 0.605878
0.66967 0.611229
0.671672 0.616598
0.673674 0.621983
0.675676 0.627385
0.677678 0.632805
0.67968 0.638241
0.681682 0.643695
0.683684 0.649165
0.685686 0.654653
0.687688 0.660157
0.68969 0.665679
0.691692 0.671218
0.693694 0.676774
0.695696 0.682347
0.697698 0.687937
0.6997 0.693544
0.701702 0.699168
0.703704 0.704809
0.705706 0.710467
0.707708 0.716142
0.70971 0.721835
0.711712 0.727544
0.713714 0.73327
0.715716 0.739014
0.717718 0.744774
0.71972 0.750552
0.721722 0.756347
0.723724 0.762158
0.725726 0.767987
0.727728 0.773833
0.72973 0.779696
0.731732 0.785576
0.733734 0.791473
0.735736 0.797387
0.737738 0.803318
0.73974 0.809266
0.741742 0.815232
0.743744 0.821214
0.745746 0.827213
0.747748 0.83323
0.74975 0.839263
0.751752 0.845314
0.753754 0.851381
0.755756 0.857466
0.757758 0.863568
0.75976 0.869687
0.761762 0.875822
0.763764 0.881975
0.765766 0.888145
0.767768 0.894332
0.76977 0.900536
0.771772 0.906758
0.773774 0.912996
0.775776 0.919251
0.777778 0.925523
0.77978 0.931813
0.781782 0.938119
0.783784 0.944443
0.785786 0.950783
0.787788 0.957141
0.78979 0.963516
0.791792 0.969907
0.793794 0.976265
0.795796 0.982555
0.797798 0.988883
0.7998 0.995247
0.801802 1.00165
0.803804 1.00809
0.805806 1.01456
0.807808 1.02108
0.80981 1.02763
0.811812 1.03421
0.813814 1.04084
0.815816 1.0475
0.817818 1.0542
0.81982 1.06093
0.821822 1.0677
0.823824 1.07451
0.825826 1.08136
0.827828 1.08824
0.82983 1.09516
0.831832 1.10212
0.833834 1.10911
0.835836 1.11615
0.837838 1.12321
0.83984 1.13032
0.841842 1.13746
0.843844 1.14464
0.845846 1.15186
0.847848 1.15911
0.84985 1.1664
0.851852 1.17373
0.853854 1.1811
0.855856 1.1885
0.857858 1.19594
0.85986 1.20341
0.861862 1.21093
0.863864 1.21848
0.865866 1.22606
0.867868 1.23369
0.86987 1.24135
0.871872 1.24905
0.873874 1.25678
0.875876 1.26455
0.877878 1.27236
0.87988 1.28021
0.881882 1.28809
0.883884 1.29601
0.885886 1.30397
0.887888 1.31197
0.88989 1.32
0.891892 1.32807
0.893894 1.33617
0.895896 1.34431
0.897898 1.35249
0.8999 1.36071
0.901902 1.36897
0.903904 1.37726
0.905906 1.38558
0.907908 1.39395
0.90991 1.40235
0.911912 1.41079
0.913914 1.41927
0.915916 1.42778
0.917918 1.43633
0.91992 1.44492
0.921922 1.45354
0.923924 1.4622
0.925926 1.4709
0.927928 1.47964
0.92993 1.48841
0.931932 0
0.933934 0
0.935936 0
0.937938 0
0.93994 0
0.941942 0
0.943944 0
0.945946 0
0.947948 0
0.94995 0
0.951952 0
0.953954 0
0.955956 0
0.957958 0
0.95996 0
0.961962 0
0.963964 0
0.965966 0
0.967968 0
0.96997 0
0.971972 0
0.973974 0
0.975976 0
0.977978 0
0.97998 0
0.981982 0
0.983984 0
0.985986 0
0.987988 0
0.98999 0
0.991992 0
0.993994 0
0.995996 0
0.997998 0
1 0
