-1 -1.14145
-0.997998 -1.12752
-0.995996 -1.11397
-0.993994 -1.10082
-0.991992 -1.08806
-0.98999 -1.0757
-0.987988 -1.06372
-0.985986 -1.05214
-0.983984 -1.04095
-0.981982 -1.03015
-0.97998 -1.01975
-0.977978 -1.00973
-0.975976 -1.00011
-0.973974 -0.990886
-0.971972 -0.98205
-0.96997 -0.973606
-0.967968 -0.965555
-0.965966 -0.957896
-0.963964 -0.950629
-0.961962 -0.943754
-0.95996 -0.937272
-0.957958 -0.931182
-0.955956 -0.925484
-0.953954 -0.920179
-0.951952 -0.915266
-0.94995 -0.910745
-0.947948 -0.906616
-0.945946 -0.90288
-0.943944 -0.899536
-0.941942 -0.896584
-0.93994 -0.894025
-0.937938 -0.891857
-0.935936 -0.890083
-0.933934 -0.8887
-0.931932 -0.88771
-0.92993 -0.887111
-0.927928 -0.886906
-0.925926 -0.887092
-0.923924 -0.887671
-0.921922 -0.888642
-0.91992 -0.890005
-0.917918 -0.891057
-0.915916 -0.889843
-0.913914 -0.888654
-0.911912 -0.88749
-0.90991 -0.886352
-0.907908 -0.885238
-0.905906 -0.88415
-0.903904 -0.883087
-0.901902 -0.882049
-0.8999 -0.881036
-0.897898 -0.880048
-0.895896 -0.879085
-0.893894 -0.878147
-0.891892 -0.877234
-0.88989 -0.876347
-0.887888 -0.875485
-0.885886 -0.874647
-0.883884 -0.873835
-0.881882 -0.873048
-0.87988 -0.872286
-0.877878 -0.871549
-0.875876 -0.870837
-0.873874 -0.870151
-0.871872 -0.869489
-0.86987 -0.868852
-0.867868 -0.868241
-0.865866 -0.867655
-0.863864 -0.867094
-0.861862 -0.866558
-0.85986 -0.866047
-0.857858 -0.865561
-0.855856 -0.8651
-0.853854 -0.864664
-0.851852 -0.864254
-0.84985 -0.863868
-0.847848 -0.863508
-0.845846 -0.863173
-0.843844 -0.862863
-0.841842 -0.862578
-0.83984 -0.862318
-0.837838 -0.862083
-0.835836 -0.861844
-0.833834 -0.861581
-0.831832 -0.861324
-0.82983 -0.861074
-0.827828 -0.86083
-0.825826 -0.860593
-0.823824 -0.860363
-0.821822 -0.860139
-0.81982 -0.859922
-0.817818 -0.859711
-0.815816 -0.859507
-0.813814 -0.859309
-0.811812 -0.859118
-0.80981 -0.858933
-0.807808 -0.858755
-0.805806 -0.858584
-0.803804 -0.858419
-0.801802 -0.858261
-0.7998 -0.858109
-0.797798 -0.857964
-0.795796 -0.857825
-0.793794 -0.857693
-0.791792 -0.857567
-0.78979 -0.857448
-0.787788 -0.857336
-0.785786 -0.85723
-0.783784 -0.857131
-0.781782 -0.857038
-0.77978 -0.856952
-0.777778 -0.856872
-0.775776 -0.856799
-0.773774 -0.856732
-0.771772 -0.856672
-0.76977 -0.856619
-0.767768 -0.856572
-0.765766 -0.856531
-0.763764 -0.856498
-0.761762 -0.85647
-0.75976 -0.85645
-0.757758 -0.856436
-0.755756 -0.856428
-0.753754 -0.856417
-0.751752 -0.856402
-0.74975 -0.856387
-0.747748 -0.856373
-0.745746 -0.856359
-0.743744 -0.856346
-0.741742 -0.856333
-0.73974 -0.85632
-0.737738 -0.856308
-0.735736 -0.856297
-0.733734 -0.856285
-0.731732 -0.856274
-0.72973 -0.856264
-0.727728 -0.856253
-0.725726 -0.856244
-0.723724 -0.856234
-0.721722 -0.856225
-0.71972 -0.856217
-0.717718 -0.856208
-0.715716 -0.856201
-0.713714 -0.856193
-0.711712 -0.856186
-0.70971 -0.856179
-0.707708 -0.856173
-0.705706 -0.856167
-0.703704 -0.856162
-0.701702 -0.856157
-0.6997 -0.856152
-0.697698 -0.856148
-0.695696 -0.856144
-0.693694 -0.856141
-0.691692 -0.856137
-0.68969 -0.856135
-0.687688 -0.856132
-0.685686 -0.856131
-0.683684 -0.856129
-0.681682 -0.856128
-0.67968 -0.856127
-0.677678 -0.856127
-0.675676 -0.856127
-0.673674 -0.856127
-0.671672 -0.856123
-0.66967 -0.856115
-0.667668 -0.856105
-0.665666 -0.856093
-0.663664 -0.856078
-0.661662 -0.85606
-0.65966 -0.85604
-0.657658 -0.856017
-0.655656 -0.855992
-0.653654 -0.855964
-0.651652 -0.855934
-0.64965 -0.855901
-0.647648 -0.855866
-0.645646 -0.855828
-0.643644 -0.855788
-0.641642 -0.855745
-0.63964 -0.855699
-0.637638 -0.855651
-0.635636 -0.855601
-0.633634 -0.855548
-0.631632 -0.855492
-0.62963 -0.855434
-0.627628 -0.855373
-0.625626 -0.85531
-0.623624 -0.855244
-0.621622 -0.855176
-0.61962 -0.855105
-0.617618 -0.855032
-0.615616 -0.854956
-0.613614 -0.854878
-0.611612 -0.854797
-0.60961 -0.854713
-0.607608 -0.854627
-0.605606 -0.854539
-0.603604 -0.854448
-0.601602 -0.854354
-0.5996 -0.854258
-0.597598 -0.854159
-0.595596 -0.854058
-0.593594 -0.853954
-0.591592 -0.853848
-0.58959 -0.853736
-0.587588 -0.85362
-0.585586 -0.853499
-0.583584 -0.853375
-0.581582 -0.853246
-0.57958 -0.853113
-0.577578 -0.852976
-0.575576 -0.852835
-0.573574 -0.852689
-0.571572 -0.85254
-0.56957 -0.852386
-0.567568 -0.852227
-0.565566 -0.852065
-0.563564 -0.851899
-0.561562 -0.851728
-0.55956 -0.851553
-0.557558 -0.851374
-0.555556 -0.85119
-0.553554 -0.851003
-0.551552 -0.850811
-0.54955 -0.850615
-0.547548 -0.850415
-0.545546 -0.85021
-0.543544 -0.850002
-0.541542 -0.849789
-0.53954 -0.849572
-0.537538 -0.849351
-0.535536 -0.849125
-0.533534 -0.848896
-0.531532 -0.848662
-0.52953 -0.848424
-0.527528 -0.848182
-0.525526 -0.847935
-0.523524 -0.847685
-0.521522 -0.84743
-0.51952 -0.847171
-0.517518 -0.846908
-0.515516 -0.84664
-0.513514 -0.846368
-0.511512 -0.846093
-0.50951 -0.845812
-0.507508 -0.845526
-0.505506 -0.845234
-0.503503 -0.844938
-0.501501 -0.844635
-0.499499 -0.844328
-0.497497 -0.844015
-0.495495 -0.843698
-0.493493 -0.843374
-0.491491 -0.843046
-0.489489 -0.842712
-0.487487 -0.842373
-0.485485 -0.842029
-0.483483 -0.841679
-0.481481 -0.841324
-0.479479 -0.840964
-0.477477 -0.840599
-0.475475 -0.840228
-0.473473 -0.839852
-0.471471 -0.839471
-0.469469 -0.839085
-0.467467 -0.838693
-0.465465 -0.838296
-0.463463 -0.837893
-0.461461 -0.837486
-0.459459 -0.837073
-0.457457 -0.836655
-0.455455 -0.836231
-0.453453 -0.835803
-0.451451 -0.835369
-0.449449 -0.834929
-0.447447 -0.834485
-0.445445 -0.834035
-0.443443 -0.83358
-0.441441 -0.833119
-0.439439 -0.832654
-0.437437 -0.832183
-0.435435 -0.831707
-0.433433 -0.831225
-0.431431 -0.830738
-0.429429 -0.830246
-0.427427 -0.829749
-0.425425 -0.829245
-0.423423 -0.828735
-0.421421 -0.828218
-0.419419 -0.827696
-0.417417 -0.827168
-0.415415 -0.826634
-0.413413 -0.826094
-0.411411 -0.825548
-0.409409 -0.824996
-0.407407 -0.824437
-0.405405 -0.823873
-0.403403 -0.823303
-0.401401 -0.822726
-0.399399 -0.822144
-0.397397 -0.821556
-0.395395 -0.820961
-0.393393 -0.820361
-0.391391 -0.819754
-0.389389 -0.819142
-0.387387 -0.818523
-0.385385 -0.817899
-0.383383 -0.817268
-0.381381 -0.816631
-0.379379 -0.815989
-0.377377 -0.81534
-0.375375 -0.814685
-0.373373 -0.814025
-0.371371 -0.813358
-0.369369 -0.812685
-0.367367 -0.812006
-0.365365 -0.811321
-0.363363 -0.810631
-0.361361 -0.809934
-0.359359 -0.809231
-0.357357 -0.808522
-0.355355 -0.807807
-0.353353 -0.807086
-0.351351 -0.806359
-0.349349 -0.805626
-0.347347 -0.804887
-0.345345 -0.804141
-0.343343 -0.803389
-0.341341 -0.80263
-0.339339 -0.801864
-0.337337 -0.801092
-0.335335 -0.800314
-0.333333 -0.799529
-0.331331 -0.798737
-0.329329 -0.797938
-0.327327 -0.797133
-0.325325 -0.796322
-0.323323 -0.795504
-0.321321 -0.794679
-0.319319 -0.793848
-0.317317 -0.79301
-0.315315 -0.792165
-0.313313 -0.791314
-0.311311 -0.790456
-0.309309 -0.789592
-0.307307 -0.788721
-0.305305 -0.787844
-0.303303 -0.78696
-0.301301 -0.786069
-0.299299 -0.785172
-0.297297 -0.784268
-0.295295 -0.783357
-0.293293 -0.78244
-0.291291 -0.781517
-0.289289 -0.780586
-0.287287 -0.77965
-0.285285 -0.778706
-0.283283 -0.777756
-0.281281 -0.7768
-0.279279 -0.775837
-0.277277 -0.774867
-0.275275 -0.77389
-0.273273 -0.772907
-0.271271 -0.771918
-0.269269 -0.770922
-0.267267 -0.769919
-0.265265 -0.76891
-0.263263 -0.767893
-0.261261 -0.76687
-0.259259 -0.76584
-0.257257 -0.764802
-0.255255 -0.763757
-0.253253 -0.762706
-0.251251 -0.761647
-0.249249 -0.760582
-0.247247 -0.759509
-0.245245 -0.758429
-0.243243 -0.757342
-0.241241 -0.756249
-0.239239 -0.755148
-0.237237 -0.75404
-0.235235 -0.752925
-0.233233 -0.751803
-0.231231 -0.750674
-0.229229 -0.749538
-0.227227 -0.748395
-0.225225 -0.747244
-0.223223 -0.746087
-0.221221 -0.744923
-0.219219 -0.743752
-0.217217 -0.742573
-0.215215 -0.741388
-0.213213 -0.740195
-0.211211 -0.738996
-0.209209 -0.737789
-0.207207 -0.736576
-0.205205 -0.735355
-0.203203 -0.734128
-0.201201 -0.732893
-0.199199 -0.731651
-0.197197 -0.730403
-0.195195 -0.729147
-0.193193 -0.727884
-0.191191 -0.726614
-0.189189 -0.725337
-0.187187 -0.724053
-0.185185 -0.722762
-0.183183 -0.721464
-0.181181 -0.720158
-0.179179 -0.718846
-0.177177 -0.717525
-0.175175 -0.716197
-0.173173 -0.714862
-0.171171 -0.71352
-0.169169 -0.712169
-0.167167 -0.710812
-0.165165 -0.709447
-0.163163 -0.708075
-0.161161 -0.706695
-0.159159 -0.705308
-0.157157 -0.703913
-0.155155 -0.702511
-0.153153 -0.701102
-0.151151 -0.699685
-0.149149 -0.69826
-0.147147 -0.696829
-0.145145 -0.69539
-0.143143 -0.693943
-0.141141 -0.692489
-0.139139 -0.691028
-0.137137 -0.689559
-0.135135 -0.688082
-0.133133 -0.686599
-0.131131 -0.685108
-0.129129 -0.683609
-0.127127 -0.682103
-0.125125 -0.68059
-0.123123 -0.679069
-0.121121 -0.677541
-0.119119 -0.676005
-0.117117 -0.674462
-0.115115 -0.672911
-0.113113 -0.671353
-0.111111 -0.669788
-0.109109 -0.668215
-0.107107 -0.666635
-0.105105 -0.665047
-0.103103 -0.663452
-0.101101 -0.66185
-0.0990991 -0.660239
-0.0970971 -0.658621
-0.0950951 -0.656995
-0.0930931 -0.655362
-0.0910911 -0.65372
-0.0890891 -0.652071
-0.0870871 -0.650414
-0.0850851 -0.648749
-0.0830831 -0.647077
-0.0810811 -0.645397
-0.0790791 -0.643709
-0.0770771 -0.642013
-0.0750751 -0.640309
-0.0730731 -0.638598
-0.0710711 -0.636879
-0.0690691 -0.635152
-0.0670671 -0.633417
-0.0650651 -0.631675
-0.0630631 -0.629925
-0.0610611 -0.628167
-0.0590591 -0.626401
-0.0570571 -0.624628
-0.0550551 -0.622846
-0.0530531 -0.621057
-0.0510511 -0.619261
-0.049049 -0.617456
-0.047047 -0.615644
-0.045045 -0.613824
-0.043043 -0.611996
-0.041041 -0.61016
-0.039039 -0.608317
-0.037037 -0.606466
-0.035035 -0.604607
-0.033033 -0.60274
-0.031031 -0.600866
-0.029029 -0.598983
-0.027027 -0.597093
-0.025025 -0.595196
-0.023023 -0.59329
-0.021021 -0.591377
-0.019019 -0.589456
-0.017017 -0.587526
-0.015015 -0.585589
-0.013013 -0.583643
-0.011011 -0.58169
-0.00900901 -0.579728
-0.00700701 -0.577758
-0.005005 -0.575781
-0.003003 -0.573795
-0.001001 -0.571801
0.001001 -0.569799
0.003003 -0.567788
0.005005 -0.56577
0.00700701 -0.563743
0.00900901 -0.561709
0.011011 -0.559666
0.013013 -0.557616
0.015015 -0.555557
0.017017 -0.55349
0.019019 -0.551415
0.021021 -0.549332
0.023023 -0.54724
0.025025 -0.545141
0.027027 -0.543034
0.029029 -0.540918
0.031031 -0.538795
0.033033 -0.536663
0.035035 -0.534523
0.037037 -0.532375
0.039039 -0.530219
0.041041 -0.528055
0.043043 -0.525883
0.045045 -0.523703
0.047047 -0.521514
0.049049 -0.519318
0.0510511 -0.517113
0.0530531 -0.5149
0.0550551 -0.51268
0.0570571 -0.510451
0.0590591 -0.508214
0.0610611 -0.505969
0.0630631 -0.503715
0.0650651 -0.501454
0.0670671 -0.499184
0.0690691 -0.496905
0.0710711 -0.494618
0.0730731 -0.492323
0.0750751 -0.490019
0.0770771 -0.487706
0.0790791 -0.485386
0.0810811 -0.483056
0.0830831 -0.480719
0.0850851 -0.478373
0.0870871 -0.476018
0.0890891 -0.473655
0.0910911 -0.471284
0.0930931 -0.468904
0.0950951 -0.466516
0.0970971 -0.46412
0.0990991 -0.461715
0.101101 -0.459301
0.103103 -0.456879
0.105105 -0.454449
0.107107 -0.45201
0.109109 -0.449563
0.111111 -0.447107
0.113113 -0.444643
0.115115 -0.442171
0.117117 -0.43969
0.119119 -0.4372
0.121121 -0.434702
0.123123 -0.432196
0.125125 -0.429681
0.127127 -0.427158
0.129129 -0.424627
0.131131 -0.422087
0.133133 -0.419538
0.135135 -0.416982
0.137137 -0.414416
0.139139 -0.411843
0.141141 -0.409261
0.143143 -0.40667
0.145145 -0.404071
0.147147 -0.401463
0.149149 -0.398846
0.151151 -0.396221
0.153153 -0.393586
0.155155 -0.390943
0.157157 -0.388291
0.159159 -0.385631
0.161161 -0.382961
0.163163 -0.380283
0.165165 -0.377596
0.167167 -0.3749
0.169169 -0.372196
0.171171 -0.369482
0.173173 -0.36676
0.175175 -0.364029
0.177177 -0.361289
0.179179 -0.358541
0.181181 -0.355783
0.183183 -0.353017
0.185185 -0.350242
0.187187 -0.347458
0.189189 -0.344666
0.191191 -0.341864
0.193193 -0.339054
0.195195 -0.336235
0.197197 -0.333408
0.199199 -0.330571
0.201201 -0.327726
0.203203 -0.324872
0.205205 -0.322009
0.207207 -0.319137
0.209209 -0.316257
0.211211 -0.313367
0.213213 -0.310469
0.215215 -0.307562
0.217217 -0.304647
0.219219 -0.301722
0.221221 -0.298789
0.223223 -0.295847
0.225225 -0.292896
0.227227 -0.289936
0.229229 -0.286967
0.231231 -0.283989
0.233233 -0.281002
0.235235 -0.278005
0.237237 -0.274999
0.239239 -0.271984
0.241241 -0.26896
0.243243 -0.265927
0.245245 -0.262884
0.247247 -0.259832
0.249249 -0.256771
0.251251 -0.253701
0.253253 -0.250622
0.255255 -0.247533
0.257257 -0.244435
0.259259 -0.241328
0.261261 -0.238212
0.263263 -0.235086
0.265265 -0.231952
0.267267 -0.228808
0.269269 -0.225655
0.271271 -0.222492
0.273273 -0.219321
0.275275 -0.21614
0.277277 -0.21295
0.279279 -0.209751
0.281281 -0.206543
0.283283 -0.203325
0.285285 -0.200099
0.287287 -0.196863
0.289289 -0.193618
0.291291 -0.190363
0.293293 -0.1871
0.295295 -0.183827
0.297297 -0.180545
0.299299 -0.177254
0.301301 -0.173954
0.303303 -0.170644
0.305305 -0.167325
0.307307 -0.163997
0.309309 -0.16066
0.311311 -0.157313
0.313313 -0.153956
0.315315 -0.15059
0.317317 -0.147213
0.319319 -0.143827
0.321321 -0.140432
0.323323 -0.137026
0.325325 -0.133611
0.327327 -0.130187
0.329329 -0.126752
0.331331 -0.123308
0.333333 -0.119854
0.335335 -0.11639
0.337337 -0.112917
0.339339 -0.109434
0.341341 -0.105941
0.343343 -0.102439
0.345345 -0.0989269
0.347347 -0.0954051
0.349349 -0.0918736
0.351351 -0.0883324
0.353353 -0.0847815
0.355355 -0.0812208
0.357357 -0.0776505
0.359359 -0.0740705
0.361361 -0.0704807
0.363363 -0.0668813
0.365365 -0.0632721
0.367367 -0.0596533
0.369369 -0.0560247
0.371371 -0.0523865
0.373373 -0.0487385
0.375375 -0.0450808
0.377377 -0.0414134
0.379379 -0.0377364
0.381381 -0.0340496
0.383383 -0.0303531
0.385385 -0.0266469
0.387387 -0.022931
0.389389 -0.0192055
0.391391 -0.0154699
0.393393 -0.0117238
0.395395 -0.00796742
0.397397 -0.00420068
0.399399 -0.000423595
0.401401 0.00336384
0.403403 0.00716163
0.405405 0.0109698
0.407407 0.0147883
0.409409 0.0186171
0.411411 0.0224563
0.413413 0.0263058
0.415415 0.0301657
0.417417 0.034036
0.419419 0.0379165
0.421421 0.0418075
0.423423 0.0457088
0.425425 0.0496204
0.427427 0.0535424
0.429429 0.0574747
0.431431 0.0614174
0.433433 0.0653705
0.435435 0.0693338
0.437437 0.0733076
0.439439 0.0772917
0.441441 0.0812861
0.443443 0.0852909
0.445445 0.089306
0.447447 0.0933315
0.449449 0.0973674
0.451451 0.101414
0.453453 0.10547
0.455455 0.109537
0.457457 0.113614
0.459459 0.117702
0.461461 0.1218
0.463463 0.125908
0.465465 0.130027
0.467467 0.134156
0.469469 0.138295
0.471471 0.142444
0.473473 0.146605
0.475475 0.150777
0.477477 0.15496
0.479479 0.159154
0.481481 0.16336
0.483483 0.167577
0.485485 0.171805
0.487487 0.176044
0.489489 0.180294
0.491491 0.184556
0.493493 0.188829
0.495495 0.193113
0.497497 0.197409
0.499499 0.201715
0.501501 0.206033
0.503503 0.210363
0.505506 0.214703
0.507508 0.219055
0.50951 0.223418
0.511512 0.227792
0.513514 0.232177
0.515516 0.236574
0.517518 0.240982
0.51952 0.245401
0.521522 0.249831
0.523524 0.254273
0.525526 0.258726
0.527528 0.26319
0.52953 0.267665
0.531532 0.272151
0.533534 0.276649
0.535536 0.281158
0.537538 0.285678
0.53954 0.29021
0.541542 0.294753
0.543544 0.299307
0.545546 0.303872
0.547548 0.308448
0.54955 0.313036
0.551552 0.317635
0.553554 0.322244
0.555556 0.326867
0.557558 0.331501
0.55956 0.336149
0.561562 0.340809
0.563564 0.345481
0.565566 0.350166
0.567568 0.354864
0.56957 0.359574
0.571572 0.364297
0.573574 0.369032
0.575576 0.37378
0.577578 0.378541
0.57958 0.383314
0.581582 0.388099
0.583584 0.392897
0.585586 0.397708
0.587588 0.402531
0.58959 0.407367
0.591592 0.412215
0.593594 0.417076
0.595596 0.42195
0.597598 0.426836
0.5996 0.431735
0.601602 0.436646
0.603604 0.44157
0.605606 0.446506
0.607608 0.451455
0.60961 0.456416
0.611612 0.46139
0.613614 0.466377
0.615616 0.471376
0.617618 0.476388
0.61962 0.481412
0.621622 0.486449
0.623624 0.491498
0.625626 0.49656
0.627628 0.501634
0.62963 0.506721
0.631632 0.511821
0.633634 0.516932
0.635636 0.522056
0.637638 0.527195
0.63964 0.532348
0.641642 0.537516
0.643644 0.542699
0.645646 0.547896
0.647648 0.553109
0.64965 0.558336
0.651652 0.563577
0.653654 0.568834
0.655656 0.574105
0.657658 0.579391
0.65966 0.584692
0.661662 0.590007
0.663664 0.595337
0.665666 0.600682
0.667668 0.606042
0.66967 0.611416
0.671672 0.616805
0.673674 0.622209
0.675676 0.627627
0.677678 0.633061
0.67968 0.638509
0.681682 0.643972
0.683684 0.649449
0.685686 0.654941
0.687688 0.660448
0.68969 0.66597
0.691692 0.671506
0.693694 0.677058
0.695696 0.682624
0.697698 0.688204
0.6997 0.6938
0.701702 0.69941
0.703704 0.705035
0.705706 0.710674
0.707708 0.716328
0.70971 0.721998
0.711712 0.727681
0.713714 0.73338
0.715716 0.739089
0.717718 0.744814
0.71972 0.750559
0.721722 0.756322
0.723724 0.762104
0.725726 0.767905
0.727728 0.773724
0.72973 0.779563
0.731732 0.785421
0.733734 0.791297
0.735736 0.797192
0.737738 0.803106
0.73974 0.809039
0.741742 0.814991
0.743744 0.820961
0.745746 0.826951
0.747748 0.832959
0.74975 0.838986
0.751752 0.845032
0.753754 0.851097
0.755756 0.857181
0.757758 0.863284
0.75976 0.869405
0.761762 0.875546
0.763764 0.881705
0.765766 0.887883
0.767768 0.89408
0.76977 0.900295
0.771772 0.90653
0.773774 0.912784
0.775776 0.919056
0.777778 0.925347
0.77978 0.931657
0.781782 0.937986
0.783784 0.944334
0.785786 0.950701
0.787788 0.957086
0.78979 0.96349
0.791792 0.969914
0.793794 0.976356
0.795796 0.982817
0.797798 0.989276
0.7998 0.995763
0.801802 1.00228
0.803804 1.00882
0.805806 1.0154
0.807808 1.022
0.80981 1.02863
0.811812 1.03529
0.813814 1.04198
0.815816 1.0487
0.817818 1.05545
0.81982 1.06222
0.821822 1.06903
0.823824 1.07586
0.825826 1.08272
0.827828 1.08961
0.82983 1.09653
0.831832 1.10348
0.833834 1.11046
0.835836 1.11747
0.837838 1.1245
0.83984 1.13157
0.841842 1.13866
0.843844 1.14578
0.845846 1.15293
0.847848 1.16011
0.84985 1.16732
0.851852 1.17456
0.853854 1.18183
0.855856 1.18912
0.857858 1.19644
0.85986 1.2038
0.861862 1.21118
0.863864 1.21859
0.865866 1.22603
0.867868 1.2335
0.86987 1.241
0.871872 1.24852
0.873874 1.25608
0.875876 1.26366
0.877878 1.27124
0.87988 1.27872
0.881882 1.28626
0.883884 1.29388
0.885886 1.30157
0.887888 1.30933
0.88989 1.31717
0.891892 1.32508
0.893894 1.33306
0.895896 1.34112
0.897898 1.34925
0.8999 1.35745
0.901902 1.36572
0.903904 1.37407
0.905906 1.38249
0.907908 1.39098
0.90991 1.39955
0.911912 1.40819
0.913914 1.4169
0.915916 1.42568
0.917918 1.43454
0.91992 1.44347
0.921922 1.45247
0.923924 1.46155
0.925926 1.4707
0.927928 1.47992
0.92993 1.48921
0.931932 1.49858
0.933934 1.50802
0.935936 1.51753
0.937938 1.52712
0.93994 1.53678
0.941942 1.54651
0.943944 1.55631
0.945946 1.56619
0.947948 1.57614
0.94995 1.58617
0.951952 1.59626
0.953954 1.60643
0.955956 1.61667
0.957958 1.62699
0.95996 0
0.961962 0
0.963964 0
0.965966 0
0.967968 0
0.96997 0
0.971972 0
0.973974 0
0.975976 0
0.977978 0
0.97998 0
0.981982 0
0.983984 0
0.985986 0
0.987988 0
0.98999 0
0.991992 0
0.993994 0
0.995996 0
0.997998 0
1 0
