-1 -1.14145
-0.997998 -1.12323
-0.995996 -1.1053
-0.993994 -1.08765
-0.991992 -1.07029
-0.98999 -1.05321
-0.987988 -1.03642
-0.985986 -1.01991
-0.983984 -1.00368
-0.981982 -0.987742
-0.97998 -0.972086
-0.977978 -0.956715
-0.975976 -0.941629
-0.973974 -0.926827
-0.971972 -0.91231
-0.96997 -0.898077
-0.967968 -0.884129
-0.965966 -0.870466
-0.963964 -0.857087
-0.961962 -0.843993
-0.95996 -0.831184
-0.957958 -0.818659
-0.955956 -0.806419
-0.953954 -0.794464
-0.951952 -0.782793
-0.94995 -0.771406
-0.947948 -0.760305
-0.945946 -0.749488
-0.943944 -0.738955
-0.941942 -0.728708
-0.93994 -0.718745
-0.937938 -0.709066
-0.935936 -0.699672
-0.933934 -0.690563
-0.931932 -0.681738
-0.92993 -0.673198
-0.927928 -0.664943
-0.925926 -0.656972
-0.923924 -0.649286
-0.921922 -0.641885
-0.91992 -0.634768
-0.917918 -0.627936
-0.915916 -0.621388
-0.913914 -0.615125
-0.911912 -0.609147
-0.90991 -0.603453
-0.907908 -0.598044
-0.905906 -0.592919
-0.903904 -0.58808
-0.901902 -0.583524
-0.8999 -0.579254
-0.897898 -0.575268
-0.895896 -0.571567
-0.893894 -0.56815
-0.891892 -0.565018
-0.88989 -0.562171
-0.887888 -0.559608
-0.885886 -0.55733
-0.883884 -0.555336
-0.881882 -0.553627
-0.87988 -0.552203
-0.877878 -0.551063
-0.875876 -0.550208
-0.873874 -0.549638
-0.871872 -0.549352
-0.86987 -0.549351
-0.867868 -0.549634
-0.865866 -0.550202
-0.863864 -0.551055
-0.861862 -0.552192
-0.85986 -0.553614
-0.857858 -0.555321
-0.855856 -0.557312
-0.853854 -0.559588
-0.851852 -0.562149
-0.84985 -0.564994
-0.847848 -0.568124
-0.845846 -0.571538
-0.843844 -0.575237
-0.841842 -0.579221
-0.83984 -0.583489
-0.837838 -0.588042
-0.835836 -0.592879
-0.833834 -0.598001
-0.831832 -0.603408
-0.82983 -0.6091
-0.827828 -0.615076
-0.825826 -0.621336
-0.823824 -0.627882
-0.821822 -0.634712
-0.81982 -0.641826
-0.817818 -0.649225
-0.815816 -0.656909
-0.813814 -0.664877
-0.811812 -0.673131
-0.80981 -0.681668
-0.807808 -0.690491
-0.805806 -0.699597
-0.803804 -0.708989
-0.801802 -0.718665
-0.7998 -0.728626
-0.797798 -0.738872
-0.795796 -0.749402
-0.793794 -0.760216
-0.791792 -0.771316
-0.78979 -0.7827
-0.787788 -0.794368
-0.785786 -0.806321
-0.783784 -0.818559
-0.781782 -0.831082
-0.77978 -0.843889
-0.777778 -0.856981
-0.775776 -0.870095
-0.773774 -0.88297
-0.771772 -0.895605
-0.76977 -0.908002
-0.767768 -0.920158
-0.765766 -0.932076
-0.763764 -0.943754
-0.761762 -0.955192
-0.75976 -0.966392
-0.757758 -0.977351
-0.755756 -0.988072
-0.753754 -0.998553
-0.751752 -1.00879
-0.74975 -1.0188
-0.747748 -1.02856
-0.745746 -1.03808
-0.743744 -1.04737
-0.741742 -1.05641
-0.73974 -1.06522
-0.737738 -1.07378
-0.735736 -1.08211
-0.733734 -1.0902
-0.731732 -1.09804
-0.72973 -1.10565
-0.727728 -1.11302
-0.725726 -1.12015
-0.723724 -1.12704
-0.721722 -1.13369
-0.71972 -1.1401
-0.717718 -1.14628
-0.715716 -1.15221
-0.713714 -1.1579
-0.711712 -1.16336
-0.70971 -1.16857
-0.707708 -1.17354
-0.705706 -1.17828
-0.703704 -1.18278
-0.701702 -1.18703
-0.6997 -1.19105
-0.697698 -1.19483
-0.695696 -1.19837
-0.693694 -1.20167
-0.691692 -1.20473
-0.68969 -1.20755
-0.687688 -1.21013
-0.685686 -1.21247
-0.683684 -1.21457
-0.681682 -1.21644
-0.67968 -1.21806
-0.677678 -1.21944
-0.675676 -1.22059
-0.673674 -1.22149
-0.671672 -1.22216
-0.66967 -1.22259
-0.667668 -1.22277
-0.665666 -1.22272
-0.663664 -1.22243
-0.661662 -1.2219
-0.65966 -1.22113
-0.657658 -1.22012
-0.655656 -1.21887
-0.653654 -1.21738
-0.651652 -1.21565
-0.64965 -1.21368
-0.647648 -1.21148
-0.645646 -1.20903
-0.643644 -1.20635
-0.641642 -1.20342
-0.63964 -1.20026
-0.637638 -1.19685
-0.635636 -1.19321
-0.633634 -1.18933
-0.631632 -1.18521
-0.62963 -1.18084
-0.627628 -1.17624
-0.625626 -1.1714
-0.623624 -1.16632
-0.621622 -1.16101
-0.61962 -1.15545
-0.617618 -1.14965
-0.615616 -1.14361
-0.613614 -1.13734
-0.611612 -1.13082
-0.60961 -1.12407
-0.607608 -1.11707
-0.605606 -1.10984
-0.603604 -1.10236
-0.601602 -1.09465
-0.5996 -1.0867
-0.597598 -1.07851
-0.595596 -1.07008
-0.593594 -1.06141
-0.591592 -1.0525
-0.58959 -1.04335
-0.587588 -1.03396
-0.585586 -1.02433
-0.583584 -1.01446
-0.581582 -1.00436
-0.57958 -0.994011
-0.577578 -0.983425
-0.575576 -0.9726
-0.573574 -0.961536
-0.571572 -0.950232
-0.56957 -0.938689
-0.567568 -0.926907
-0.565566 -0.914885
-0.563564 -0.902624
-0.561562 -0.890123
-0.55956 -0.877383
-0.557558 -0.864404
-0.555556 -0.851185
-0.553554 -0.837963
-0.551552 -0.824972
-0.54955 -0.812214
-0.547548 -0.799687
-0.545546 -0.787392
-0.543544 -0.77533
-0.541542 -0.763499
-0.53954 -0.7519
-0.537538 -0.740533
-0.535536 -0.729398
-0.533534 -0.718495
-0.531532 -0.707824
-0.52953 -0.697385
-0.527528 -0.687178
-0.525526 -0.677202
-0.523524 -0.667459
-0.521522 -0.657948
-0.51952 -0.648668
-0.517518 -0.639621
-0.515516 -0.630805
-0.513514 -0.622222
-0.511512 -0.61387
-0.50951 -0.605751
-0.507508 -0.597863
-0.505506 -0.590207
-0.503503 -0.582783
-0.501501 -0.575591
-0.499499 -0.568631
-0.497497 -0.561903
-0.495495 -0.555407
-0.493493 -0.549143
-0.491491 -0.543111
-0.489489 -0.537311
-0.487487 -0.531743
-0.485485 -0.526406
-0.483483 -0.521302
-0.481481 -0.51643
-0.479479 -0.511789
-0.477477 -0.507381
-0.475475 -0.503204
-0.473473 -0.499259
-0.471471 -0.495547
-0.469469 -0.492066
-0.467467 -0.488817
-0.465465 -0.4858
-0.463463 -0.483015
-0.461461 -0.480462
-0.459459 -0.478141
-0.457457 -0.476052
-0.455455 -0.474195
-0.453453 -0.47257
-0.451451 -0.471177
-0.449449 -0.470016
-0.447447 -0.469086
-0.445445 -0.468389
-0.443443 -0.467923
-0.441441 -0.46769
-0.439439 -0.467688
-0.437437 -0.467919
-0.435435 -0.468381
-0.433433 -0.469075
-0.431431 -0.470002
-0.429429 -0.47116
-0.427427 -0.47255
-0.425425 -0.474172
-0.423423 -0.476026
-0.421421 -0.478112
-0.419419 -0.48043
-0.417417 -0.48298
-0.415415 -0.485762
-0.413413 -0.488776
-0.411411 -0.492021
-0.409409 -0.495499
-0.407407 -0.499208
-0.405405 -0.50315
-0.403403 -0.507324
-0.401401 -0.511729
-0.399399 -0.516366
-0.397397 -0.521236
-0.395395 -0.526337
-0.393393 -0.53167
-0.391391 -0.537235
-0.389389 -0.543033
-0.387387 -0.549062
-0.385385 -0.555323
-0.383383 -0.561816
-0.381381 -0.56854
-0.379379 -0.575497
-0.377377 -0.582686
-0.375375 -0.590107
-0.373373 -0.59776
-0.371371 -0.605644
-0.369369 -0.613761
-0.367367 -0.622109
-0.365365 -0.63069
-0.363363 -0.639502
-0.361361 -0.648547
-0.359359 -0.657823
-0.357357 -0.667331
-0.355355 -0.677071
-0.353353 -0.687044
-0.351351 -0.697248
-0.349349 -0.707684
-0.347347 -0.718352
-0.345345 -0.729252
-0.343343 -0.740383
-0.341341 -0.751747
-0.339339 -0.763343
-0.337337 -0.775171
-0.335335 -0.787231
-0.333333 -0.799522
-0.331331 -0.811807
-0.329329 -0.823848
-0.327327 -0.835644
-0.325325 -0.847196
-0.323323 -0.858502
-0.321321 -0.869565
-0.319319 -0.880382
-0.317317 -0.890955
-0.315315 -0.901283
-0.313313 -0.911367
-0.311311 -0.921206
-0.309309 -0.930801
-0.307307 -0.940151
-0.305305 -0.949256
-0.303303 -0.958116
-0.301301 -0.966732
-0.299299 -0.975104
-0.297297 -0.983231
-0.295295 -0.991113
-0.293293 -0.99875
-0.291291 -1.00614
-0.289289 -1.01329
-0.287287 -1.0202
-0.285285 -1.02685
-0.283283 -1.03327
-0.281281 -1.03944
-0.279279 -1.04536
-0.277277 -1.05104
-0.275275 -1.05648
-0.273273 -1.06167
-0.271271 -1.06662
-0.269269 -1.07132
-0.267267 -1.07578
-0.265265 -1.07999
-0.263263 -1.08396
-0.261261 -1.08768
-0.259259 -1.09116
-0.257257 -1.0944
-0.255255 -1.09739
-0.253253 -1.10013
-0.251251 -1.10263
-0.249249 -1.10489
-0.247247 -1.1069
-0.245245 -1.10867
-0.243243 -1.11019
-0.241241 -1.11146
-0.239239 -1.1125
-0.237237 -1.11329
-0.235235 -1.11383
-0.233233 -1.11413
-0.231231 -1.11418
-0.229229 -1.11399
-0.227227 -1.11356
-0.225225 -1.11288
-0.223223 -1.11195
-0.221221 -1.11079
-0.219219 -1.10937
-0.217217 -1.10771
-0.215215 -1.10581
-0.213213 -1.10366
-0.211211 -1.10127
-0.209209 -1.09864
-0.207207 -1.09575
-0.205205 -1.09263
-0.203203 -1.08926
-0.201201 -1.08564
-0.199199 -1.08178
-0.197197 -1.07768
-0.195195 -1.07333
-0.193193 -1.06874
-0.191191 -1.0639
-0.189189 -1.05882
-0.187187 -1.05349
-0.185185 -1.04792
-0.183183 -1.0421
-0.181181 -1.03604
-0.179179 -1.02973
-0.177177 -1.02318
-0.175175 -1.01639
-0.173173 -1.00935
-0.171171 -1.00207
-0.169169 -0.994537
-0.167167 -0.986763
-0.165165 -0.978745
-0.163163 -0.970483
-0.161161 -0.961975
-0.159159 -0.953223
-0.157157 -0.944227
-0.155155 -0.934986
-0.153153 -0.9255
-0.151151 -0.91577
-0.149149 -0.905795
-0.147147 -0.895575
-0.145145 -0.885111
-0.143143 -0.874402
-0.141141 -0.863448
-0.139139 -0.85225
-0.137137 -0.840807
-0.135135 -0.82912
-0.133133 -0.817188
-0.131131 -0.805012
-0.129129 -0.79259
-0.127127 -0.779925
-0.125125 -0.767014
-0.123123 -0.753859
-0.121121 -0.740459
-0.119119 -0.726815
-0.117117 -0.712926
-0.115115 -0.698793
-0.113113 -0.684414
-0.111111 -0.669792
-0.109109 -0.655161
-0.107107 -0.640761
-0.105105 -0.626589
-0.103103 -0.612648
-0.101101 -0.598935
-0.0990991 -0.585453
-0.0970971 -0.5722
-0.0950951 -0.559176
-0.0930931 -0.546382
-0.0910911 -0.533817
-0.0890891 -0.521482
-0.0870871 -0.509377
-0.0850851 -0.497501
-0.0830831 -0.485855
-0.0810811 -0.474438
-0.0790791 -0.46325
-0.0770771 -0.452292
-0.0750751 -0.441564
-0.0730731 -0.431065
-0.0710711 -0.420796
-0.0690691 -0.410756
-0.0670671 -0.400946
-0.0650651 -0.391366
-0.0630631 -0.382014
-0.0610611 -0.372893
-0.0590591 -0.364001
-0.0570571 -0.355338
-0.0550551 -0.346905
-0.0530531 -0.338702
-0.0510511 -0.330728
-0.049049 -0.322984
-0.047047 -0.315469
-0.045045 -0.308183
-0.043043 -0.301128
-0.041041 -0.294301
-0.039039 -0.287704
-0.037037 -0.281337
-0.035035 -0.2752
-0.033033 -0.269291
-0.031031 -0.263613
-0.029029 -0.258164
-0.027027 -0.252944
-0.025025 -0.247954
-0.023023 -0.243194
-0.021021 -0.238663
-0.019019 -0.234361
-0.017017 -0.230289
-0.015015 -0.226447
-0.013013 -0.222834
-0.011011 -0.219451
-0.00900901 -0.216297
-0.00700701 -0.213373
-0.005005 -0.210678
-0.003003 -0.208213
-0.001001 -0.205977
0.001001 -0.203971
0.003003 -0.202194
0.005005 -0.200647
0.00700701 -0.19933
0.00900901 -0.198242
0.011011 -0.197383
0.013013 -0.196754
0.015015 -0.196355
0.017017 -0.196185
0.019019 -0.196244
0.021021 -0.196534
0.023023 -0.197052
0.025025 -0.1978
0.027027 -0.198778
0.029029 -0.199985
0.031031 -0.201422
0.033033 -0.203089
0.035035 -0.204985
0.037037 -0.20711
0.039039 -0.209465
0.041041 -0.212049
0.043043 -0.214863
0.045045 -0.217907
0.047047 -0.22118
0.049049 -0.224682
0.0510511 -0.228415
0.0530531 -0.232376
0.0550551 -0.236567
0.0570571 -0.240988
0.0590591 -0.245638
0.0610611 -0.250518
0.0630631 -0.255627
0.0650651 -0.260966
0.0670671 -0.266535
0.0690691 -0.272332
0.0710711 -0.27836
0.0730731 -0.284617
0.0750751 -0.291103
0.0770771 -0.297819
0.0790791 -0.304765
0.0810811 -0.31194
0.0830831 -0.319345
0.0850851 -0.326979
0.0870871 -0.334842
0.0890891 -0.342936
0.0910911 -0.351258
0.0930931 -0.35981
0.0950951 -0.368592
0.0970971 -0.377604
0.0990991 -0.386844
0.101101 -0.396315
0.103103 -0.406015
0.105105 -0.415944
0.107107 -0.426103
0.109109 -0.436492
0.111111 -0.44711
0.113113 -0.457719
0.115115 -0.468082
0.117117 -0.478199
0.119119 -0.488069
0.121121 -0.497692
0.123123 -0.507069
0.125125 -0.5162
0.127127 -0.525084
0.129129 -0.533721
0.131131 -0.542112
0.133133 -0.550257
0.135135 -0.558155
0.137137 -0.565806
0.139139 -0.573211
0.141141 -0.58037
0.143143 -0.587282
0.145145 -0.593947
0.147147 -0.600366
0.149149 -0.606538
0.151151 -0.612464
0.153153 -0.618144
0.155155 -0.623577
0.157157 -0.628763
0.159159 -0.633703
0.161161 -0.638396
0.163163 -0.642843
0.165165 -0.647044
0.167167 -0.650997
0.169169 -0.654705
0.171171 -0.658166
0.173173 -0.66138
0.175175 -0.664348
0.177177 -0.667069
0.179179 -0.669544
0.181181 -0.671772
0.183183 -0.673754
0.185185 -0.675489
0.187187 -0.676978
0.189189 -0.678221
0.191191 -0.679216
0.193193 -0.679966
0.195195 -0.680468
0.197197 -0.680725
0.199199 -0.680734
0.201201 -0.680498
0.203203 -0.680015
0.205205 -0.679285
0.207207 -0.678309
0.209209 -0.677086
0.211211 -0.675617
0.213213 -0.673901
0.215215 -0.671938
0.217217 -0.66973
0.219219 -0.667274
0.221221 -0.664573
0.223223 -0.661624
0.225225 -0.658429
0.227227 -0.654988
0.229229 -0.6513
0.231231 -0.647366
0.233233 -0.643185
0.235235 -0.638758
0.237237 -0.634084
0.239239 -0.629164
0.241241 -0.623997
0.243243 -0.618583
0.245245 -0.612924
0.247247 -0.607017
0.249249 -0.600864
0.251251 -0.594465
0.253253 -0.587819
0.255255 -0.580927
0.257257 -0.573788
0.259259 -0.566402
0.261261 -0.55877
0.263263 -0.550892
0.265265 -0.542767
0.267267 -0.534396
0.269269 -0.525778
0.271271 -0.516913
0.273273 -0.507802
0.275275 -0.498445
0.277277 -0.488841
0.279279 -0.47899
0.281281 -0.468893
0.283283 -0.45855
0.285285 -0.44796
0.287287 -0.437123
0.289289 -0.42604
0.291291 -0.414711
0.293293 -0.403135
0.295295 -0.391312
0.297297 -0.379243
0.299299 -0.366928
0.301301 -0.354366
0.303303 -0.341557
0.305305 -0.328502
0.307307 -0.315201
0.309309 -0.301653
0.311311 -0.287858
0.313313 -0.273817
0.315315 -0.259529
0.317317 -0.244995
0.319319 -0.230215
0.321321 -0.215188
0.323323 -0.199914
0.325325 -0.184394
0.327327 -0.168627
0.329329 -0.152614
0.331331 -0.136354
0.333333 -0.119848
0.335335 -0.103332
0.337337 -0.0870438
0.339339 -0.0709822
0.341341 -0.0551477
0.343343 -0.0395403
0.345345 -0.02416
0.347347 -0.00900687
0.349349 0.00591916
0.351351 0.0206181
0.353353 0.0350899
0.355355 0.0493346
0.357357 0.0633522
0.359359 0.0771426
0.361361 0.090706
0.363363 0.104042
0.365365 0.117151
0.367367 0.130033
0.369369 0.142688
0.371371 0.155116
0.373373 0.167317
0.375375 0.17929
0.377377 0.191037
0.379379 0.202556
0.381381 0.213848
0.383383 0.224913
0.385385 0.235751
0.387387 0.246362
0.389389 0.256746
0.391391 0.266902
0.393393 0.276832
0.395395 0.286534
0.397397 0.29601
0.399399 0.305258
0.401401 0.314279
0.403403 0.323073
0.405405 0.33164
0.407407 0.339979
0.409409 0.348092
0.411411 0.355978
0.413413 0.363636
0.415415 0.371067
0.417417 0.378271
0.419419 0.385248
0.421421 0.391998
0.423423 0.398521
0.425425 0.404817
0.427427 0.410885
0.429429 0.416727
0.431431 0.422341
0.433433 0.427728
0.435435 0.432889
0.437437 0.437822
0.439439 0.442527
0.441441 0.447006
0.443443 0.451258
0.445445 0.455282
0.447447 0.45908
0.449449 0.46265
0.451451 0.465993
0.453453 0.469109
0.455455 0.471998
0.457457 0.47466
0.459459 0.477095
0.461461 0.479303
0.463463 0.481283
0.465465 0.483037
0.467467 0.484563
0.469469 0.485862
0.471471 0.486934
0.473473 0.487779
0.475475 0.488397
0.477477 0.488788
0.479479 0.488951
0.481481 0.488888
0.483483 0.488597
0.485485 0.488079
0.487487 0.487335
0.489489 0.486363
0.491491 0.485163
0.493493 0.483737
0.495495 0.482084
0.497497 0.480204
0.499499 0.478096
0.501501 0.475761
0.503503 0.4732
0.505506 0.470411
0.507508 0.467395
0.50951 0.464152
0.511512 0.460681
0.513514 0.456984
0.515516 0.45306
0.517518 0.448908
0.51952 0.444529
0.521522 0.439924
0.523524 0.435091
0.525526 0.430031
0.527528 0.424744
0.52953 0.419229
0.531532 0.413488
0.533534 0.407519
0.535536 0.401324
0.537538 0.394901
0.53954 0.388251
0.541542 0.381374
0.543544 0.37427
0.545546 0.366939
0.547548 0.359381
0.54955 0.351595
0.551552 0.343583
0.553554 0.335343
0.555556 0.326877
0.557558 0.318422
0.55956 0.310219
0.561562 0.302269
0.563564 0.294569
0.565566 0.287122
0.567568 0.279926
0.56957 0.272982
0.571572 0.26629
0.573574 0.259849
0.575576 0.25366
0.577578 0.247723
0.57958 0.242038
0.581582 0.236604
0.583584 0.231422
0.585586 0.226492
0.587588 0.221814
0.58959 0.217387
0.591592 0.213212
0.593594 0.209289
0.595596 0.205617
0.597598 0.202198
0.5996 0.199029
0.601602 0.196113
0.603604 0.193449
0.605606 0.191036
0.607608 0.188875
0.60961 0.186965
0.611612 0.185308
0.613614 0.183902
0.615616 0.182748
0.617618 0.181845
0.61962 0.181194
0.621622 0.180795
0.623624 0.180648
0.625626 0.180753
0.627628 0.181109
0.62963 0.181717
0.631632 0.182577
0.633634 0.183688
0.635636 0.185051
0.637638 0.186666
0.63964 0.188533
0.641642 0.190651
0.643644 0.193021
0.645646 0.195643
0.647648 0.198516
0.64965 0.201642
0.651652 0.205019
0.653654 0.208648
0.655656 0.212528
0.657658 0.21666
0.65966 0.221044
0.661662 0.22568
0.663664 0.230567
0.665666 0.235706
0.667668 0.241097
0.66967 0.24674
0.671672 0.252634
0.673674 0.25878
0.675676 0.265178
0.677678 0.271828
0.67968 0.278729
0.681682 0.285882
0.683684 0.293287
0.685686 0.300943
0.687688 0.308851
0.68969 0.317011
0.691692 0.325423
0.693694 0.334086
0.695696 0.343002
0.697698 0.352168
0.6997 0.361587
0.701702 0.371257
0.703704 0.38118
0.705706 0.391353
0.707708 0.401779
0.70971 0.412456
0.711712 0.423385
0.713714 0.434566
0.715716 0.445998
0.717718 0.457683
0.71972 0.469618
0.721722 0.481806
0.723724 0.494246
0.725726 0.506937
0.727728 0.51988
0.72973 0.533074
0.731732 0.54652
0.733734 0.560219
0.735736 0.574168
0.737738 0.58837
0.73974 0.602823
0.741742 0.617528
0.743744 0.632485
0.745746 0.647693
0.747748 0.663154
0.74975 0.678865
0.751752 0.694829
0.753754 0.711045
0.755756 0.727512
0.757758 0.744231
0.75976 0.761201
0.761762 0.778423
0.763764 0.795897
0.765766 0.813623
0.767768 0.831601
0.76977 0.84983
0.771772 0.868311
0.773774 0.887044
0.775776 0.906028
0.777778 0.925264
0.77978 0.944539
0.781782 0.96364
0.783784 0.982566
0.785786 1.00132
0.787788 1.01989
0.78979 1.0383
0.791792 1.05653
0.793794 1.07458
0.795796 1.09246
0.797798 1.11016
0.7998 1.12769
0.801802 1.14505
0.803804 1.16223
0.805806 1.17924
0.807808 1.19607
0.80981 1.21273
0.811812 1.22921
0.813814 1.24552
0.815816 1.26166
0.817818 1.27762
0.81982 1.29341
0.821822 1.30902
0.823824 1.32445
0.825826 1.33972
0.827828 1.35481
0.82983 1.36972
0.831832 1.38446
0.833834 1.39902
0.835836 1.41342
0.837838 1.42763
0.83984 1.44167
0.841842 1.45554
0.843844 1.46923
0.845846 1.48275
0.847848 1.4961
0.84985 1.50927
0.851852 1.52226
0.853854 1.53508
0.855856 1.54773
0.857858 1.5602
0.85986 1.5725
0.861862 1.58462
0.863864 1.59657
0.865866 1.60834
0.867868 1.61994
0.86987 1.63137
0.871872 1.64262
0.873874 1.6537
0.875876 1.6646
0.877878 1.67533
0.87988 1.68588
0.881882 1.69626
0.883884 1.70646
0.885886 1.71649
0.887888 1.72635
0.88989 1.73603
0.891892 1.74554
0.893894 1.75487
0.895896 1.76403
0.897898 1.77301
0.8999 1.78182
0.901902 1.79045
0.903904 1.79891
0.905906 1.8072
0.907908 1.81531
0.90991 1.82325
0.911912 1.83101
0.913914 1.8386
0.915916 1.84601
0.917918 1.85325
0.91992 1.86031
0.921922 1.8672
0.923924 1.87392
0.925926 1.88046
0.927928 1.88683
0.92993 1.89302
0.931932 1.89904
0.933934 1.90488
0.935936 1.91055
0.937938 1.91604
0.93994 1.92136
0.941942 1.92651
0.943944 1.93148
0.945946 1.93628
0.947948 1.9409
0.94995 1.94535
0.951952 1.94962
0.953954 1.95372
0.955956 1.95765
0.957958 1.9614
0.95996 1.96497
0.961962 1.96837
0.963964 1.9716
0.965966 1.97465
0.967968 1.97753
0.96997 1.98023
0.971972 1.98276
0.973974 1.98512
0.975976 1.9873
0.977978 1.98931
0.97998 1.99114
0.981982 1.99279
0.983984 1.99428
0.985986 1.99558
0.987988 1.99672
0.98999 1.99768
0.991992 1.99846
0.993994 1.99907
0.995996 1.99951
0.997998 1.99977
1 1.99986
