-1 -1.14145
-0.997998 -1.10041
-0.995996 -1.06256
-0.993994 -1.0279
-0.991992 -0.996429
-0.98999 -0.968144
-0.987988 -0.943047
-0.985986 -0.921138
-0.983984 -0.902417
-0.981982 -0.886884
-0.97998 -0.874538
-0.977978 -0.865382
-0.975976 -0.859413
-0.973974 -0.856632
-0.971972 -0.857039
-0.96997 -0.860634
-0.967968 -0.867418
-0.965966 -0.877389
-0.963964 -0.890548
-0.961962 -0.906896
-0.95996 -0.926431
-0.957958 -0.948107
-0.955956 -0.9678
-0.953954 -0.985089
-0.951952 -0.999974
-0.94995 -1.01246
-0.947948 -1.02253
-0.945946 -1.03021
-0.943944 -1.03548
-0.941942 -1.03835
-0.93994 -1.03881
-0.937938 -1.03687
-0.935936 -1.03253
-0.933934 -1.02579
-0.931932 -1.01664
-0.92993 -1.00508
-0.927928 -0.991127
-0.925926 -0.974767
-0.923924 -0.956004
-0.921922 -0.934837
-0.91992 -0.911266
-0.917918 -0.885416
-0.915916 -0.860604
-0.913914 -0.838309
-0.911912 -0.818531
-0.90991 -0.80127
-0.907908 -0.786526
-0.905906 -0.7743
-0.903904 -0.76459
-0.901902 -0.757398
-0.8999 -0.752723
-0.897898 -0.750566
-0.895896 -0.750925
-0.893894 -0.753802
-0.891892 -0.759196
-0.88989 -0.767107
-0.887888 -0.777535
-0.885886 -0.790481
-0.883884 -0.805943
-0.881882 -0.823923
-0.87988 -0.84442
-0.877878 -0.867435
-0.875876 -0.891221
-0.873874 -0.912607
-0.871872 -0.931527
-0.86987 -0.947979
-0.867868 -0.961964
-0.865866 -0.973482
-0.863864 -0.982533
-0.861862 -0.989117
-0.85986 -0.993235
-0.857858 -0.994885
-0.855856 -0.994068
-0.853854 -0.990784
-0.851852 -0.985034
-0.84985 -0.976816
-0.847848 -0.966131
-0.845846 -0.952979
-0.843844 -0.937361
-0.841842 -0.919275
-0.83984 -0.898722
-0.837838 -0.875703
-0.835836 -0.850716
-0.833834 -0.827469
-0.831832 -0.806715
-0.82983 -0.788453
-0.827828 -0.772684
-0.825826 -0.759408
-0.823824 -0.748624
-0.821822 -0.740333
-0.81982 -0.734534
-0.817818 -0.731229
-0.815816 -0.730416
-0.813814 -0.732095
-0.811812 -0.736267
-0.80981 -0.742932
-0.807808 -0.75209
-0.805806 -0.76374
-0.803804 -0.777883
-0.801802 -0.794519
-0.7998 -0.813647
-0.797798 -0.835268
-0.795796 -0.859372
-0.793794 -0.883188
-0.791792 -0.904524
-0.78979 -0.92338
-0.787788 -0.939757
-0.785786 -0.953655
-0.783784 -0.965073
-0.781782 -0.974011
-0.77978 -0.98047
-0.777778 -0.984449
-0.775776 -0.985949
-0.773774 -0.984969
-0.771772 -0.98151
-0.76977 -0.975571
-0.767768 -0.967152
-0.765766 -0.956254
-0.763764 -0.942877
-0.761762 -0.927019
-0.75976 -0.908683
-0.757758 -0.887867
-0.755756 -0.864571
-0.753754 -0.839921
-0.751752 -0.817492
-0.74975 -0.797549
-0.747748 -0.78009
-0.745746 -0.765117
-0.743744 -0.752629
-0.741742 -0.742626
-0.73974 -0.735108
-0.737738 -0.730076
-0.735736 -0.727528
-0.733734 -0.727466
-0.731732 -0.72989
-0.72973 -0.734798
-0.727728 -0.742191
-0.725726 -0.75207
-0.723724 -0.764434
-0.721722 -0.779283
-0.71972 -0.796617
-0.717718 -0.816437
-0.715716 -0.838742
-0.713714 -0.863329
-0.711712 -0.886699
-0.70971 -0.907585
-0.707708 -0.925987
-0.705706 -0.941904
-0.703704 -0.955337
-0.701702 -0.966285
-0.6997 -0.974749
-0.697698 -0.980729
-0.695696 -0.984224
-0.693694 -0.985235
-0.691692 -0.983761
-0.68969 -0.979803
-0.687688 -0.97336
-0.685686 -0.964433
-0.683684 -0.953022
-0.681682 -0.939126
-0.67968 -0.922746
-0.677678 -0.903882
-0.675676 -0.882533
-0.673674 -0.858699
-0.671672 -0.834384
-0.66967 -0.812524
-0.667668 -0.793146
-0.665666 -0.77625
-0.663664 -0.761836
-0.661662 -0.749904
-0.65966 -0.740453
-0.657658 -0.733484
-0.655656 -0.728997
-0.653654 -0.726992
-0.651652 -0.727469
-0.64965 -0.730428
-0.647648 -0.735868
-0.645646 -0.74379
-0.643644 -0.754194
-0.641642 -0.76708
-0.63964 -0.782448
-0.637638 -0.800297
-0.635636 -0.820628
-0.633634 -0.843441
-0.631632 -0.86809
-0.62963 -0.890847
-0.627628 -0.911117
-0.625626 -0.928901
-0.623624 -0.944198
-0.621622 -0.957007
-0.61962 -0.96733
-0.617618 -0.975166
-0.615616 -0.980516
-0.613614 -0.983378
-0.611612 -0.983753
-0.60961 -0.981642
-0.607608 -0.977043
-0.605606 -0.969958
-0.603604 -0.960386
-0.601602 -0.948327
-0.5996 -0.933781
-0.597598 -0.916748
-0.595596 -0.897228
-0.593594 -0.875222
-0.591592 -0.850766
-0.58959 -0.826877
-0.587588 -0.805468
-0.585586 -0.786539
-0.583584 -0.77009
-0.581582 -0.756121
-0.57958 -0.744632
-0.577578 -0.735623
-0.575576 -0.729094
-0.573574 -0.725045
-0.571572 -0.723476
-0.56957 -0.724386
-0.567568 -0.727777
-0.565566 -0.733648
-0.563564 -0.741998
-0.561562 -0.752829
-0.55956 -0.766139
-0.557558 -0.781929
-0.555556 -0.8002
-0.553554 -0.82095
-0.551552 -0.84418
-0.54955 -0.868549
-0.547548 -0.890605
-0.545546 -0.910172
-0.543544 -0.927251
-0.541542 -0.941842
-0.53954 -0.953944
-0.537538 -0.963558
-0.535536 -0.970684
-0.533534 -0.975321
-0.531532 -0.97747
-0.52953 -0.977131
-0.527528 -0.974303
-0.525526 -0.968987
-0.523524 -0.961183
-0.521522 -0.95089
-0.51952 -0.938109
-0.517518 -0.922839
-0.515516 -0.905081
-0.513514 -0.884835
-0.511512 -0.8621
-0.50951 -0.837176
-0.507508 -0.813672
-0.505506 -0.792646
-0.503503 -0.774099
-0.501501 -0.758031
-0.499499 -0.744442
-0.497497 -0.733331
-0.495495 -0.724699
-0.493493 -0.718546
-0.491491 -0.714872
-0.489489 -0.713677
-0.487487 -0.71496
-0.485485 -0.718722
-0.483483 -0.724962
-0.481481 -0.733682
-0.479479 -0.74488
-0.477477 -0.758557
-0.475475 -0.774713
-0.473473 -0.793348
-0.471471 -0.814461
-0.469469 -0.838053
-0.467467 -0.861839
-0.465465 -0.883139
-0.463463 -0.90195
-0.461461 -0.918272
-0.459459 -0.932104
-0.457457 -0.943447
-0.455455 -0.952301
-0.453453 -0.958665
-0.451451 -0.96254
-0.449449 -0.963926
-0.447447 -0.962822
-0.445445 -0.959229
-0.443443 -0.953147
-0.441441 -0.944575
-0.439439 -0.933515
-0.437437 -0.919964
-0.435435 -0.903925
-0.433433 -0.885396
-0.431431 -0.864378
-0.429429 -0.840871
-0.427427 -0.815685
-0.425425 -0.792521
-0.423423 -0.771835
-0.421421 -0.753627
-0.419419 -0.737896
-0.417417 -0.724644
-0.415415 -0.71387
-0.413413 -0.705574
-0.411411 -0.699755
-0.409409 -0.696415
-0.407407 -0.695553
-0.405405 -0.697168
-0.403403 -0.701262
-0.401401 -0.707833
-0.399399 -0.716882
-0.397397 -0.72841
-0.395395 -0.742415
-0.393393 -0.758898
-0.391391 -0.77786
-0.389389 -0.799299
-0.387387 -0.823132
-0.385385 -0.846131
-0.383383 -0.866639
-0.381381 -0.884658
-0.379379 -0.900187
-0.377377 -0.913225
-0.375375 -0.923774
-0.373373 -0.931832
-0.371371 -0.937401
-0.369369 -0.940479
-0.367367 -0.941068
-0.365365 -0.939166
-0.363363 -0.934775
-0.361361 -0.927893
-0.359359 -0.918522
-0.357357 -0.90666
-0.355355 -0.892309
-0.353353 -0.875467
-0.351351 -0.856136
-0.349349 -0.834314
-0.347347 -0.810002
-0.345345 -0.784774
-0.343343 -0.76192
-0.341341 -0.741543
-0.339339 -0.723643
-0.337337 -0.708221
-0.335335 -0.695276
-0.333333 -0.684809
-0.331331 -0.676819
-0.329329 -0.671306
-0.327327 -0.66827
-0.325325 -0.667712
-0.323323 -0.669631
-0.321321 -0.674028
-0.319319 -0.680902
-0.317317 -0.690253
-0.315315 -0.702082
-0.313313 -0.716388
-0.311311 -0.733171
-0.309309 -0.752432
-0.307307 -0.77417
-0.305305 -0.797972
-0.303303 -0.820153
-0.301301 -0.839844
-0.299299 -0.857044
-0.297297 -0.871753
-0.295295 -0.883972
-0.293293 -0.893701
-0.291291 -0.900939
-0.289289 -0.905686
-0.287287 -0.907943
-0.285285 -0.907709
-0.283283 -0.904985
-0.281281 -0.89977
-0.279279 -0.892065
-0.277277 -0.881869
-0.275275 -0.869183
-0.273273 -0.854006
-0.271271 -0.836338
-0.269269 -0.81618
-0.267267 -0.793532
-0.265265 -0.768393
-0.263263 -0.743349
-0.261261 -0.720781
-0.259259 -0.700691
-0.257257 -0.683077
-0.255255 -0.66794
-0.253253 -0.655279
-0.251251 -0.645096
-0.249249 -0.63739
-0.247247 -0.63216
-0.245245 -0.629408
-0.243243 -0.629132
-0.241241 -0.631333
-0.239239 -0.636011
-0.237237 -0.643166
-0.235235 -0.652798
-0.233233 -0.664907
-0.231231 -0.679492
-0.229229 -0.696555
-0.227227 -0.716094
-0.225225 -0.73811
-0.223223 -0.761609
-0.221221 -0.782953
-0.219219 -0.801805
-0.217217 -0.818166
-0.215215 -0.832036
-0.213213 -0.843415
-0.211211 -0.852304
-0.209209 -0.858701
-0.207207 -0.862607
-0.205205 -0.864023
-0.203203 -0.862947
-0.201201 -0.859381
-0.199199 -0.853323
-0.197197 -0.844775
-0.195195 -0.833735
-0.193193 -0.820205
-0.191191 -0.804184
-0.189189 -0.785671
-0.187187 -0.764668
-0.185185 -0.741174
-0.183183 -0.715337
-0.181181 -0.690562
-0.179179 -0.668262
-0.177177 -0.648439
-0.175175 -0.631093
-0.173173 -0.616223
-0.171171 -0.603829
-0.169169 -0.593912
-0.167167 -0.586472
-0.165165 -0.581507
-0.163163 -0.57902
-0.161161 -0.579009
-0.159159 -0.581474
-0.157157 -0.586416
-0.155155 -0.593835
-0.153153 -0.603729
-0.151151 -0.616101
-0.149149 -0.630949
-0.147147 -0.648273
-0.145145 -0.668074
-0.143143 -0.690351
-0.141141 -0.71328
-0.139139 -0.733768
-0.137137 -0.751765
-0.135135 -0.767271
-0.133133 -0.780285
-0.131131 -0.790808
-0.129129 -0.798839
-0.127127 -0.80438
-0.125125 -0.807428
-0.123123 -0.807986
-0.121121 -0.806052
-0.119119 -0.801627
-0.117117 -0.794711
-0.115115 -0.785303
-0.113113 -0.773404
-0.111111 -0.759013
-0.109109 -0.742131
-0.107107 -0.722758
-0.105105 -0.700894
-0.103103 -0.676538
-0.101101 -0.650238
-0.0990991 -0.625715
-0.0970971 -0.603668
-0.0950951 -0.584097
-0.0930931 -0.567002
-0.0910911 -0.552384
-0.0890891 -0.540241
-0.0870871 -0.530575
-0.0850851 -0.523385
-0.0830831 -0.518671
-0.0810811 -0.516433
-0.0790791 -0.516672
-0.0770771 -0.519386
-0.0750751 -0.524576
-0.0730731 -0.532243
-0.0710711 -0.542386
-0.0690691 -0.555005
-0.0670671 -0.5701
-0.0650651 -0.587671
-0.0630631 -0.607719
-0.0610611 -0.630226
-0.0590591 -0.652336
-0.0570571 -0.671954
-0.0550551 -0.689081
-0.0530531 -0.703716
-0.0510511 -0.71586
-0.049049 -0.725512
-0.047047 -0.732672
-0.045045 -0.73734
-0.043043 -0.739517
-0.041041 -0.739202
-0.039039 -0.736396
-0.037037 -0.731098
-0.035035 -0.723308
-0.033033 -0.713026
-0.031031 -0.700253
-0.029029 -0.684988
-0.027027 -0.667231
-0.025025 -0.646983
-0.023023 -0.624243
-0.021021 -0.599012
-0.019019 -0.572484
-0.017017 -0.5482
-0.015015 -0.526391
-0.013013 -0.507058
-0.011011 -0.490201
-0.00900901 -0.47582
-0.00700701 -0.463915
-0.005005 -0.454485
-0.003003 -0.447531
-0.001001 -0.443053
0.001001 -0.441051
0.003003 -0.441525
0.005005 -0.444474
0.00700701 -0.4499
0.00900901 -0.457801
0.011011 -0.468178
0.013013 -0.48103
0.015015 -0.496359
0.017017 -0.514163
0.019019 -0.534443
0.021021 -0.556967
0.023023 -0.578194
0.025025 -0.596929
0.027027 -0.613172
0.029029 -0.626923
0.031031 -0.638182
0.033033 -0.646949
0.035035 -0.653224
0.037037 -0.657007
0.039039 -0.658298
0.041041 -0.657097
0.043043 -0.653404
0.045045 -0.647219
0.047047 -0.638542
0.049049 -0.627373
0.0510511 -0.613712
0.0530531 -0.597559
0.0550551 -0.578914
0.0570571 -0.557777
0.0590591 -0.534148
0.0610611 -0.508027
0.0630631 -0.481509
0.0650651 -0.45745
0.0670671 -0.435866
0.0690691 -0.416758
0.0710711 -0.400125
0.0730731 -0.385968
0.0750751 -0.374286
0.0770771 -0.365079
0.0790791 -0.358348
0.0810811 -0.354093
0.0830831 -0.352313
0.0850851 -0.353008
0.0870871 -0.356179
0.0890891 -0.361826
0.0910911 -0.369948
0.0930931 -0.380545
0.0950951 -0.393618
0.0970971 -0.409166
0.0990991 -0.42719
0.101101 -0.447689
0.103103 -0.469965
0.105105 -0.490295
0.107107 -0.508133
0.109109 -0.523479
0.111111 -0.536332
0.113113 -0.546693
0.115115 -0.554562
0.117117 -0.559938
0.119119 -0.562822
0.121121 -0.563214
0.123123 -0.561113
0.125125 -0.55652
0.127127 -0.549435
0.129129 -0.539857
0.131131 -0.527787
0.133133 -0.513225
0.135135 -0.49617
0.137137 -0.476623
0.139139 -0.454583
0.141141 -0.430052
0.143143 -0.403078
0.145145 -0.376755
0.147147 -0.352907
0.149149 -0.331534
0.151151 -0.312637
0.153153 -0.296214
0.155155 -0.282267
0.157157 -0.270794
0.159159 -0.261797
0.161161 -0.255275
0.163163 -0.251228
0.165165 -0.249656
0.167167 -0.250559
0.169169 -0.253938
0.171171 -0.259791
0.173173 -0.26812
0.175175 -0.278924
0.177177 -0.292203
0.179179 -0.307957
0.181181 -0.326186
0.183183 -0.34689
0.185185 -0.368654
0.187187 -0.388073
0.189189 -0.405
0.191191 -0.419434
0.193193 -0.431375
0.195195 -0.440824
0.197197 -0.447779
0.199199 -0.452243
0.201201 -0.454213
0.203203 -0.453691
0.205205 -0.450676
0.207207 -0.445168
0.209209 -0.437168
0.211211 -0.426675
0.213213 -0.413689
0.215215 -0.39821
0.217217 -0.380239
0.219219 -0.359775
0.221221 -0.336819
0.223223 -0.311369
0.225225 -0.283762
0.227227 -0.257636
0.229229 -0.233984
0.231231 -0.212808
0.233233 -0.194106
0.235235 -0.177878
0.237237 -0.164126
0.239239 -0.152848
0.241241 -0.144044
0.243243 -0.137716
0.245245 -0.133862
0.247247 -0.132483
0.249249 -0.133579
0.251251 -0.13715
0.253253 -0.143195
0.255255 -0.151715
0.257257 -0.162709
0.259259 -0.176179
0.261261 -0.192123
0.263263 -0.210542
0.265265 -0.231435
0.267267 -0.25242
0.269269 -0.270913
0.271271 -0.286912
0.273273 -0.300419
0.275275 -0.311432
0.277277 -0.319952
0.279279 -0.325979
0.281281 -0.329513
0.283283 -0.330553
0.285285 -0.329101
0.287287 -0.325155
0.289289 -0.318717
0.291291 -0.309785
0.293293 -0.29836
0.295295 -0.284441
0.297297 -0.26803
0.299299 -0.249126
0.301301 -0.227728
0.303303 -0.203837
0.305305 -0.177454
0.307307 -0.149446
0.309309 -0.1235
0.311311 -0.100028
0.313313 -0.0790296
0.315315 -0.0605058
0.317317 -0.0444563
0.319319 -0.030881
0.321321 -0.01978
0.323323 -0.0111533
0.325325 -0.0050008
0.327327 -0.00132256
0.329329 -0.000118591
0.331331 -0.00138888
0.333333 -0.00513342
0.335335 -0.0113522
0.337337 -0.0200453
0.339339 -0.0312126
0.341341 -0.0448542
0.343343 -0.06097
0.345345 -0.0795601
0.347347 -0.100521
0.349349 -0.120562
0.351351 -0.138109
0.353353 -0.153162
0.355355 -0.165722
0.357357 -0.175788
0.359359 -0.183361
0.361361 -0.188439
0.363363 -0.191025
0.365365 -0.191116
0.367367 -0.188714
0.369369 -0.183818
0.371371 -0.176428
0.373373 -0.166545
0.375375 -0.154168
0.377377 -0.139298
0.379379 -0.121933
0.381381 -0.102076
0.383383 -0.079724
0.385385 -0.0548788
0.387387 -0.0275399
0.389389 0.000637555
0.391391 0.0264252
0.393393 0.0497391
0.395395 0.0705794
0.397397 0.088946
0.399399 0.104839
0.401401 0.118258
0.403403 0.129204
0.405405 0.137676
0.407407 0.143674
0.409409 0.147199
0.411411 0.14825
0.413413 0.146827
0.415415 0.142931
0.417417 0.136561
0.419419 0.127717
0.421421 0.1164
0.423423 0.102609
0.425425 0.0863446
0.427427 0.0676064
0.429429 0.0468507
0.431431 0.0277783
0.433433 0.0112002
0.435435 -0.00288345
0.437437 -0.0144728
0.439439 -0.0235678
0.441441 -0.0301684
0.443443 -0.0342746
0.445445 -0.0358865
0.447447 -0.0350041
0.449449 -0.0316273
0.451451 -0.0257561
0.453453 -0.0173906
0.455455 -0.00653069
0.457457 0.00682356
0.459459 0.0226722
0.461461 0.0410151
0.463463 0.0618524
0.465465 0.0851841
0.467467 0.11101
0.469469 0.139326
0.471471 0.167455
0.473473 0.19311
0.475475 0.216293
0.477477 0.237003
0.479479 0.25524
0.481481 0.271004
0.483483 0.284295
0.485485 0.295114
0.487487 0.30346
0.489489 0.309332
0.491491 0.312732
0.493493 0.313659
0.495495 0.312114
0.497497 0.308095
0.499499 0.301604
0.501501 0.292639
0.503503 0.281202
0.505506 0.267292
0.507508 0.250909
0.50951 0.232053
0.511512 0.211784
0.513514 0.193712
0.515516 0.178134
0.517518 0.165052
0.51952 0.154465
0.521522 0.146374
0.523524 0.140778
0.525526 0.137677
0.527528 0.137071
0.52953 0.138961
0.531532 0.143346
0.533534 0.150227
0.535536 0.159602
0.537538 0.171474
0.53954 0.18584
0.541542 0.202702
0.543544 0.222059
0.545546 0.243911
0.547548 0.268259
0.54955 0.295102
0.551552 0.324266
0.553554 0.352298
0.555556 0.377859
0.557558 0.400948
0.55956 0.421566
0.561562 0.439711
0.563564 0.455385
0.565566 0.468588
0.567568 0.479319
0.56957 0.487578
0.571572 0.493365
0.573574 0.496681
0.575576 0.497525
0.577578 0.495897
0.57958 0.491798
0.581582 0.485227
0.583584 0.476185
0.585586 0.46467
0.587588 0.450685
0.58959 0.434227
0.591592 0.415298
0.593594 0.39581
0.595596 0.378782
0.597598 0.36425
0.5996 0.352215
0.601602 0.342677
0.603604 0.335636
0.605606 0.331092
0.607608 0.329045
0.60961 0.329494
0.611612 0.33244
0.613614 0.337883
0.615616 0.345822
0.617618 0.356259
0.61962 0.369192
0.621622 0.384622
0.623624 0.402549
0.625626 0.422972
0.627628 0.445893
0.62963 0.47131
0.631632 0.499224
0.633634 0.529039
0.635636 0.557031
0.637638 0.582553
0.63964 0.605605
0.641642 0.626187
0.643644 0.6443
0.645646 0.659942
0.647648 0.673115
0.64965 0.683818
0.651652 0.692052
0.653654 0.697815
0.655656 0.701109
0.657658 0.701933
0.65966 0.700287
0.661662 0.696171
0.663664 0.689586
0.665666 0.680531
0.667668 0.669005
0.66967 0.655011
0.671672 0.638546
0.673674 0.619637
0.675676 0.601225
0.677678 0.585311
0.67968 0.571897
0.681682 0.560982
0.683684 0.552567
0.685686 0.546651
0.687688 0.543234
0.68969 0.542316
0.691692 0.543897
0.693694 0.547978
0.695696 0.554558
0.697698 0.563637
0.6997 0.575216
0.701702 0.589294
0.703704 0.605871
0.705706 0.624947
0.707708 0.646523
0.70971 0.670597
0.711712 0.697172
0.713714 0.726245
0.715716 0.756551
0.717718 0.784593
0.71972 0.810169
0.721722 0.833278
0.723724 0.853921
0.725726 0.872098
0.727728 0.887808
0.72973 0.901051
0.731732 0.911829
0.733734 0.92014
0.735736 0.925984
0.737738 0.929362
0.73974 0.930274
0.741742 0.928719
0.743744 0.924698
0.745746 0.91821
0.747748 0.909256
0.74975 0.897836
0.751752 0.883949
0.753754 0.867596
0.755756 0.849041
0.757758 0.831863
0.75976 0.81719
0.761762 0.80502
0.763764 0.795355
0.765766 0.788194
0.767768 0.783536
0.76977 0.781383
0.771772 0.781735
0.773774 0.78459
0.775776 0.789949
0.777778 0.797813
0.77978 0.80818
0.781782 0.821052
0.783784 0.836428
0.785786 0.854308
0.787788 0.874692
0.78979 0.897581
0.791792 0.922973
0.793794 0.950869
0.795796 0.98127
0.797798 1.01199
0.7998 1.04026
0.801802 1.06607
0.803804 1.08942
0.805806 1.11031
0.807808 1.12874
0.80981 1.14471
0.811812 1.15823
0.813814 1.16928
0.815816 1.17788
0.817818 1.18402
0.81982 1.1877
0.821822 1.18891
0.823824 1.18768
0.825826 1.18398
0.827828 1.17782
0.82983 1.1692
0.831832 1.15813
0.833834 1.14459
0.835836 1.1286
0.837838 1.11091
0.83984 1.09522
0.841842 1.08206
0.843844 1.07141
0.845846 1.06328
0.847848 1.05767
0.84985 1.05457
0.851852 1.05399
0.853854 1.05592
0.855856 1.06037
0.857858 1.06734
0.85986 1.07683
0.861862 1.08883
0.863864 1.10335
0.865866 1.12038
0.867868 1.13994
0.86987 1.16201
0.871872 1.18659
0.873874 1.21369
0.875876 1.24331
0.877878 1.27538
0.87988 1.30675
0.881882 1.33569
0.883884 1.36218
0.885886 1.38625
0.887888 1.40788
0.88989 1.42708
0.891892 1.44384
0.893894 1.45817
0.895896 1.47006
0.897898 1.47952
0.8999 1.48654
0.901902 1.49113
0.903904 1.49329
0.905906 1.49301
0.907908 1.4903
0.90991 1.48515
0.911912 1.47757
0.913914 1.46755
0.915916 1.4551
0.917918 1.44021
0.91992 1.4244
0.921922 1.41104
0.923924 1.40027
0.925926 1.39207
0.927928 1.38645
0.92993 1.38341
0.931932 1.38296
0.933934 1.38508
0.935936 1.38978
0.937938 1.39706
0.93994 1.40693
0.941942 1.41937
0.943944 1.4344
0.945946 1.452
0.947948 1.47218
0.94995 1.49495
0.951952 1.52029
0.953954 1.54822
0.955956 1.57872
0.957958 1.61181
0.95996 1.64715
0.961962 1.68154
0.963964 1.71416
0.965966 1.74502
0.967968 1.77412
0.96997 1.80146
0.971972 1.82703
0.973974 1.85084
0.975976 1.87288
0.977978 1.89316
0.97998 1.91168
0.981982 1.92843
0.983984 1.94342
0.985986 1.95665
0.987988 1.96811
0.98999 1.97781
0.991992 1.98575
0.993994 1.99192
0.995996 1.99633
0.997998 1.99898
1 1.99986
