-0.999266 -1.10475
-0.997266 -1.08066
-0.995265 -1.0581
-0.993265 -1.0386
-0.991264 -1.02321
-0.989264 -1.01146
-0.987263 -1.00257
-0.985262 -0.995745
-0.983262 -0.990203
-0.981261 -0.985158
-0.979261 -0.980074
-0.97726 -0.974937
-0.97526 -0.969794
-0.973259 -0.964696
-0.971259 -0.959692
-0.969258 -0.954832
-0.967258 -0.950163
-0.965257 -0.945737
-0.963257 -0.941601
-0.961256 -0.937767
-0.959256 -0.934215
-0.957255 -0.930922
-0.955254 -0.927865
-0.953254 -0.925021
-0.951253 -0.922368
-0.949253 -0.919881
-0.947252 -0.917539
-0.945252 -0.915319
-0.943251 -0.913197
-0.941251 -0.911151
-0.93925 -0.90916
-0.93725 -0.907222
-0.935249 -0.905335
-0.933249 -0.903499
-0.931248 -0.901716
-0.929248 -0.899983
-0.927247 -0.898302
-0.925246 -0.896672
-0.923246 -0.895094
-0.921245 -0.893567
-0.919245 -0.892091
-0.917244 -0.890667
-0.915244 -0.889294
-0.913243 -0.887972
-0.911243 -0.886702
-0.909242 -0.885481
-0.907242 -0.884309
-0.905241 -0.883183
-0.903241 -0.882103
-0.90124 -0.881065
-0.89924 -0.880069
-0.897239 -0.879112
-0.895238 -0.878193
-0.893238 -0.87731
-0.891237 -0.876461
-0.889237 -0.875645
-0.887236 -0.87486
-0.885236 -0.874104
-0.883235 -0.873375
-0.881235 -0.872671
-0.879234 -0.871991
-0.877234 -0.871334
-0.875233 -0.870697
-0.873233 -0.870081
-0.871232 -0.869485
-0.869232 -0.868909
-0.867231 -0.868353
-0.86523 -0.867815
-0.86323 -0.867296
-0.861229 -0.866795
-0.859229 -0.866311
-0.857228 -0.865845
-0.855228 -0.865396
-0.853227 -0.864963
-0.851227 -0.864546
-0.849226 -0.864144
-0.847226 -0.863758
-0.845225 -0.863386
-0.843225 -0.863028
-0.841224 -0.862684
-0.839224 -0.862354
-0.837223 -0.862036
-0.835222 -0.861731
-0.833222 -0.861439
-0.831221 -0.861158
-0.829221 -0.860889
-0.82722 -0.860632
-0.82522 -0.860385
-0.823219 -0.860149
-0.821219 -0.859924
-0.819218 -0.859708
-0.817218 -0.859502
-0.815217 -0.859306
-0.813217 -0.859119
-0.811216 -0.858941
-0.809216 -0.858771
-0.807215 -0.858609
-0.805214 -0.858455
-0.803214 -0.858309
-0.801213 -0.858169
-0.799213 -0.858037
-0.797212 -0.857911
-0.795212 -0.857791
-0.793211 -0.857678
-0.791211 -0.85757
-0.78921 -0.857467
-0.78721 -0.85737
-0.785209 -0.857279
-0.783209 -0.857192
-0.781208 -0.857111
-0.779208 -0.857034
-0.777207 -0.856962
-0.775206 -0.856894
-0.773206 -0.856831
-0.771205 -0.856771
-0.769205 -0.856716
-0.767204 -0.856665
-0.765204 -0.856617
-0.763203 -0.856573
-0.761203 -0.856532
-0.759202 -0.856495
-0.757202 -0.85646
-0.755201 -0.856428
-0.753201 -0.8564
-0.7512 -0.856373
-0.7492 -0.856349
-0.747199 -0.856327
-0.745198 -0.856308
-0.743198 -0.85629
-0.741197 -0.856274
-0.739197 -0.85626
-0.737196 -0.856248
-0.735196 -0.856237
-0.733195 -0.856228
-0.731195 -0.85622
-0.729194 -0.856213
-0.727194 -0.856208
-0.725193 -0.856203
-0.723193 -0.856199
-0.721192 -0.856197
-0.719192 -0.856195
-0.717191 -0.856193
-0.715191 -0.856192
-0.71319 -0.856192
-0.711189 -0.856192
-0.709189 -0.856192
-0.707188 -0.856192
-0.705188 -0.856193
-0.703187 -0.856193
-0.701187 -0.856193
-0.699186 -0.856193
-0.697186 -0.856192
-0.695185 -0.856191
-0.693185 -0.85619
-0.691184 -0.856187
-0.689184 -0.856184
-0.687183 -0.85618
-0.685183 -0.856175
-0.683182 -0.85617
-0.681181 -0.856163
-0.679181 -0.856155
-0.67718 -0.856146
-0.67518 -0.856136
-0.673179 -0.856125
-0.671179 -0.856112
-0.669178 -0.856098
-0.667178 -0.856083
-0.665177 -0.856065
-0.663177 -0.856047
-0.661176 -0.856027
-0.659176 -0.856005
-0.657175 -0.855981
-0.655175 -0.855955
-0.653174 -0.855928
-0.651173 -0.855898
-0.649173 -0.855867
-0.647172 -0.855833
-0.645172 -0.855797
-0.643171 -0.855759
-0.641171 -0.855719
-0.63917 -0.855677
-0.63717 -0.855631
-0.635169 -0.855584
-0.633169 -0.855534
-0.631168 -0.855481
-0.629168 -0.855426
-0.627167 -0.855368
-0.625167 -0.855308
-0.623166 -0.855244
-0.621165 -0.855178
-0.619165 -0.855109
-0.617164 -0.855037
-0.615164 -0.854963
-0.613163 -0.854885
-0.611163 -0.854804
-0.609162 -0.85472
-0.607162 -0.854633
-0.605161 -0.854543
-0.603161 -0.85445
-0.60116 -0.854354
-0.59916 -0.854254
-0.597159 -0.854151
-0.595159 -0.854045
-0.593158 -0.853935
-0.591157 -0.853822
-0.589157 -0.853705
-0.587156 -0.853585
-0.585156 -0.853461
-0.583155 -0.853333
-0.581155 -0.853202
-0.579154 -0.853067
-0.577154 -0.852929
-0.575153 -0.852787
-0.573153 -0.85264
-0.571152 -0.85249
-0.569152 -0.852336
-0.567151 -0.852179
-0.565151 -0.852017
-0.56315 -0.851851
-0.561149 -0.851681
-0.559149 -0.851507
-0.557148 -0.851329
-0.555148 -0.851147
-0.553147 -0.850961
-0.551147 -0.850771
-0.549146 -0.850576
-0.547146 -0.850378
-0.545145 -0.850175
-0.543145 -0.849967
-0.541144 -0.849756
-0.539144 -0.84954
-0.537143 -0.849319
-0.535143 -0.849095
-0.533142 -0.848865
-0.531141 -0.848632
-0.529141 -0.848393
-0.52714 -0.848151
-0.52514 -0.847903
-0.523139 -0.847652
-0.521139 -0.847395
-0.519138 -0.847134
-0.517138 -0.846868
-0.515137 -0.846598
-0.513137 -0.846322
-0.511136 -0.846042
-0.509136 -0.845757
-0.507135 -0.845468
-0.505135 -0.845173
-0.503134 -0.844874
-0.501133 -0.84457
-0.499133 -0.84426
-0.497132 -0.843946
-0.495132 -0.843627
-0.493131 -0.843303
-0.491131 -0.842974
-0.48913 -0.84264
-0.48713 -0.842301
-0.485129 -0.841956
-0.483129 -0.841607
-0.481128 -0.841253
-0.479128 -0.840893
-0.477127 -0.840528
-0.475127 -0.840158
-0.473126 -0.839783
-0.471125 -0.839403
-0.469125 -0.839017
-0.467124 -0.838626
-0.465124 -0.83823
-0.463123 -0.837829
-0.461123 -0.837422
-0.459122 -0.83701
-0.457122 -0.836592
-0.455121 -0.836169
-0.453121 -0.835741
-0.45112 -0.835307
-0.44912 -0.834868
-0.447119 -0.834423
-0.445119 -0.833972
-0.443118 -0.833517
-0.441117 -0.833055
-0.439117 -0.832588
-0.437116 -0.832116
-0.435116 -0.831637
-0.433115 -0.831154
-0.431115 -0.830664
-0.429114 -0.830169
-0.427114 -0.829668
-0.425113 -0.829162
-0.423113 -0.82865
-0.421112 -0.828132
-0.419112 -0.827608
-0.417111 -0.827079
-0.415111 -0.826543
-0.41311 -0.826002
-0.41111 -0.825456
-0.409109 -0.824903
-0.407108 -0.824345
-0.405108 -0.82378
-0.403107 -0.82321
-0.401107 -0.822634
-0.399106 -0.822052
-0.397106 -0.821464
-0.395105 -0.82087
-0.393105 -0.82027
-0.391104 -0.819665
-0.389104 -0.819053
-0.387103 -0.818435
-0.385103 -0.817811
-0.383102 -0.817181
-0.381102 -0.816545
-0.379101 -0.815903
-0.3771 -0.815255
-0.3751 -0.814601
-0.373099 -0.813941
-0.371099 -0.813274
-0.369098 -0.812601
-0.367098 -0.811923
-0.365097 -0.811238
-0.363097 -0.810546
-0.361096 -0.809849
-0.359096 -0.809145
-0.357095 -0.808435
-0.355095 -0.807719
-0.353094 -0.806997
-0.351094 -0.806268
-0.349093 -0.805533
-0.347092 -0.804792
-0.345092 -0.804044
-0.343091 -0.80329
-0.341091 -0.80253
-0.33909 -0.801764
-0.33709 -0.800991
-0.335089 -0.800211
-0.333089 -0.799425
-0.331088 -0.798633
-0.329088 -0.797835
-0.327087 -0.79703
-0.325087 -0.796218
-0.323086 -0.7954
-0.321086 -0.794576
-0.319085 -0.793745
-0.317084 -0.792907
-0.315084 -0.792063
-0.313083 -0.791213
-0.311083 -0.790356
-0.309082 -0.789492
-0.307082 -0.788622
-0.305081 -0.787745
-0.303081 -0.786862
-0.30108 -0.785972
-0.29908 -0.785076
-0.297079 -0.784173
-0.295079 -0.783263
-0.293078 -0.782346
-0.291078 -0.781423
-0.289077 -0.780493
-0.287076 -0.779557
-0.285076 -0.778614
-0.283075 -0.777664
-0.281075 -0.776707
-0.279074 -0.775744
-0.277074 -0.774774
-0.275073 -0.773797
-0.273073 -0.772813
-0.271072 -0.771823
-0.269072 -0.770826
-0.267071 -0.769822
-0.265071 -0.768811
-0.26307 -0.767793
-0.26107 -0.766769
-0.259069 -0.765738
-0.257068 -0.764699
-0.255068 -0.763654
-0.253067 -0.762603
-0.251067 -0.761544
-0.249066 -0.760478
-0.247066 -0.759406
-0.245065 -0.758326
-0.243065 -0.75724
-0.241064 -0.756147
-0.239064 -0.755046
-0.237063 -0.753939
-0.235063 -0.752825
-0.233062 -0.751704
-0.231062 -0.750575
-0.229061 -0.74944
-0.22706 -0.748298
-0.22506 -0.747149
-0.223059 -0.745993
-0.221059 -0.744829
-0.219058 -0.743659
-0.217058 -0.742482
-0.215057 -0.741297
-0.213057 -0.740106
-0.211056 -0.738907
-0.209056 -0.737701
-0.207055 -0.736488
-0.205055 -0.735268
-0.203054 -0.734041
-0.201054 -0.732807
-0.199053 -0.731566
-0.197052 -0.730317
-0.195052 -0.729061
-0.193051 -0.727798
-0.191051 -0.726528
-0.18905 -0.725251
-0.18705 -0.723967
-0.185049 -0.722675
-0.183049 -0.721376
-0.181048 -0.72007
-0.179048 -0.718757
-0.177047 -0.717436
-0.175047 -0.716108
-0.173046 -0.714773
-0.171046 -0.71343
-0.169045 -0.712081
-0.167044 -0.710724
-0.165044 -0.709359
-0.163043 -0.707988
-0.161043 -0.706609
-0.159042 -0.705222
-0.157042 -0.703829
-0.155041 -0.702428
-0.153041 -0.701019
-0.15104 -0.699604
-0.14904 -0.698181
-0.147039 -0.69675
-0.145039 -0.695312
-0.143038 -0.693867
-0.141038 -0.692414
-0.139037 -0.690954
-0.137037 -0.689486
-0.135036 -0.688011
-0.133035 -0.686529
-0.131035 -0.685039
-0.129034 -0.683542
-0.127034 -0.682037
-0.125033 -0.680524
-0.123033 -0.679004
-0.121032 -0.677477
-0.119032 -0.675942
-0.117031 -0.6744
-0.115031 -0.67285
-0.11303 -0.671293
-0.11103 -0.669728
-0.109029 -0.668155
-0.107029 -0.666575
-0.105028 -0.664987
-0.103027 -0.663392
-0.101027 -0.661789
-0.0990264 -0.660179
-0.0970258 -0.658561
-0.0950253 -0.656935
-0.0930248 -0.655302
-0.0910242 -0.653661
-0.0890237 -0.652013
-0.0870232 -0.650357
-0.0850226 -0.648693
-0.0830221 -0.647021
-0.0810216 -0.645342
-0.079021 -0.643656
-0.0770205 -0.641961
-0.07502 -0.640259
-0.0730194 -0.638549
-0.0710189 -0.636831
-0.0690184 -0.635106
-0.0670179 -0.633373
-0.0650173 -0.631632
-0.0630168 -0.629884
-0.0610163 -0.628128
-0.0590157 -0.626363
-0.0570152 -0.624592
-0.0550147 -0.622812
-0.0530141 -0.621025
-0.0510136 -0.61923
-0.0490131 -0.617427
-0.0470125 -0.615616
-0.045012 -0.613797
-0.0430115 -0.611971
-0.0410109 -0.610137
-0.0390104 -0.608295
-0.0370099 -0.606445
-0.0350093 -0.604587
-0.0330088 -0.602722
-0.0310083 -0.600848
-0.0290077 -0.598967
-0.0270072 -0.597077
-0.0250067 -0.59518
-0.0230061 -0.593275
-0.0210056 -0.591362
-0.0190051 -0.589441
-0.0170045 -0.587512
-0.015004 -0.585576
-0.0130035 -0.583631
-0.0110029 -0.581678
-0.0090024 -0.579718
-0.00700187 -0.577749
-0.00500133 -0.575773
-0.0030008 -0.573788
-0.00100027 -0.571796
0.00100027 -0.569795
0.0030008 -0.567787
0.00500133 -0.56577
0.00700187 -0.563745
0.0090024 -0.561713
0.0110029 -0.559672
0.0130035 -0.557623
0.015004 -0.555567
0.0170045 -0.553502
0.0190051 -0.551429
0.0210056 -0.549348
0.0230061 -0.547259
0.0250067 -0.545162
0.0270072 -0.543056
0.0290077 -0.540943
0.0310083 -0.538822
0.0330088 -0.536692
0.0350093 -0.534554
0.0370099 -0.532408
0.0390104 -0.530254
0.0410109 -0.528092
0.0430115 -0.525922
0.045012 -0.523743
0.0470125 -0.521556
0.0490131 -0.519361
0.0510136 -0.517158
0.0530141 -0.514947
0.0550147 -0.512727
0.0570152 -0.510499
0.0590157 -0.508263
0.0610163 -0.506019
0.0630168 -0.503767
0.0650173 -0.501506
0.0670179 -0.499237
0.0690184 -0.496959
0.0710189 -0.494674
0.0730194 -0.49238
0.07502 -0.490078
0.0770205 -0.487767
0.079021 -0.485448
0.0810216 -0.483121
0.0830221 -0.480786
0.0850226 -0.478442
0.0870232 -0.47609
0.0890237 -0.473729
0.0910242 -0.471361
0.0930248 -0.468983
0.0950253 -0.466598
0.0970258 -0.464204
0.0990264 -0.461801
0.101027 -0.45939
0.103027 -0.456971
0.105028 -0.454544
0.107029 -0.452107
0.109029 -0.449663
0.11103 -0.44721
0.11303 -0.444748
0.115031 -0.442279
0.117031 -0.4398
0.119032 -0.437313
0.121032 -0.434818
0.123033 -0.432314
0.125033 -0.429802
0.127034 -0.427281
0.129034 -0.424751
0.131035 -0.422213
0.133035 -0.419667
0.135036 -0.417112
0.137037 -0.414548
0.139037 -0.411976
0.141038 -0.409395
0.143038 -0.406806
0.145039 -0.404208
0.147039 -0.401602
0.14904 -0.398986
0.15104 -0.396363
0.153041 -0.39373
0.155041 -0.391089
0.157042 -0.38844
0.159042 -0.385781
0.161043 -0.383114
0.163043 -0.380439
0.165044 -0.377754
0.167044 -0.375061
0.169045 -0.37236
0.171046 -0.369649
0.173046 -0.36693
0.175047 -0.364202
0.177047 -0.361465
0.179048 -0.35872
0.181048 -0.355966
0.183049 -0.353203
0.185049 -0.350431
0.18705 -0.347651
0.18905 -0.344861
0.191051 -0.342063
0.193051 -0.339257
0.195052 -0.336441
0.197052 -0.333616
0.199053 -0.330783
0.201054 -0.327941
0.203054 -0.325089
0.205055 -0.32223
0.207055 -0.319361
0.209056 -0.316483
0.211056 -0.313596
0.213057 -0.310701
0.215057 -0.307796
0.217058 -0.304883
0.219058 -0.301961
0.221059 -0.299029
0.223059 -0.296089
0.22506 -0.29314
0.22706 -0.290182
0.229061 -0.287214
0.231062 -0.284238
0.233062 -0.281253
0.235063 -0.278259
0.237063 -0.275256
0.239064 -0.272244
0.241064 -0.269222
0.243065 -0.266192
0.245065 -0.263152
0.247066 -0.260104
0.249066 -0.257046
0.251067 -0.25398
0.253067 -0.250904
0.255068 -0.247819
0.257068 -0.244725
0.259069 -0.241622
0.26107 -0.238509
0.26307 -0.235388
0.265071 -0.232257
0.267071 -0.229117
0.269072 -0.225968
0.271072 -0.22281
0.273073 -0.219642
0.275073 -0.216465
0.277074 -0.213279
0.279074 -0.210084
0.281075 -0.206879
0.283075 -0.203666
0.285076 -0.200442
0.287076 -0.19721
0.289077 -0.193968
0.291078 -0.190717
0.293078 -0.187457
0.295079 -0.184187
0.297079 -0.180908
0.29908 -0.17762
0.30108 -0.174322
0.303081 -0.171015
0.305081 -0.167698
0.307082 -0.164372
0.309082 -0.161037
0.311083 -0.157692
0.313083 -0.154337
0.315084 -0.150974
0.317084 -0.1476
0.319085 -0.144217
0.321086 -0.140825
0.323086 -0.137423
0.325087 -0.134012
0.327087 -0.130591
0.329088 -0.127161
0.331088 -0.123721
0.333089 -0.120271
0.335089 -0.116812
0.33709 -0.113343
0.33909 -0.109865
0.341091 -0.106377
0.343091 -0.102879
0.345092 -0.0993715
0.347092 -0.0958544
0.349093 -0.0923277
0.351094 -0.0887912
0.353094 -0.085245
0.355095 -0.0816891
0.357095 -0.0781234
0.359096 -0.074548
0.361096 -0.0709628
0.363097 -0.0673679
0.365097 -0.0637631
0.367098 -0.0601485
0.369098 -0.0565241
0.371099 -0.0528899
0.373099 -0.0492458
0.3751 -0.0455918
0.3771 -0.041928
0.379101 -0.0382543
0.381102 -0.0345706
0.383102 -0.030877
0.385103 -0.0271735
0.387103 -0.02346
0.389104 -0.0197366
0.391104 -0.0160031
0.393105 -0.0122596
0.395105 -0.00850612
0.397106 -0.00474256
0.399106 -0.000968941
0.401107 0.00281476
0.403107 0.00660856
0.405108 0.0104125
0.407108 0.0142265
0.409109 0.0180507
0.41111 0.0218851
0.41311 0.0257296
0.415111 0.0295844
0.417111 0.0334493
0.419112 0.0373245
0.421112 0.04121
0.423113 0.0451057
0.425113 0.0490117
0.427114 0.052928
0.429114 0.0568546
0.431115 0.0607915
0.433115 0.0647388
0.435116 0.0686965
0.437116 0.0726645
0.439117 0.076643
0.441117 0.0806318
0.443118 0.0846311
0.445119 0.0886409
0.447119 0.0926611
0.44912 0.0966918
0.45112 0.100733
0.453121 0.104785
0.455121 0.108847
0.457122 0.11292
0.459122 0.117004
0.461123 0.121098
0.463123 0.125202
0.465124 0.129318
0.467124 0.133444
0.469125 0.137581
0.471125 0.141729
0.473126 0.145887
0.475127 0.150056
0.477127 0.154236
0.479128 0.158427
0.481128 0.162629
0.483129 0.166841
0.485129 0.171064
0.48713 0.175299
0.48913 0.179544
0.491131 0.1838
0.493131 0.188067
0.495132 0.192346
0.497132 0.196635
0.499133 0.200935
0.501133 0.205246
0.503134 0.209569
0.505135 0.213902
0.507135 0.218247
0.509136 0.222603
0.511136 0.22697
0.513137 0.231348
0.515137 0.235738
0.517138 0.240138
0.519138 0.24455
0.521139 0.248974
0.523139 0.253409
0.52514 0.257855
0.52714 0.262312
0.529141 0.266781
0.531141 0.271262
0.533142 0.275753
0.535143 0.280257
0.537143 0.284772
0.539144 0.289299
0.541144 0.293837
0.543145 0.298387
0.545145 0.302948
0.547146 0.307522
0.549146 0.312107
0.551147 0.316704
0.553147 0.321312
0.555148 0.325933
0.557148 0.330565
0.559149 0.33521
0.561149 0.339866
0.56315 0.344534
0.565151 0.349214
0.567151 0.353907
0.569152 0.358611
0.571152 0.363327
0.573153 0.368056
0.575153 0.372796
0.577154 0.377549
0.579154 0.382314
0.581155 0.387091
0.583155 0.391881
0.585156 0.396683
0.587156 0.401497
0.589157 0.406324
0.591157 0.411163
0.593158 0.416015
0.595159 0.420879
0.597159 0.425756
0.59916 0.430646
0.60116 0.435548
0.603161 0.440463
0.605161 0.445391
0.607162 0.450331
0.609162 0.455285
0.611163 0.460251
0.613163 0.465231
0.615164 0.470223
0.617164 0.475228
0.619165 0.480247
0.621165 0.485279
0.623166 0.490323
0.625167 0.495381
0.627167 0.500453
0.629168 0.505537
0.631168 0.510635
0.633169 0.515746
0.635169 0.520871
0.63717 0.526009
0.63917 0.531161
0.641171 0.536326
0.643171 0.541505
0.645172 0.546698
0.647172 0.551905
0.649173 0.557125
0.651173 0.562359
0.653174 0.567608
0.655175 0.57287
0.657175 0.578146
0.659176 0.583437
0.661176 0.588742
0.663177 0.594061
0.665177 0.599394
0.667178 0.604742
0.669178 0.610104
0.671179 0.615481
0.673179 0.620873
0.67518 0.626279
0.67718 0.6317
0.679181 0.637136
0.681181 0.642587
0.683182 0.648052
0.685183 0.653533
0.687183 0.659029
0.689184 0.664539
0.691184 0.670066
0.693185 0.675607
0.695185 0.681163
0.697186 0.686735
0.699186 0.692323
0.701187 0.697926
0.703187 0.703545
0.705188 0.70918
0.707188 0.714831
0.709189 0.720497
0.711189 0.72618
0.71319 0.731879
0.715191 0.737595
0.717191 0.743327
0.719192 0.749075
0.721192 0.75484
0.723193 0.760622
0.725193 0.766421
0.727194 0.772236
0.729194 0.778069
0.731195 0.783919
0.733195 0.789786
0.735196 0.79567
0.737196 0.801572
0.739197 0.807492
0.741197 0.813429
0.743198 0.819384
0.745198 0.825357
0.747199 0.831348
0.7492 0.837357
0.7512 0.843384
0.753201 0.849429
0.755201 0.855493
0.757202 0.861576
0.759202 0.867678
0.761203 0.873799
0.763203 0.879939
0.765204 0.886098
0.767204 0.892277
0.769205 0.898476
0.771205 0.904694
0.773206 0.910933
0.775206 0.917192
0.777207 0.923471
0.779208 0.92977
0.781208 0.93609
0.783209 0.942431
0.785209 0.948793
0.78721 0.955176
0.78921 0.96158
0.791211 0.968006
0.793211 0.974453
0.795212 0.980922
0.797212 0.987413
0.799213 0.993927
0.801213 1.00046
0.803214 1.00702
0.805214 1.0136
0.807215 1.02021
0.809216 1.02684
0.811216 1.03349
0.813217 1.04017
0.815217 1.04687
0.817218 1.0536
0.819218 1.06035
0.821219 1.06713
0.823219 1.07394
0.82522 1.08077
0.82722 1.08763
0.829221 1.09451
0.831221 1.10142
0.833222 1.10836
0.835222 1.11533
0.837223 1.12233
0.839224 1.12935
0.841224 1.13641
0.843225 1.14349
0.845225 1.1506
0.847226 1.15775
0.849226 1.16492
0.851227 1.17213
0.853227 1.17936
0.855228 1.18663
0.857228 1.19393
0.859229 1.20127
0.861229 1.20863
0.86323 1.21604
0.86523 1.22347
0.867231 1.23094
0.869232 1.23844
0.871232 1.24598
0.873233 1.25356
0.875233 1.26117
0.877234 1.26882
0.879234 1.2765
0.881235 1.28423
0.883235 1.29199
0.885236 1.2998
0.887236 1.30764
0.889237 1.31554
0.891237 1.32348
0.893238 1.33147
0.895238 1.3395
0.897239 1.34759
0.89924 1.35574
0.90124 1.36394
0.903241 1.3722
0.905241 1.38051
0.907242 1.38889
0.909242 1.39733
0.911243 1.40584
0.913243 1.41441
0.915244 1.42304
0.917244 1.43175
0.919245 1.44052
0.921245 1.44936
0.923246 1.45827
0.925246 1.46724
0.927247 1.47628
0.929248 1.48539
0.931248 1.49457
0.933249 1.50381
0.935249 1.51312
0.93725 1.5225
0.93925 1.53195
0.941251 1.54146
0.943251 1.55105
0.945252 1.56073
0.947252 1.57052
0.949253 1.58045
0.951253 1.59054
0.953254 1.60081
0.955254 1.61129
0.957255 1.622
0.959256 1.63296
0.961256 1.6442
0.963257 1.65573
0.965257 1.66759
0.967258 1.67975
0.969258 1.69216
0.971259 1.70479
0.973259 1.71757
0.97526 1.73047
0.97726 1.74342
0.979261 1.75639
0.981261 1.76931
0.983262 1.78222
0.985262 1.79563
0.987263 1.81035
0.989264 1.82715
0.991264 1.84682
0.993265 1.87015
0.995265 1.89762
0.997266 1.92815
0.999266 1.96022
