-0.989821 -1.01905
-0.98784 -1.01575
-0.985858 -1.01246
-0.983877 -1.00917
-0.981895 -1.00587
-0.979913 -1.00258
-0.977932 -0.999284
-0.97595 -0.995991
-0.973968 -0.992697
-0.971987 -0.989403
-0.970005 -0.98611
-0.968024 -0.982816
-0.966042 -0.979522
-0.96406 -0.976229
-0.962079 -0.972935
-0.960097 -0.969641
-0.958115 -0.966348
-0.956134 -0.963054
-0.954152 -0.95976
-0.952171 -0.956467
-0.950189 -0.953173
-0.948207 -0.949879
-0.946226 -0.946586
-0.944244 -0.943292
-0.942262 -0.939998
-0.940281 -0.936705
-0.938299 -0.933411
-0.936318 -0.930117
-0.934336 -0.926824
-0.932354 -0.92353
-0.930373 -0.920236
-0.928391 -0.916943
-0.926409 -0.913649
-0.924428 -0.910355
-0.922446 -0.907062
-0.920465 -0.903768
-0.918483 -0.900475
-0.916501 -0.897181
-0.91452 -0.893887
-0.912538 -0.890594
-0.910556 -0.8873
-0.908575 -0.885562
-0.906593 -0.885184
-0.904612 -0.884807
-0.90263 -0.884429
-0.900648 -0.884051
-0.898667 -0.883674
-0.896685 -0.883296
-0.894703 -0.882918
-0.892722 -0.882541
-0.89074 -0.882163
-0.888759 -0.881785
-0.886777 -0.881408
-0.884795 -0.88103
-0.882814 -0.880652
-0.880832 -0.880275
-0.87885 -0.879897
-0.876869 -0.879519
-0.874887 -0.879142
-0.872906 -0.878764
-0.870924 -0.878386
-0.868942 -0.878009
-0.866961 -0.877631
-0.864979 -0.877253
-0.862997 -0.876876
-0.861016 -0.876498
-0.859034 -0.876121
-0.857053 -0.875743
-0.855071 -0.875365
-0.853089 -0.874988
-0.851108 -0.87461
-0.849126 -0.874232
-0.847144 -0.873855
-0.845163 -0.873477
-0.843181 -0.873099
-0.8412 -0.872722
-0.839218 -0.872344
-0.837236 -0.871966
-0.835255 -0.871589
-0.833273 -0.871211
-0.831291 -0.870833
-0.82931 -0.870456
-0.827328 -0.870078
-0.825347 -0.8697
-0.823365 -0.869323
-0.821383 -0.868945
-0.819402 -0.868568
-0.81742 -0.86819
-0.815438 -0.867812
-0.813457 -0.867435
-0.811475 -0.867057
-0.809494 -0.866679
-0.807512 -0.866302
-0.80553 -0.865924
-0.803549 -0.865546
-0.801567 -0.865169
-0.799585 -0.864791
-0.797604 -0.864413
-0.795622 -0.864036
-0.793641 -0.863658
-0.791659 -0.86328
-0.789677 -0.862903
-0.787696 -0.862525
-0.785714 -0.862147
-0.783732 -0.86177
-0.781751 -0.861392
-0.779769 -0.861014
-0.777788 -0.860637
-0.775806 -0.860259
-0.773824 -0.859882
-0.771843 -0.859504
-0.769861 -0.859126
-0.767879 -0.858749
-0.765898 -0.858371
-0.763916 -0.857993
-0.761935 -0.857616
-0.759953 -0.857238
-0.757971 -0.85686
-0.75599 -0.856483
-0.754008 -0.856382
-0.752026 -0.85632
-0.750045 -0.856258
-0.748063 -0.856196
-0.746082 -0.856134
-0.7441 -0.856072
-0.742118 -0.85601
-0.740137 -0.855948
-0.738155 -0.855886
-0.736173 -0.855824
-0.734192 -0.855762
-0.73221 -0.8557
-0.730229 -0.855638
-0.728247 -0.855576
-0.726265 -0.855514
-0.724284 -0.855452
-0.722302 -0.85539
-0.720321 -0.855328
-0.718339 -0.855266
-0.716357 -0.855204
-0.714376 -0.855142
-0.712394 -0.85508
-0.710412 -0.855018
-0.708431 -0.854955
-0.706449 -0.854893
-0.704468 -0.854831
-0.702486 -0.854769
-0.700504 -0.854707
-0.698523 -0.854645
-0.696541 -0.854583
-0.694559 -0.854521
-0.692578 -0.854459
-0.690596 -0.854397
-0.688615 -0.854335
-0.686633 -0.854273
-0.684651 -0.854211
-0.68267 -0.854149
-0.680688 -0.854087
-0.678706 -0.854025
-0.676725 -0.853963
-0.674743 -0.853901
-0.672762 -0.853839
-0.67078 -0.853777
-0.668798 -0.853715
-0.666817 -0.853653
-0.664835 -0.853591
-0.662853 -0.853529
-0.660872 -0.853467
-0.65889 -0.853405
-0.656909 -0.853342
-0.654927 -0.85328
-0.652945 -0.853218
-0.650964 -0.853156
-0.648982 -0.853094
-0.647 -0.853032
-0.645019 -0.85297
-0.643037 -0.852908
-0.641056 -0.852846
-0.639074 -0.852784
-0.637092 -0.852722
-0.635111 -0.85266
-0.633129 -0.852598
-0.631147 -0.852536
-0.629166 -0.852474
-0.627184 -0.852412
-0.625203 -0.85235
-0.623221 -0.852288
-0.621239 -0.852226
-0.619258 -0.852164
-0.617276 -0.852102
-0.615294 -0.85204
-0.613313 -0.851978
-0.611331 -0.851916
-0.60935 -0.851854
-0.607368 -0.851792
-0.605386 -0.851729
-0.603405 -0.851667
-0.601423 -0.851605
-0.599441 -0.851543
-0.59746 -0.851481
-0.595478 -0.851419
-0.593497 -0.851357
-0.591515 -0.851295
-0.589533 -0.851233
-0.587552 -0.851171
-0.58557 -0.851109
-0.583588 -0.851047
-0.581607 -0.850985
-0.579625 -0.850923
-0.577644 -0.850861
-0.575662 -0.850799
-0.57368 -0.850737
-0.571699 -0.850675
-0.569717 -0.850613
-0.567735 -0.850551
-0.565754 -0.850489
-0.563772 -0.850427
-0.561791 -0.850365
-0.559809 -0.850303
-0.557827 -0.850241
-0.555846 -0.850179
-0.553864 -0.850116
-0.551882 -0.850054
-0.549901 -0.849992
-0.547919 -0.84993
-0.545938 -0.849868
-0.543956 -0.849806
-0.541974 -0.849744
-0.539993 -0.849521
-0.538011 -0.848964
-0.536029 -0.848408
-0.534048 -0.847852
-0.532066 -0.847295
-0.530085 -0.846739
-0.528103 -0.846183
-0.526121 -0.845627
-0.52414 -0.84507
-0.522158 -0.844514
-0.520176 -0.843958
-0.518195 -0.843402
-0.516213 -0.842845
-0.514232 -0.842289
-0.51225 -0.841733
-0.510268 -0.841176
-0.508287 -0.84062
-0.506305 -0.840064
-0.504323 -0.839508
-0.502342 -0.838951
-0.50036 -0.838395
-0.498379 -0.837839
-0.496397 -0.837282
-0.494415 -0.836726
-0.492434 -0.83617
-0.490452 -0.835614
-0.48847 -0.835057
-0.486489 -0.834501
-0.484507 -0.833945
-0.482526 -0.833389
-0.480544 -0.832832
-0.478562 -0.832276
-0.476581 -0.83172
-0.474599 -0.831163
-0.472617 -0.830607
-0.470636 -0.830051
-0.468654 -0.829495
-0.466673 -0.828938
-0.464691 -0.828382
-0.462709 -0.827826
-0.460728 -0.827269
-0.458746 -0.826713
-0.456764 -0.826157
-0.454783 -0.825601
-0.452801 -0.825044
-0.45082 -0.824488
-0.448838 -0.823932
-0.446856 -0.823376
-0.444875 -0.822819
-0.442893 -0.822263
-0.440911 -0.821707
-0.43893 -0.82115
-0.436948 -0.820594
-0.434967 -0.820038
-0.432985 -0.819482
-0.431003 -0.818925
-0.429022 -0.818369
-0.42704 -0.817813
-0.425058 -0.817257
-0.423077 -0.8167
-0.421095 -0.816144
-0.419114 -0.815588
-0.417132 -0.815031
-0.41515 -0.814475
-0.413169 -0.813919
-0.411187 -0.813363
-0.409205 -0.812806
-0.407224 -0.81225
-0.405242 -0.811694
-0.403261 -0.811137
-0.401279 -0.810581
-0.399297 -0.810025
-0.397316 -0.809469
-0.395334 -0.808912
-0.393352 -0.808356
-0.391371 -0.8078
-0.389389 -0.807244
-0.387408 -0.806687
-0.385426 -0.806131
-0.383444 -0.805575
-0.381463 -0.805018
-0.379481 -0.804462
-0.377499 -0.803906
-0.375518 -0.80335
-0.373536 -0.802793
-0.371555 -0.802237
-0.369573 -0.801681
-0.367591 -0.801124
-0.36561 -0.800568
-0.363628 -0.800012
-0.361646 -0.799456
-0.359665 -0.798899
-0.357683 -0.798343
-0.355702 -0.797787
-0.35372 -0.797231
-0.351738 -0.796674
-0.349757 -0.796118
-0.347775 -0.795562
-0.345793 -0.795005
-0.343812 -0.794449
-0.34183 -0.793893
-0.339849 -0.793337
-0.337867 -0.79278
-0.335885 -0.792224
-0.333904 -0.791668
-0.331922 -0.791112
-0.32994 -0.790555
-0.327959 -0.789999
-0.325977 -0.789443
-0.323996 -0.788886
-0.322014 -0.78833
-0.320032 -0.787774
-0.318051 -0.787218
-0.316069 -0.786661
-0.314087 -0.786105
-0.312106 -0.785549
-0.310124 -0.784992
-0.308143 -0.784436
-0.306161 -0.78388
-0.304179 -0.783324
-0.302198 -0.782767
-0.300216 -0.782211
-0.298234 -0.781655
-0.296253 -0.781099
-0.294271 -0.780542
-0.29229 -0.779986
-0.290308 -0.77943
-0.288326 -0.778873
-0.286345 -0.778317
-0.284363 -0.777761
-0.282381 -0.777205
-0.2804 -0.776047
-0.278418 -0.774596
-0.276437 -0.773146
-0.274455 -0.771695
-0.272473 -0.770245
-0.270492 -0.768794
-0.26851 -0.767344
-0.266528 -0.765893
-0.264547 -0.764443
-0.262565 -0.762992
-0.260584 -0.761542
-0.258602 -0.760091
-0.25662 -0.75864
-0.254639 -0.75719
-0.252657 -0.755739
-0.250675 -0.754289
-0.248694 -0.752838
-0.246712 -0.751388
-0.244731 -0.749937
-0.242749 -0.748487
-0.240767 -0.747036
-0.238786 -0.745586
-0.236804 -0.744135
-0.234823 -0.742685
-0.232841 -0.741234
-0.230859 -0.739784
-0.228878 -0.738333
-0.226896 -0.736882
-0.224914 -0.735432
-0.222933 -0.733981
-0.220951 -0.732531
-0.21897 -0.73108
-0.216988 -0.72963
-0.215006 -0.728179
-0.213025 -0.726729
-0.211043 -0.725278
-0.209061 -0.723828
-0.20708 -0.722377
-0.205098 -0.720927
-0.203117 -0.719476
-0.201135 -0.718026
-0.199153 -0.716575
-0.197172 -0.715124
-0.19519 -0.713674
-0.193208 -0.712223
-0.191227 -0.710773
-0.189245 -0.709322
-0.187264 -0.707872
-0.185282 -0.706421
-0.1833 -0.704971
-0.181319 -0.70352
-0.179337 -0.70207
-0.177355 -0.700619
-0.175374 -0.699169
-0.173392 -0.697718
-0.171411 -0.696268
-0.169429 -0.694817
-0.167447 -0.693366
-0.165466 -0.691916
-0.163484 -0.690465
-0.161502 -0.689015
-0.159521 -0.687564
-0.157539 -0.686114
-0.155558 -0.684663
-0.153576 -0.683213
-0.151594 -0.681762
-0.149613 -0.680312
-0.147631 -0.678861
-0.145649 -0.677411
-0.143668 -0.67596
-0.141686 -0.67451
-0.139705 -0.673059
-0.137723 -0.671608
-0.135741 -0.670158
-0.13376 -0.668707
-0.131778 -0.667257
-0.129796 -0.665806
-0.127815 -0.664356
-0.125833 -0.662905
-0.123852 -0.661455
-0.12187 -0.660004
-0.119888 -0.658554
-0.117907 -0.657103
-0.115925 -0.655653
-0.113943 -0.654202
-0.111962 -0.652752
-0.10998 -0.651301
-0.107999 -0.64985
-0.106017 -0.6484
-0.104035 -0.646949
-0.102054 -0.645499
-0.100072 -0.644048
-0.0980904 -0.642598
-0.0961088 -0.641147
-0.0941272 -0.639697
-0.0921455 -0.638246
-0.0901639 -0.636796
-0.0881823 -0.635345
-0.0862007 -0.633895
-0.084219 -0.632444
-0.0822374 -0.630993
-0.0802558 -0.629543
-0.0782742 -0.628092
-0.0762925 -0.626642
-0.0743109 -0.625191
-0.0723293 -0.623741
-0.0703477 -0.62229
-0.068366 -0.62084
-0.0663844 -0.619389
-0.0644028 -0.617939
-0.0624212 -0.616488
-0.0604395 -0.615038
-0.0584579 -0.613587
-0.0564763 -0.612137
-0.0544947 -0.610686
-0.052513 -0.609235
-0.0505314 -0.607785
-0.0485498 -0.606334
-0.0465682 -0.604884
-0.0445866 -0.603433
-0.0426049 -0.601983
-0.0406233 -0.600532
-0.0386417 -0.599082
-0.0366601 -0.597631
-0.0346784 -0.596181
-0.0326968 -0.59473
-0.0307152 -0.59328
-0.0287336 -0.591829
-0.0267519 -0.590379
-0.0247703 -0.588928
-0.0227887 -0.587477
-0.0208071 -0.586027
-0.0188254 -0.584576
-0.0168438 -0.583126
-0.0148622 -0.581675
-0.0128806 -0.580225
-0.0108989 -0.578774
-0.00891731 -0.577324
-0.00693569 -0.575873
-0.00495406 -0.574423
-0.00297244 -0.572972
-0.000990812 -0.571522
0.000990812 -0.569513
0.00297244 -0.566946
0.00495406 -0.564379
0.00693569 -0.561811
0.00891731 -0.559244
0.0108989 -0.556677
0.0128806 -0.55411
0.0148622 -0.551543
0.0168438 -0.548976
0.0188254 -0.546409
0.0208071 -0.543842
0.0227887 -0.541275
0.0247703 -0.538707
0.0267519 -0.53614
0.0287336 -0.533573
0.0307152 -0.531006
0.0326968 -0.528439
0.0346784 -0.525872
0.0366601 -0.523305
0.0386417 -0.520738
0.0406233 -0.518171
0.0426049 -0.515603
0.0445866 -0.513036
0.0465682 -0.510469
0.0485498 -0.507902
0.0505314 -0.505335
0.052513 -0.502768
0.0544947 -0.500201
0.0564763 -0.497634
0.0584579 -0.495067
0.0604395 -0.492499
0.0624212 -0.489932
0.0644028 -0.487365
0.0663844 -0.484798
0.068366 -0.482231
0.0703477 -0.479664
0.0723293 -0.477097
0.0743109 -0.47453
0.0762925 -0.471963
0.0782742 -0.469395
0.0802558 -0.466828
0.0822374 -0.464261
0.084219 -0.461694
0.0862007 -0.459127
0.0881823 -0.45656
0.0901639 -0.453993
0.0921455 -0.451426
0.0941272 -0.448859
0.0961088 -0.446291
0.0980904 -0.443724
0.100072 -0.441157
0.102054 -0.43859
0.104035 -0.436023
0.106017 -0.433456
0.107999 -0.430889
0.10998 -0.428322
0.111962 -0.425755
0.113943 -0.423187
0.115925 -0.42062
0.117907 -0.418053
0.119888 -0.415486
0.12187 -0.412919
0.123852 -0.410352
0.125833 -0.407785
0.127815 -0.405218
0.129796 -0.402651
0.131778 -0.400083
0.13376 -0.397516
0.135741 -0.394949
0.137723 -0.392382
0.139705 -0.389815
0.141686 -0.387248
0.143668 -0.384681
0.145649 -0.382114
0.147631 -0.379547
0.149613 -0.376979
0.151594 -0.374412
0.153576 -0.371845
0.155558 -0.369278
0.157539 -0.366711
0.159521 -0.364144
0.161502 -0.361577
0.163484 -0.35901
0.165466 -0.356443
0.167447 -0.353875
0.169429 -0.351308
0.171411 -0.348741
0.173392 -0.346174
0.175374 -0.343607
0.177355 -0.34104
0.179337 -0.338473
0.181319 -0.335906
0.1833 -0.333339
0.185282 -0.330772
0.187264 -0.328204
0.189245 -0.325637
0.191227 -0.32307
0.193208 -0.320503
0.19519 -0.317936
0.197172 -0.315369
0.199153 -0.312802
0.201135 -0.310235
0.203117 -0.307668
0.205098 -0.3051
0.20708 -0.302533
0.209061 -0.299966
0.211043 -0.297399
0.213025 -0.294832
0.215006 -0.292265
0.216988 -0.289698
0.21897 -0.287131
0.220951 -0.284564
0.222933 -0.281996
0.224914 -0.279429
0.226896 -0.276862
0.228878 -0.274295
0.230859 -0.271728
0.232841 -0.269161
0.234823 -0.266594
0.236804 -0.264027
0.238786 -0.26146
0.240767 -0.258892
0.242749 -0.256325
0.244731 -0.253758
0.246712 -0.251191
0.248694 -0.248624
0.250675 -0.246057
0.252657 -0.24349
0.254639 -0.240923
0.25662 -0.238356
0.258602 -0.235788
0.260584 -0.233221
0.262565 -0.230654
0.264547 -0.228087
0.266528 -0.22552
0.26851 -0.222953
0.270492 -0.220386
0.272473 -0.217819
0.274455 -0.215252
0.276437 -0.212684
0.278418 -0.210117
0.2804 -0.20755
0.282381 -0.204574
0.284363 -0.200759
0.286345 -0.196943
0.288326 -0.193128
0.290308 -0.189312
0.29229 -0.185497
0.294271 -0.181681
0.296253 -0.177865
0.298234 -0.17405
0.300216 -0.170234
0.302198 -0.166419
0.304179 -0.162603
0.306161 -0.158788
0.308143 -0.154972
0.310124 -0.151157
0.312106 -0.147341
0.314087 -0.143526
0.316069 -0.13971
0.318051 -0.135894
0.320032 -0.132079
0.322014 -0.128263
0.323996 -0.124448
0.325977 -0.120632
0.327959 -0.116817
0.32994 -0.113001
0.331922 -0.109186
0.333904 -0.10537
0.335885 -0.101554
0.337867 -0.0977389
0.339849 -0.0939234
0.34183 -0.0901079
0.343812 -0.0862923
0.345793 -0.0824768
0.347775 -0.0786612
0.349757 -0.0748457
0.351738 -0.0710301
0.35372 -0.0672146
0.355702 -0.063399
0.357683 -0.0595835
0.359665 -0.0557679
0.361646 -0.0519524
0.363628 -0.0481368
0.36561 -0.0443213
0.367591 -0.0405057
0.369573 -0.0366902
0.371555 -0.0328746
0.373536 -0.0290591
0.375518 -0.0252436
0.377499 -0.021428
0.379481 -0.0176125
0.381463 -0.0137969
0.383444 -0.00998136
0.385426 -0.00616582
0.387408 -0.00235027
0.389389 0.00146528
0.391371 0.00528082
0.393352 0.00909637
0.395334 0.0129119
0.397316 0.0167275
0.399297 0.020543
0.401279 0.0243586
0.403261 0.0281741
0.405242 0.0319897
0.407224 0.0358052
0.409205 0.0396207
0.411187 0.0434363
0.413169 0.0472518
0.41515 0.0510674
0.417132 0.0548829
0.419114 0.0586985
0.421095 0.062514
0.423077 0.0663296
0.425058 0.0701451
0.42704 0.0739607
0.429022 0.0777762
0.431003 0.0815918
0.432985 0.0854073
0.434967 0.0892229
0.436948 0.0930384
0.43893 0.096854
0.440911 0.100669
0.442893 0.104485
0.444875 0.108301
0.446856 0.112116
0.448838 0.115932
0.45082 0.119747
0.452801 0.123563
0.454783 0.127378
0.456764 0.131194
0.458746 0.135009
0.460728 0.138825
0.462709 0.142641
0.464691 0.146456
0.466673 0.150272
0.468654 0.154087
0.470636 0.157903
0.472617 0.161718
0.474599 0.165534
0.476581 0.169349
0.478562 0.173165
0.480544 0.17698
0.482526 0.180796
0.484507 0.184612
0.486489 0.188427
0.48847 0.192243
0.490452 0.196058
0.492434 0.199874
0.494415 0.203689
0.496397 0.207505
0.498379 0.21132
0.50036 0.215136
0.502342 0.218951
0.504323 0.222767
0.506305 0.226583
0.508287 0.230398
0.510268 0.234214
0.51225 0.238029
0.514232 0.241845
0.516213 0.24566
0.518195 0.249476
0.520176 0.253291
0.522158 0.257107
0.52414 0.260922
0.526121 0.264738
0.528103 0.268554
0.530085 0.272369
0.532066 0.276185
0.534048 0.28
0.536029 0.283816
0.538011 0.287631
0.539993 0.291447
0.541974 0.296194
0.543956 0.301394
0.545938 0.306594
0.547919 0.311794
0.549901 0.316994
0.551882 0.322194
0.553864 0.327394
0.555846 0.332594
0.557827 0.337794
0.559809 0.342994
0.561791 0.348194
0.563772 0.353394
0.565754 0.358593
0.567735 0.363793
0.569717 0.368993
0.571699 0.374193
0.57368 0.379393
0.575662 0.384593
0.577644 0.389793
0.579625 0.394993
0.581607 0.400193
0.583588 0.405393
0.58557 0.410593
0.587552 0.415793
0.589533 0.420993
0.591515 0.426193
0.593497 0.431393
0.595478 0.436593
0.59746 0.441793
0.599441 0.446993
0.601423 0.452193
0.603405 0.457393
0.605386 0.462593
0.607368 0.467793
0.60935 0.472993
0.611331 0.478192
0.613313 0.483392
0.615294 0.488592
0.617276 0.493792
0.619258 0.498992
0.621239 0.504192
0.623221 0.509392
0.625203 0.514592
0.627184 0.519792
0.629166 0.524992
0.631147 0.530192
0.633129 0.535392
0.635111 0.540592
0.637092 0.545792
0.639074 0.550992
0.641056 0.556192
0.643037 0.561392
0.645019 0.566592
0.647 0.571792
0.648982 0.576992
0.650964 0.582192
0.652945 0.587392
0.654927 0.592592
0.656909 0.597791
0.65889 0.602991
0.660872 0.608191
0.662853 0.613391
0.664835 0.618591
0.666817 0.623791
0.668798 0.628991
0.67078 0.634191
0.672762 0.639391
0.674743 0.644591
0.676725 0.649791
0.678706 0.654991
0.680688 0.660191
0.68267 0.665391
0.684651 0.670591
0.686633 0.675791
0.688615 0.680991
0.690596 0.686191
0.692578 0.691391
0.694559 0.696591
0.696541 0.701791
0.698523 0.706991
0.700504 0.712191
0.702486 0.71739
0.704468 0.72259
0.706449 0.72779
0.708431 0.73299
0.710412 0.73819
0.712394 0.74339
0.714376 0.74859
0.716357 0.75379
0.718339 0.75899
0.720321 0.76419
0.722302 0.76939
0.724284 0.77459
0.726265 0.77979
0.728247 0.78499
0.730229 0.79019
0.73221 0.79539
0.734192 0.80059
0.736173 0.80579
0.738155 0.81099
0.740137 0.81619
0.742118 0.82139
0.7441 0.82659
0.746082 0.83179
0.748063 0.836989
0.750045 0.842189
0.752026 0.847389
0.754008 0.852589
0.75599 0.858005
0.757971 0.864983
0.759953 0.871961
0.761935 0.878939
0.763916 0.885917
0.765898 0.892895
0.767879 0.899873
0.769861 0.906851
0.771843 0.913829
0.773824 0.920807
0.775806 0.927785
0.777788 0.934763
0.779769 0.94174
0.781751 0.948718
0.783732 0.955696
0.785714 0.962674
0.787696 0.969652
0.789677 0.97663
0.791659 0.983608
0.793641 0.990586
0.795622 0.997564
0.797604 1.00454
0.799585 1.01152
0.801567 1.0185
0.803549 1.02548
0.80553 1.03245
0.807512 1.03943
0.809494 1.04641
0.811475 1.05339
0.813457 1.06037
0.815438 1.06734
0.81742 1.07432
0.819402 1.0813
0.821383 1.08828
0.823365 1.09526
0.825347 1.10223
0.827328 1.10921
0.82931 1.11619
0.831291 1.12317
0.833273 1.13015
0.835255 1.13712
0.837236 1.1441
0.839218 1.15108
0.8412 1.15806
0.843181 1.16504
0.845163 1.17201
0.847144 1.17899
0.849126 1.18597
0.851108 1.19295
0.853089 1.19993
0.855071 1.2069
0.857053 1.21388
0.859034 1.22086
0.861016 1.22784
0.862997 1.23482
0.864979 1.24179
0.866961 1.24877
0.868942 1.25575
0.870924 1.26273
0.872906 1.26971
0.874887 1.27668
0.876869 1.28366
0.87885 1.29064
0.880832 1.29762
0.882814 1.3046
0.884795 1.31157
0.886777 1.31855
0.888759 1.32553
0.89074 1.33251
0.892722 1.33948
0.894703 1.34646
0.896685 1.35344
0.898667 1.36042
0.900648 1.3674
0.90263 1.37437
0.904612 1.38135
0.906593 1.38833
0.908575 1.39531
0.910556 1.40408
0.912538 1.4149
0.91452 1.42572
0.916501 1.43654
0.918483 1.44737
0.920465 1.45819
0.922446 1.46901
0.924428 1.47983
0.926409 1.49065
0.928391 1.50147
0.930373 1.5123
0.932354 1.52312
0.934336 1.53394
0.936318 1.54476
0.938299 1.55558
0.940281 1.5664
0.942262 1.57723
0.944244 1.58805
0.946226 1.59887
0.948207 1.60969
0.950189 1.62051
0.952171 1.63133
0.954152 1.64216
0.956134 1.65298
0.958115 1.6638
0.960097 1.67462
0.962079 1.68544
0.96406 1.69626
0.966042 1.70709
0.968024 1.71791
0.970005 1.72873
0.971987 1.73955
0.973968 1.75037
0.97595 1.7612
0.977932 1.77202
0.979913 1.78284
0.981895 1.79366
0.983877 1.80448
0.985858 1.8153
0.98784 1.82613
0.989821 1.83695
