-0.999266 -1.10475
-0.997266 -1.07973
-0.995265 -1.05768
-0.993265 -1.03859
-0.991264 -1.02246
-0.989264 -1.0093
-0.987263 -0.99909
-0.985262 -0.991846
-0.983262 -0.987563
-0.981261 -0.984995
-0.979261 -0.979363
-0.97726 -0.973936
-0.97526 -0.968712
-0.973259 -0.963693
-0.971259 -0.958877
-0.969258 -0.954266
-0.967258 -0.949858
-0.965257 -0.945655
-0.963257 -0.941656
-0.961256 -0.93786
-0.959256 -0.934269
-0.957255 -0.930882
-0.955254 -0.927699
-0.953254 -0.92472
-0.951253 -0.921945
-0.949253 -0.919374
-0.947252 -0.917007
-0.945252 -0.914844
-0.943251 -0.912885
-0.941251 -0.91113
-0.93925 -0.909196
-0.93725 -0.907289
-0.935249 -0.905428
-0.933249 -0.903613
-0.931248 -0.901844
-0.929248 -0.900121
-0.927247 -0.898444
-0.925246 -0.896812
-0.923246 -0.895226
-0.921245 -0.893687
-0.919245 -0.892193
-0.917244 -0.890745
-0.915244 -0.889343
-0.913243 -0.887986
-0.911243 -0.886676
-0.909242 -0.885412
-0.907242 -0.884193
-0.905241 -0.88302
-0.903241 -0.881893
-0.90124 -0.880812
-0.89924 -0.879777
-0.897239 -0.878788
-0.895238 -0.877844
-0.893238 -0.876947
-0.891237 -0.876095
-0.889237 -0.875289
-0.887236 -0.874529
-0.885236 -0.873815
-0.883235 -0.873147
-0.881235 -0.872525
-0.879234 -0.871948
-0.877234 -0.871366
-0.875233 -0.870775
-0.873233 -0.870196
-0.871232 -0.86963
-0.869232 -0.869078
-0.867231 -0.868538
-0.86523 -0.868011
-0.86323 -0.867498
-0.861229 -0.866997
-0.859229 -0.86651
-0.857228 -0.866035
-0.855228 -0.865574
-0.853227 -0.865125
-0.851227 -0.86469
-0.849226 -0.864268
-0.847226 -0.863859
-0.845225 -0.863462
-0.843225 -0.863079
-0.841224 -0.862709
-0.839224 -0.862352
-0.837223 -0.862008
-0.835222 -0.861677
-0.833222 -0.861359
-0.831221 -0.861054
-0.829221 -0.860762
-0.82722 -0.860483
-0.82522 -0.860217
-0.823219 -0.859964
-0.821219 -0.859724
-0.819218 -0.859498
-0.817218 -0.859284
-0.815217 -0.859083
-0.813217 -0.858896
-0.811216 -0.858721
-0.809216 -0.858559
-0.807215 -0.858411
-0.805214 -0.858275
-0.803214 -0.858153
-0.801213 -0.858044
-0.799213 -0.857947
-0.797212 -0.857864
-0.795212 -0.857793
-0.793211 -0.857707
-0.791211 -0.857623
-0.78921 -0.857541
-0.78721 -0.857462
-0.785209 -0.857385
-0.783209 -0.857309
-0.781208 -0.857237
-0.779208 -0.857166
-0.777207 -0.857097
-0.775206 -0.857031
-0.773206 -0.856967
-0.771205 -0.856905
-0.769205 -0.856845
-0.767204 -0.856788
-0.765204 -0.856732
-0.763203 -0.856679
-0.761203 -0.856628
-0.759202 -0.856579
-0.757202 -0.856533
-0.755201 -0.856488
-0.753201 -0.856446
-0.7512 -0.856406
-0.7492 -0.856368
-0.747199 -0.856332
-0.745198 -0.856298
-0.743198 -0.856267
-0.741197 -0.856238
-0.739197 -0.856211
-0.737196 -0.856186
-0.735196 -0.856163
-0.733195 -0.856143
-0.731195 -0.856125
-0.729194 -0.856109
-0.727194 -0.856095
-0.725193 -0.856083
-0.723193 -0.856074
-0.721192 -0.856066
-0.719192 -0.856061
-0.717191 -0.856058
-0.715191 -0.856057
-0.71319 -0.856059
-0.711189 -0.856062
-0.709189 -0.856068
-0.707188 -0.856076
-0.705188 -0.856086
-0.703187 -0.856098
-0.701187 -0.856113
-0.699186 -0.85613
-0.697186 -0.856149
-0.695185 -0.85617
-0.693185 -0.856192
-0.691184 -0.856205
-0.689184 -0.856215
-0.687183 -0.856223
-0.685183 -0.856229
-0.683182 -0.856233
-0.681181 -0.856233
-0.679181 -0.856232
-0.67718 -0.856228
-0.67518 -0.856221
-0.673179 -0.856212
-0.671179 -0.856201
-0.669178 -0.856187
-0.667178 -0.856171
-0.665177 -0.856152
-0.663177 -0.856131
-0.661176 -0.856108
-0.659176 -0.856082
-0.657175 -0.856053
-0.655175 -0.856023
-0.653174 -0.855989
-0.651173 -0.855954
-0.649173 -0.855915
-0.647172 -0.855875
-0.645172 -0.855832
-0.643171 -0.855786
-0.641171 -0.855738
-0.63917 -0.855688
-0.63717 -0.855635
-0.635169 -0.85558
-0.633169 -0.855522
-0.631168 -0.855462
-0.629168 -0.855399
-0.627167 -0.855334
-0.625167 -0.855267
-0.623166 -0.855197
-0.621165 -0.855125
-0.619165 -0.85505
-0.617164 -0.854973
-0.615164 -0.854893
-0.613163 -0.854811
-0.611163 -0.854726
-0.609162 -0.85464
-0.607162 -0.85455
-0.605161 -0.854458
-0.603161 -0.854364
-0.60116 -0.854267
-0.59916 -0.854168
-0.597159 -0.854066
-0.595159 -0.853962
-0.593158 -0.853856
-0.591157 -0.853747
-0.589157 -0.853636
-0.587156 -0.853522
-0.585156 -0.853406
-0.583155 -0.853287
-0.581155 -0.853166
-0.579154 -0.853042
-0.577154 -0.852916
-0.575153 -0.852787
-0.573153 -0.852651
-0.571152 -0.852509
-0.569152 -0.852363
-0.567151 -0.852212
-0.565151 -0.852056
-0.56315 -0.851895
-0.561149 -0.85173
-0.559149 -0.85156
-0.557148 -0.851385
-0.555148 -0.851205
-0.553147 -0.85102
-0.551147 -0.850831
-0.549146 -0.850637
-0.547146 -0.850438
-0.545145 -0.850234
-0.543145 -0.850026
-0.541144 -0.849813
-0.539144 -0.849595
-0.537143 -0.849372
-0.535143 -0.849145
-0.533142 -0.848913
-0.531141 -0.848676
-0.529141 -0.848434
-0.52714 -0.848187
-0.52514 -0.847936
-0.523139 -0.84768
-0.521139 -0.847419
-0.519138 -0.847153
-0.517138 -0.846883
-0.515137 -0.846607
-0.513137 -0.846327
-0.511136 -0.846043
-0.509136 -0.845753
-0.507135 -0.845459
-0.505135 -0.84516
-0.503134 -0.844856
-0.501133 -0.844547
-0.499133 -0.844234
-0.497132 -0.843915
-0.495132 -0.843592
-0.493131 -0.843265
-0.491131 -0.842932
-0.48913 -0.842595
-0.48713 -0.842253
-0.485129 -0.841906
-0.483129 -0.841554
-0.481128 -0.841198
-0.479128 -0.840837
-0.477127 -0.840471
-0.475127 -0.8401
-0.473126 -0.839725
-0.471125 -0.839344
-0.469125 -0.838959
-0.467124 -0.83857
-0.465124 -0.838175
-0.463123 -0.837776
-0.461123 -0.837371
-0.459122 -0.836962
-0.457122 -0.836549
-0.455121 -0.83613
-0.453121 -0.835707
-0.45112 -0.835279
-0.44912 -0.834846
-0.447119 -0.834409
-0.445119 -0.833966
-0.443118 -0.833519
-0.441117 -0.833063
-0.439117 -0.832602
-0.437116 -0.832134
-0.435116 -0.831661
-0.433115 -0.831181
-0.431115 -0.830695
-0.429114 -0.830203
-0.427114 -0.829705
-0.425113 -0.8292
-0.423113 -0.82869
-0.421112 -0.828173
-0.419112 -0.827651
-0.417111 -0.827122
-0.415111 -0.826587
-0.41311 -0.826046
-0.41111 -0.825499
-0.409109 -0.824946
-0.407108 -0.824386
-0.405108 -0.823821
-0.403107 -0.823249
-0.401107 -0.822671
-0.399106 -0.822087
-0.397106 -0.821497
-0.395105 -0.820901
-0.393105 -0.820299
-0.391104 -0.819691
-0.389104 -0.819076
-0.387103 -0.818455
-0.385103 -0.817829
-0.383102 -0.817196
-0.381102 -0.816557
-0.379101 -0.815912
-0.3771 -0.81526
-0.3751 -0.814603
-0.373099 -0.813939
-0.371099 -0.81327
-0.369098 -0.812594
-0.367098 -0.811912
-0.365097 -0.811224
-0.363097 -0.81053
-0.361096 -0.80983
-0.359096 -0.809123
-0.357095 -0.808411
-0.355095 -0.807692
-0.353094 -0.806967
-0.351094 -0.806237
-0.349093 -0.8055
-0.347092 -0.804756
-0.345092 -0.804007
-0.343091 -0.803252
-0.341091 -0.80249
-0.33909 -0.801723
-0.33709 -0.800949
-0.335089 -0.800169
-0.333089 -0.799383
-0.331088 -0.798591
-0.329088 -0.797793
-0.327087 -0.796988
-0.325087 -0.796178
-0.323086 -0.795361
-0.321086 -0.794538
-0.319085 -0.79371
-0.317084 -0.792875
-0.315084 -0.792033
-0.313083 -0.791186
-0.311083 -0.790333
-0.309082 -0.789473
-0.307082 -0.788608
-0.305081 -0.787736
-0.303081 -0.786858
-0.30108 -0.785974
-0.29908 -0.785082
-0.297079 -0.784183
-0.295079 -0.783277
-0.293078 -0.782364
-0.291078 -0.781443
-0.289077 -0.780516
-0.287076 -0.779582
-0.285076 -0.778641
-0.283075 -0.777693
-0.281075 -0.776738
-0.279074 -0.775776
-0.277074 -0.774806
-0.275073 -0.77383
-0.273073 -0.772847
-0.271072 -0.771857
-0.269072 -0.77086
-0.267071 -0.769855
-0.265071 -0.768844
-0.26307 -0.767826
-0.26107 -0.7668
-0.259069 -0.765768
-0.257068 -0.764729
-0.255068 -0.763682
-0.253067 -0.762629
-0.251067 -0.761569
-0.249066 -0.760501
-0.247066 -0.759427
-0.245065 -0.758346
-0.243065 -0.757257
-0.241064 -0.756162
-0.239064 -0.755059
-0.237063 -0.75395
-0.235063 -0.752833
-0.233062 -0.75171
-0.231062 -0.750579
-0.229061 -0.749442
-0.22706 -0.748297
-0.22506 -0.747146
-0.223059 -0.745987
-0.221059 -0.744822
-0.219058 -0.743649
-0.217058 -0.742469
-0.215057 -0.741283
-0.213057 -0.740089
-0.211056 -0.738888
-0.209056 -0.737681
-0.207055 -0.736466
-0.205055 -0.735244
-0.203054 -0.734016
-0.201054 -0.73278
-0.199053 -0.731537
-0.197052 -0.730287
-0.195052 -0.729031
-0.193051 -0.727767
-0.191051 -0.726496
-0.18905 -0.725218
-0.18705 -0.723934
-0.185049 -0.722642
-0.183049 -0.721343
-0.181048 -0.720037
-0.179048 -0.718724
-0.177047 -0.717404
-0.175047 -0.716077
-0.173046 -0.714743
-0.171046 -0.713402
-0.169045 -0.712055
-0.167044 -0.7107
-0.165044 -0.709338
-0.163043 -0.707969
-0.161043 -0.706593
-0.159042 -0.70521
-0.157042 -0.70382
-0.155041 -0.702423
-0.153041 -0.701019
-0.15104 -0.699607
-0.14904 -0.698187
-0.147039 -0.69676
-0.145039 -0.695325
-0.143038 -0.693883
-0.141038 -0.692432
-0.139037 -0.690975
-0.137037 -0.689509
-0.135036 -0.688036
-0.133035 -0.686554
-0.131035 -0.685066
-0.129034 -0.683569
-0.127034 -0.682065
-0.125033 -0.680553
-0.123033 -0.679034
-0.121032 -0.677507
-0.119032 -0.675972
-0.117031 -0.674429
-0.115031 -0.672879
-0.11303 -0.671321
-0.11103 -0.669755
-0.109029 -0.668182
-0.107029 -0.666601
-0.105028 -0.665012
-0.103027 -0.663416
-0.101027 -0.661811
-0.0990264 -0.6602
-0.0970258 -0.65858
-0.0950253 -0.656953
-0.0930248 -0.655318
-0.0910242 -0.653675
-0.0890237 -0.652025
-0.0870232 -0.650367
-0.0850226 -0.648701
-0.0830221 -0.647028
-0.0810216 -0.645347
-0.079021 -0.643658
-0.0770205 -0.641962
-0.07502 -0.640257
-0.0730194 -0.638545
-0.0710189 -0.636826
-0.0690184 -0.635099
-0.0670179 -0.633364
-0.0650173 -0.631621
-0.0630168 -0.629871
-0.0610163 -0.628113
-0.0590157 -0.626347
-0.0570152 -0.624574
-0.0550147 -0.622792
-0.0530141 -0.621004
-0.0510136 -0.619207
-0.0490131 -0.617403
-0.0470125 -0.615591
-0.045012 -0.613771
-0.0430115 -0.611944
-0.0410109 -0.610109
-0.0390104 -0.608266
-0.0370099 -0.606416
-0.0350093 -0.604558
-0.0330088 -0.602692
-0.0310083 -0.600819
-0.0290077 -0.598938
-0.0270072 -0.597049
-0.0250067 -0.595152
-0.0230061 -0.593248
-0.0210056 -0.591336
-0.0190051 -0.589416
-0.0170045 -0.587489
-0.015004 -0.585554
-0.0130035 -0.583611
-0.0110029 -0.581661
-0.0090024 -0.579703
-0.00700187 -0.577737
-0.00500133 -0.575764
-0.0030008 -0.573783
-0.00100027 -0.571794
0.00100027 -0.569797
0.0030008 -0.567792
0.00500133 -0.565779
0.00700187 -0.563757
0.0090024 -0.561728
0.0110029 -0.559689
0.0130035 -0.557643
0.015004 -0.555588
0.0170045 -0.553525
0.0190051 -0.551454
0.0210056 -0.549374
0.0230061 -0.547286
0.0250067 -0.54519
0.0270072 -0.543085
0.0290077 -0.540972
0.0310083 -0.538851
0.0330088 -0.536721
0.0350093 -0.534583
0.0370099 -0.532437
0.0390104 -0.530283
0.0410109 -0.52812
0.0430115 -0.525949
0.045012 -0.523769
0.0470125 -0.521581
0.0490131 -0.519385
0.0510136 -0.517181
0.0530141 -0.514968
0.0550147 -0.512747
0.0570152 -0.510518
0.0590157 -0.50828
0.0610163 -0.506034
0.0630168 -0.50378
0.0650173 -0.501517
0.0670179 -0.499246
0.0690184 -0.496967
0.0710189 -0.494679
0.0730194 -0.492384
0.07502 -0.490079
0.0770205 -0.487767
0.079021 -0.485446
0.0810216 -0.483117
0.0830221 -0.480779
0.0850226 -0.478434
0.0870232 -0.47608
0.0890237 -0.473717
0.0910242 -0.471347
0.0930248 -0.468968
0.0950253 -0.46658
0.0970258 -0.464185
0.0990264 -0.461781
0.101027 -0.459368
0.103027 -0.456948
0.105028 -0.454519
0.107029 -0.452082
0.109029 -0.449636
0.11103 -0.447182
0.11303 -0.44472
0.115031 -0.44225
0.117031 -0.439771
0.119032 -0.437284
0.121032 -0.434788
0.123033 -0.432285
0.125033 -0.429773
0.127034 -0.427252
0.129034 -0.424724
0.131035 -0.422187
0.133035 -0.419641
0.135036 -0.417088
0.137037 -0.414526
0.139037 -0.411956
0.141038 -0.409377
0.143038 -0.40679
0.145039 -0.404195
0.147039 -0.401591
0.14904 -0.39898
0.15104 -0.39636
0.153041 -0.393731
0.155041 -0.391094
0.157042 -0.388449
0.159042 -0.385794
0.161043 -0.38313
0.163043 -0.380458
0.165044 -0.377776
0.167044 -0.375085
0.169045 -0.372386
0.171046 -0.369677
0.173046 -0.366959
0.175047 -0.364233
0.177047 -0.361497
0.179048 -0.358752
0.181048 -0.355999
0.183049 -0.353236
0.185049 -0.350464
0.18705 -0.347684
0.18905 -0.344894
0.191051 -0.342096
0.193051 -0.339288
0.195052 -0.336471
0.197052 -0.333646
0.199053 -0.330811
0.201054 -0.327968
0.203054 -0.325115
0.205055 -0.322253
0.207055 -0.319383
0.209056 -0.316503
0.211056 -0.313615
0.213057 -0.310717
0.215057 -0.307811
0.217058 -0.304895
0.219058 -0.301971
0.221059 -0.299037
0.223059 -0.296095
0.22506 -0.293143
0.22706 -0.290183
0.229061 -0.287213
0.231062 -0.284235
0.233062 -0.281247
0.235063 -0.278251
0.237063 -0.275245
0.239064 -0.272231
0.241064 -0.269207
0.243065 -0.266175
0.245065 -0.263133
0.247066 -0.260083
0.249066 -0.257023
0.251067 -0.253955
0.253067 -0.250877
0.255068 -0.247791
0.257068 -0.244695
0.259069 -0.241591
0.26107 -0.238478
0.26307 -0.235355
0.265071 -0.232224
0.267071 -0.229083
0.269072 -0.225934
0.271072 -0.222776
0.273073 -0.219608
0.275073 -0.216432
0.277074 -0.213246
0.279074 -0.210052
0.281075 -0.206849
0.283075 -0.203636
0.285076 -0.200415
0.287076 -0.197185
0.289077 -0.193945
0.291078 -0.190697
0.293078 -0.18744
0.295079 -0.184173
0.297079 -0.180898
0.29908 -0.177614
0.30108 -0.17432
0.303081 -0.171019
0.305081 -0.167707
0.307082 -0.164386
0.309082 -0.161055
0.311083 -0.157715
0.313083 -0.154364
0.315084 -0.151003
0.317084 -0.147633
0.319085 -0.144253
0.321086 -0.140862
0.323086 -0.137462
0.325087 -0.134052
0.327087 -0.130632
0.329088 -0.127203
0.331088 -0.123763
0.333089 -0.120313
0.335089 -0.116854
0.33709 -0.113385
0.33909 -0.109905
0.341091 -0.106416
0.343091 -0.102917
0.345092 -0.0994086
0.347092 -0.0958899
0.349093 -0.0923612
0.351094 -0.0888227
0.353094 -0.0852744
0.355095 -0.0817161
0.357095 -0.078148
0.359096 -0.0745699
0.361096 -0.070982
0.363097 -0.0673842
0.365097 -0.0637765
0.367098 -0.0601589
0.369098 -0.0565315
0.371099 -0.0528941
0.373099 -0.0492469
0.3751 -0.0455898
0.3771 -0.0419228
0.379101 -0.0382459
0.381102 -0.0345592
0.383102 -0.0308625
0.385103 -0.027156
0.387103 -0.0234396
0.389104 -0.0197133
0.391104 -0.0159771
0.393105 -0.012231
0.395105 -0.00847508
0.397106 -0.00470925
0.399106 -0.000933527
0.401107 0.00285208
0.403107 0.00664757
0.405108 0.0104529
0.407108 0.0142682
0.409109 0.0180933
0.41111 0.0219284
0.41311 0.0257733
0.415111 0.0296281
0.417111 0.0334928
0.419112 0.0373673
0.421112 0.0412518
0.423113 0.0451461
0.425113 0.0490503
0.427114 0.0529644
0.429114 0.0568884
0.431115 0.0608223
0.433115 0.064766
0.435116 0.0687197
0.437116 0.0726832
0.439117 0.0766566
0.441117 0.0806399
0.443118 0.0846331
0.445119 0.0886348
0.447119 0.0926471
0.44912 0.0966705
0.45112 0.100705
0.453121 0.104751
0.455121 0.108808
0.457122 0.112877
0.459122 0.116956
0.461123 0.121047
0.463123 0.125149
0.465124 0.129263
0.467124 0.133387
0.469125 0.137523
0.471125 0.14167
0.473126 0.145828
0.475127 0.149998
0.477127 0.154179
0.479128 0.158371
0.481128 0.162574
0.483129 0.166788
0.485129 0.171014
0.48713 0.175251
0.48913 0.179499
0.491131 0.183759
0.493131 0.188029
0.495132 0.192311
0.497132 0.196604
0.499133 0.200908
0.501133 0.205224
0.503134 0.209551
0.505135 0.213889
0.507135 0.218238
0.509136 0.222599
0.511136 0.22697
0.513137 0.231353
0.515137 0.235747
0.517138 0.240153
0.519138 0.24457
0.521139 0.248997
0.523139 0.253437
0.52514 0.257887
0.52714 0.262349
0.529141 0.266821
0.531141 0.271305
0.533142 0.275801
0.535143 0.280307
0.537143 0.284825
0.539144 0.289354
0.541144 0.293894
0.543145 0.298446
0.545145 0.303008
0.547146 0.307582
0.549146 0.312168
0.551147 0.316764
0.553147 0.321372
0.555148 0.32599
0.557148 0.330621
0.559149 0.335262
0.561149 0.339915
0.56315 0.344578
0.565151 0.349253
0.567151 0.35394
0.569152 0.358637
0.571152 0.363346
0.573153 0.368066
0.575153 0.372797
0.577154 0.377536
0.579154 0.382289
0.581155 0.387055
0.583155 0.391835
0.585156 0.396628
0.587156 0.401434
0.589157 0.406255
0.591157 0.411089
0.593158 0.415936
0.595159 0.420797
0.597159 0.425672
0.59916 0.43056
0.60116 0.435462
0.603161 0.440377
0.605161 0.445306
0.607162 0.450248
0.609162 0.455204
0.611163 0.460174
0.613163 0.465157
0.615164 0.470154
0.617164 0.475164
0.619165 0.480188
0.621165 0.485225
0.623166 0.490276
0.625167 0.495341
0.627167 0.500419
0.629168 0.50551
0.631168 0.510616
0.633169 0.515735
0.635169 0.520867
0.63717 0.526013
0.63917 0.531172
0.641171 0.536346
0.643171 0.541532
0.645172 0.546732
0.647172 0.551946
0.649173 0.557174
0.651173 0.562415
0.653174 0.567669
0.655175 0.572937
0.657175 0.578219
0.659176 0.583514
0.661176 0.588823
0.663177 0.594145
0.665177 0.599481
0.667178 0.604831
0.669178 0.610194
0.671179 0.61557
0.673179 0.620961
0.67518 0.626364
0.67718 0.631782
0.679181 0.637213
0.681181 0.642657
0.683182 0.648115
0.685183 0.653587
0.687183 0.659072
0.689184 0.664571
0.691184 0.670083
0.693185 0.675609
0.695185 0.681142
0.697186 0.686692
0.699186 0.69226
0.701187 0.697846
0.703187 0.703451
0.705188 0.709073
0.707188 0.714714
0.709189 0.720373
0.711189 0.72605
0.71319 0.731746
0.715191 0.73746
0.717191 0.743191
0.719192 0.748941
0.721192 0.75471
0.723193 0.760496
0.725193 0.766301
0.727194 0.772123
0.729194 0.777964
0.731195 0.783824
0.733195 0.789701
0.735196 0.795597
0.737196 0.80151
0.739197 0.807442
0.741197 0.813393
0.743198 0.819361
0.745198 0.825347
0.747199 0.831352
0.7492 0.837375
0.7512 0.843416
0.753201 0.849475
0.755201 0.855553
0.757202 0.861649
0.759202 0.867763
0.761203 0.873895
0.763203 0.880045
0.765204 0.886213
0.767204 0.8924
0.769205 0.898605
0.771205 0.904828
0.773206 0.911069
0.775206 0.917329
0.777207 0.923606
0.779208 0.929902
0.781208 0.936216
0.783209 0.942548
0.785209 0.948899
0.78721 0.955267
0.78921 0.961654
0.791211 0.968059
0.793211 0.974482
0.795212 0.980924
0.797212 0.987366
0.799213 0.993837
0.801213 1.00034
0.803214 1.00687
0.805214 1.01342
0.807215 1.02001
0.809216 1.02663
0.811216 1.03327
0.813217 1.03995
0.815217 1.04665
0.817218 1.05338
0.819218 1.06014
0.821219 1.06693
0.823219 1.07375
0.82522 1.0806
0.82722 1.08748
0.829221 1.09438
0.831221 1.10132
0.833222 1.10828
0.835222 1.11528
0.837223 1.1223
0.839224 1.12935
0.841224 1.13643
0.843225 1.14354
0.845225 1.15068
0.847226 1.15785
0.849226 1.16505
0.851227 1.17227
0.853227 1.17953
0.855228 1.18681
0.857228 1.19412
0.859229 1.20147
0.861229 1.20884
0.86323 1.21624
0.86523 1.22367
0.867231 1.23112
0.869232 1.23861
0.871232 1.24613
0.873233 1.25367
0.875233 1.26125
0.877234 1.26885
0.879234 1.27646
0.881235 1.28408
0.883235 1.29176
0.885236 1.29951
0.887236 1.30731
0.889237 1.31518
0.891237 1.32311
0.893238 1.3311
0.895238 1.33916
0.897239 1.34727
0.89924 1.35545
0.90124 1.36369
0.903241 1.37199
0.905241 1.38035
0.907242 1.38878
0.909242 1.39726
0.911243 1.40581
0.913243 1.41442
0.915244 1.42309
0.917244 1.43183
0.919245 1.44062
0.921245 1.44948
0.923246 1.4584
0.925246 1.46738
0.927247 1.47642
0.929248 1.48553
0.931248 1.4947
0.933249 1.50393
0.935249 1.51322
0.93725 1.52257
0.93925 1.53198
0.941251 1.54144
0.943251 1.55074
0.945252 1.56025
0.947252 1.56999
0.949253 1.57994
0.951253 1.59012
0.953254 1.60051
0.955254 1.61113
0.957255 1.62196
0.959256 1.63302
0.961256 1.64429
0.963257 1.65579
0.965257 1.6675
0.967258 1.67944
0.969258 1.6916
0.971259 1.70397
0.973259 1.71657
0.97526 1.72938
0.97726 1.74242
0.979261 1.75567
0.981261 1.76915
0.983262 1.77958
0.985262 1.79174
0.987263 1.80687
0.989264 1.82499
0.991264 1.84608
0.993265 1.87015
0.995265 1.89719
0.997266 1.92722
0.999266 1.96022
