-1 -1.1094
-0.997998 -1.08531
-0.995996 -1.065
-0.993994 -1.04782
-0.991992 -1.03324
-0.98999 -1.02078
-0.987988 -1.01009
-0.985986 -1.00082
-0.983984 -0.992726
-0.981982 -0.985585
-0.97998 -0.97922
-0.977978 -0.973483
-0.975976 -0.968259
-0.973974 -0.963452
-0.971972 -0.958987
-0.96997 -0.954803
-0.967968 -0.950855
-0.965966 -0.947107
-0.963964 -0.94353
-0.961962 -0.940103
-0.95996 -0.936812
-0.957958 -0.933645
-0.955956 -0.930593
-0.953954 -0.92765
-0.951952 -0.924813
-0.94995 -0.922079
-0.947948 -0.919444
-0.945946 -0.916907
-0.943944 -0.914468
-0.941942 -0.912123
-0.93994 -0.909872
-0.937938 -0.907713
-0.935936 -0.905644
-0.933934 -0.903663
-0.931932 -0.901766
-0.92993 -0.899952
-0.927928 -0.898218
-0.925926 -0.89656
-0.923924 -0.894975
-0.921922 -0.89346
-0.91992 -0.892012
-0.917918 -0.890627
-0.915916 -0.889302
-0.913914 -0.888033
-0.911912 -0.886817
-0.90991 -0.885651
-0.907908 -0.884532
-0.905906 -0.883457
-0.903904 -0.882424
-0.901902 -0.881428
-0.8999 -0.880469
-0.897898 -0.879544
-0.895896 -0.878651
-0.893894 -0.877788
-0.891892 -0.876952
-0.88989 -0.876144
-0.887888 -0.875361
-0.885886 -0.874601
-0.883884 -0.873865
-0.881882 -0.87315
-0.87988 -0.872457
-0.877878 -0.871784
-0.875876 -0.87113
-0.873874 -0.870496
-0.871872 -0.869881
-0.86987 -0.869284
-0.867868 -0.868705
-0.865866 -0.868143
-0.863864 -0.867599
-0.861862 -0.867073
-0.85986 -0.866563
-0.857858 -0.866071
-0.855856 -0.865595
-0.853854 -0.865135
-0.851852 -0.864692
-0.84985 -0.864266
-0.847848 -0.863855
-0.845846 -0.86346
-0.843844 -0.86308
-0.841842 -0.862716
-0.83984 -0.862367
-0.837838 -0.862033
-0.835836 -0.861713
-0.833834 -0.861408
-0.831832 -0.861116
-0.82983 -0.860838
-0.827828 -0.860573
-0.825826 -0.860321
-0.823824 -0.860082
-0.821822 -0.859854
-0.81982 -0.859638
-0.817818 -0.859433
-0.815816 -0.859239
-0.813814 -0.859055
-0.811812 -0.858881
-0.80981 -0.858716
-0.807808 -0.858561
-0.805806 -0.858414
-0.803804 -0.858275
-0.801802 -0.858144
-0.7998 -0.858021
-0.797798 -0.857904
-0.795796 -0.857794
-0.793794 -0.857691
-0.791792 -0.857593
-0.78979 -0.857501
-0.787788 -0.857414
-0.785786 -0.857332
-0.783784 -0.857254
-0.781782 -0.857181
-0.77978 -0.857112
-0.777778 -0.857047
-0.775776 -0.856986
-0.773774 -0.856927
-0.771772 -0.856873
-0.76977 -0.856821
-0.767768 -0.856772
-0.765766 -0.856726
-0.763764 -0.856682
-0.761762 -0.856641
-0.75976 -0.856602
-0.757758 -0.856565
-0.755756 -0.85653
-0.753754 -0.856498
-0.751752 -0.856467
-0.74975 -0.856438
-0.747748 -0.856411
-0.745746 -0.856385
-0.743744 -0.856361
-0.741742 -0.856339
-0.73974 -0.856318
-0.737738 -0.856299
-0.735736 -0.856281
-0.733734 -0.856264
-0.731732 -0.856249
-0.72973 -0.856235
-0.727728 -0.856222
-0.725726 -0.85621
-0.723724 -0.8562
-0.721722 -0.85619
-0.71972 -0.856182
-0.717718 -0.856174
-0.715716 -0.856167
-0.713714 -0.856161
-0.711712 -0.856156
-0.70971 -0.856152
-0.707708 -0.856148
-0.705706 -0.856144
-0.703704 -0.856141
-0.701702 -0.856138
-0.6997 -0.856136
-0.697698 -0.856134
-0.695696 -0.856131
-0.693694 -0.856129
-0.691692 -0.856127
-0.68969 -0.856124
-0.687688 -0.856122
-0.685686 -0.856118
-0.683684 -0.856115
-0.681682 -0.85611
-0.67968 -0.856105
-0.677678 -0.8561
-0.675676 -0.856093
-0.673674 -0.856085
-0.671672 -0.856076
-0.66967 -0.856066
-0.667668 -0.856055
-0.665666 -0.856042
-0.663664 -0.856028
-0.661662 -0.856012
-0.65966 -0.855995
-0.657658 -0.855975
-0.655656 -0.855954
-0.653654 -0.855931
-0.651652 -0.855906
-0.64965 -0.855878
-0.647648 -0.855849
-0.645646 -0.855817
-0.643644 -0.855783
-0.641642 -0.855746
-0.63964 -0.855707
-0.637638 -0.855665
-0.635636 -0.85562
-0.633634 -0.855573
-0.631632 -0.855523
-0.62963 -0.85547
-0.627628 -0.855415
-0.625626 -0.855356
-0.623624 -0.855294
-0.621622 -0.85523
-0.61962 -0.855162
-0.617618 -0.855091
-0.615616 -0.855017
-0.613614 -0.85494
-0.611612 -0.854859
-0.60961 -0.854775
-0.607608 -0.854688
-0.605606 -0.854598
-0.603604 -0.854504
-0.601602 -0.854407
-0.5996 -0.854306
-0.597598 -0.854202
-0.595596 -0.854095
-0.593594 -0.853983
-0.591592 -0.853869
-0.58959 -0.853751
-0.587588 -0.853629
-0.585586 -0.853503
-0.583584 -0.853374
-0.581582 -0.853242
-0.57958 -0.853105
-0.577578 -0.852965
-0.575576 -0.852821
-0.573574 -0.852674
-0.571572 -0.852522
-0.56957 -0.852367
-0.567568 -0.852208
-0.565566 -0.852045
-0.563564 -0.851879
-0.561562 -0.851708
-0.55956 -0.851533
-0.557558 -0.851355
-0.555556 -0.851172
-0.553554 -0.850986
-0.551552 -0.850795
-0.54955 -0.8506
-0.547548 -0.850402
-0.545546 -0.850199
-0.543544 -0.849991
-0.541542 -0.84978
-0.53954 -0.849564
-0.537538 -0.849345
-0.535536 -0.84912
-0.533534 -0.848892
-0.531532 -0.848659
-0.52953 -0.848422
-0.527528 -0.84818
-0.525526 -0.847934
-0.523524 -0.847683
-0.521522 -0.847428
-0.51952 -0.847168
-0.517518 -0.846904
-0.515516 -0.846635
-0.513514 -0.846361
-0.511512 -0.846082
-0.50951 -0.845799
-0.507508 -0.845511
-0.505506 -0.845218
-0.503503 -0.844921
-0.501501 -0.844618
-0.499499 -0.844311
-0.497497 -0.843998
-0.495495 -0.843681
-0.493493 -0.843359
-0.491491 -0.843031
-0.489489 -0.842699
-0.487487 -0.842361
-0.485485 -0.842019
-0.483483 -0.841671
-0.481481 -0.841318
-0.479479 -0.84096
-0.477477 -0.840596
-0.475475 -0.840228
-0.473473 -0.839854
-0.471471 -0.839475
-0.469469 -0.83909
-0.467467 -0.8387
-0.465465 -0.838305
-0.463463 -0.837905
-0.461461 -0.837499
-0.459459 -0.837087
-0.457457 -0.83667
-0.455455 -0.836248
-0.453453 -0.83582
-0.451451 -0.835387
-0.449449 -0.834948
-0.447447 -0.834504
-0.445445 -0.834054
-0.443443 -0.833599
-0.441441 -0.833137
-0.439439 -0.832671
-0.437437 -0.832199
-0.435435 -0.831721
-0.433433 -0.831237
-0.431431 -0.830748
-0.429429 -0.830253
-0.427427 -0.829753
-0.425425 -0.829246
-0.423423 -0.828734
-0.421421 -0.828216
-0.419419 -0.827693
-0.417417 -0.827164
-0.415415 -0.826629
-0.413413 -0.826088
-0.411411 -0.825541
-0.409409 -0.824989
-0.407407 -0.82443
-0.405405 -0.823866
-0.403403 -0.823296
-0.401401 -0.82272
-0.399399 -0.822139
-0.397397 -0.821551
-0.395395 -0.820957
-0.393393 -0.820358
-0.391391 -0.819752
-0.389389 -0.81914
-0.387387 -0.818523
-0.385385 -0.817899
-0.383383 -0.81727
-0.381381 -0.816634
-0.379379 -0.815992
-0.377377 -0.815345
-0.375375 -0.814691
-0.373373 -0.814031
-0.371371 -0.813365
-0.369369 -0.812693
-0.367367 -0.812014
-0.365365 -0.81133
-0.363363 -0.810639
-0.361361 -0.809942
-0.359359 -0.809239
-0.357357 -0.808529
-0.355355 -0.807814
-0.353353 -0.807092
-0.351351 -0.806364
-0.349349 -0.805629
-0.347347 -0.804888
-0.345345 -0.804141
-0.343343 -0.803388
-0.341341 -0.802628
-0.339339 -0.801861
-0.337337 -0.801089
-0.335335 -0.80031
-0.333333 -0.799524
-0.331331 -0.798732
-0.329329 -0.797934
-0.327327 -0.797129
-0.325325 -0.796318
-0.323323 -0.7955
-0.321321 -0.794675
-0.319319 -0.793845
-0.317317 -0.793007
-0.315315 -0.792163
-0.313313 -0.791313
-0.311311 -0.790456
-0.309309 -0.789592
-0.307307 -0.788722
-0.305305 -0.787845
-0.303303 -0.786961
-0.301301 -0.786071
-0.299299 -0.785174
-0.297297 -0.784271
-0.295295 -0.783361
-0.293293 -0.782444
-0.291291 -0.781521
-0.289289 -0.780591
-0.287287 -0.779654
-0.285285 -0.77871
-0.283283 -0.77776
-0.281281 -0.776803
-0.279279 -0.775839
-0.277277 -0.774869
-0.275275 -0.773892
-0.273273 -0.772908
-0.271271 -0.771917
-0.269269 -0.770919
-0.267267 -0.769915
-0.265265 -0.768904
-0.263263 -0.767886
-0.261261 -0.766861
-0.259259 -0.76583
-0.257257 -0.764791
-0.255255 -0.763746
-0.253253 -0.762694
-0.251251 -0.761635
-0.249249 -0.760569
-0.247247 -0.759496
-0.245245 -0.758417
-0.243243 -0.75733
-0.241241 -0.756236
-0.239239 -0.755136
-0.237237 -0.754029
-0.235235 -0.752914
-0.233233 -0.751793
-0.231231 -0.750665
-0.229229 -0.74953
-0.227227 -0.748388
-0.225225 -0.747238
-0.223223 -0.746082
-0.221221 -0.744919
-0.219219 -0.743749
-0.217217 -0.742572
-0.215215 -0.741387
-0.213213 -0.740196
-0.211211 -0.738997
-0.209209 -0.737792
-0.207207 -0.736579
-0.205205 -0.735359
-0.203203 -0.734133
-0.201201 -0.732898
-0.199199 -0.731657
-0.197197 -0.730409
-0.195195 -0.729153
-0.193193 -0.727891
-0.191191 -0.726621
-0.189189 -0.725344
-0.187187 -0.724059
-0.185185 -0.722768
-0.183183 -0.721469
-0.181181 -0.720163
-0.179179 -0.71885
-0.177177 -0.717529
-0.175175 -0.716201
-0.173173 -0.714866
-0.171171 -0.713523
-0.169169 -0.712173
-0.167167 -0.710816
-0.165165 -0.709452
-0.163163 -0.70808
-0.161161 -0.7067
-0.159159 -0.705314
-0.157157 -0.70392
-0.155155 -0.702518
-0.153153 -0.701109
-0.151151 -0.699693
-0.149149 -0.698269
-0.147147 -0.696838
-0.145145 -0.695399
-0.143143 -0.693953
-0.141141 -0.6925
-0.139139 -0.691039
-0.137137 -0.68957
-0.135135 -0.688094
-0.133133 -0.686611
-0.131131 -0.68512
-0.129129 -0.683621
-0.127127 -0.682115
-0.125125 -0.680602
-0.123123 -0.67908
-0.121121 -0.677552
-0.119119 -0.676016
-0.117117 -0.674472
-0.115115 -0.672921
-0.113113 -0.671362
-0.111111 -0.669795
-0.109109 -0.668221
-0.107107 -0.666639
-0.105105 -0.66505
-0.103103 -0.663453
-0.101101 -0.661849
-0.0990991 -0.660237
-0.0970971 -0.658617
-0.0950951 -0.65699
-0.0930931 -0.655355
-0.0910911 -0.653713
-0.0890891 -0.652062
-0.0870871 -0.650405
-0.0850851 -0.648739
-0.0830831 -0.647066
-0.0810811 -0.645385
-0.0790791 -0.643697
-0.0770771 -0.642001
-0.0750751 -0.640297
-0.0730731 -0.638586
-0.0710711 -0.636867
-0.0690691 -0.63514
-0.0670671 -0.633405
-0.0650651 -0.631663
-0.0630631 -0.629913
-0.0610611 -0.628155
-0.0590591 -0.62639
-0.0570571 -0.624617
-0.0550551 -0.622836
-0.0530531 -0.621047
-0.0510511 -0.619251
-0.049049 -0.617447
-0.047047 -0.615635
-0.045045 -0.613815
-0.043043 -0.611988
-0.041041 -0.610153
-0.039039 -0.60831
-0.037037 -0.606459
-0.035035 -0.6046
-0.033033 -0.602734
-0.031031 -0.600859
-0.029029 -0.598977
-0.027027 -0.597087
-0.025025 -0.595189
-0.023023 -0.593283
-0.021021 -0.591369
-0.019019 -0.589448
-0.017017 -0.587518
-0.015015 -0.585581
-0.013013 -0.583635
-0.011011 -0.581682
-0.00900901 -0.579721
-0.00700701 -0.577752
-0.005005 -0.575774
-0.003003 -0.573789
-0.001001 -0.571796
0.001001 -0.569795
0.003003 -0.567785
0.005005 -0.565768
0.00700701 -0.563743
0.00900901 -0.561709
0.011011 -0.559668
0.013013 -0.557618
0.015015 -0.555561
0.017017 -0.553495
0.019019 -0.551421
0.021021 -0.549339
0.023023 -0.547249
0.025025 -0.545151
0.027027 -0.543045
0.029029 -0.54093
0.031031 -0.538807
0.033033 -0.536677
0.035035 -0.534537
0.037037 -0.53239
0.039039 -0.530235
0.041041 -0.528071
0.043043 -0.525899
0.045045 -0.523719
0.047047 -0.52153
0.049049 -0.519334
0.0510511 -0.517129
0.0530531 -0.514916
0.0550551 -0.512694
0.0570571 -0.510464
0.0590591 -0.508226
0.0610611 -0.50598
0.0630631 -0.503725
0.0650651 -0.501462
0.0670671 -0.499191
0.0690691 -0.496911
0.0710711 -0.494624
0.0730731 -0.492327
0.0750751 -0.490023
0.0770771 -0.48771
0.0790791 -0.485388
0.0810811 -0.483059
0.0830831 -0.48072
0.0850851 -0.478374
0.0870871 -0.476019
0.0890891 -0.473656
0.0910911 -0.471284
0.0930931 -0.468904
0.0950951 -0.466516
0.0970971 -0.464119
0.0990991 -0.461714
0.101101 -0.4593
0.103103 -0.456878
0.105105 -0.454448
0.107107 -0.452009
0.109109 -0.449561
0.111111 -0.447106
0.113113 -0.444641
0.115115 -0.442169
0.117117 -0.439687
0.119119 -0.437198
0.121121 -0.4347
0.123123 -0.432193
0.125125 -0.429678
0.127127 -0.427154
0.129129 -0.424622
0.131131 -0.422082
0.133133 -0.419532
0.135135 -0.416975
0.137137 -0.414409
0.139139 -0.411834
0.141141 -0.409251
0.143143 -0.406659
0.145145 -0.404058
0.147147 -0.401449
0.149149 -0.398832
0.151151 -0.396206
0.153153 -0.393571
0.155155 -0.390928
0.157157 -0.388276
0.159159 -0.385615
0.161161 -0.382946
0.163163 -0.380268
0.165165 -0.377582
0.167167 -0.374886
0.169169 -0.372183
0.171171 -0.36947
0.173173 -0.366749
0.175175 -0.364019
0.177177 -0.36128
0.179179 -0.358533
0.181181 -0.355776
0.183183 -0.353011
0.185185 -0.350238
0.187187 -0.347455
0.189189 -0.344664
0.191191 -0.341864
0.193193 -0.339055
0.195195 -0.336237
0.197197 -0.33341
0.199199 -0.330575
0.201201 -0.32773
0.203203 -0.324877
0.205205 -0.322015
0.207207 -0.319144
0.209209 -0.316264
0.211211 -0.313375
0.213213 -0.310477
0.215215 -0.30757
0.217217 -0.304655
0.219219 -0.30173
0.221221 -0.298796
0.223223 -0.295853
0.225225 -0.292902
0.227227 -0.289941
0.229229 -0.286971
0.231231 -0.283992
0.233233 -0.281004
0.235235 -0.278007
0.237237 -0.275001
0.239239 -0.271986
0.241241 -0.268962
0.243243 -0.265928
0.245245 -0.262886
0.247247 -0.259834
0.249249 -0.256774
0.251251 -0.253704
0.253253 -0.250625
0.255255 -0.247537
0.257257 -0.244439
0.259259 -0.241333
0.261261 -0.238217
0.263263 -0.235092
0.265265 -0.231958
0.267267 -0.228814
0.269269 -0.225662
0.271271 -0.2225
0.273273 -0.219329
0.275275 -0.216148
0.277277 -0.212959
0.279279 -0.20976
0.281281 -0.206551
0.283283 -0.203334
0.285285 -0.200107
0.287287 -0.196871
0.289289 -0.193626
0.291291 -0.190371
0.293293 -0.187107
0.295295 -0.183833
0.297297 -0.18055
0.299299 -0.177258
0.301301 -0.173957
0.303303 -0.170646
0.305305 -0.167325
0.307307 -0.163996
0.309309 -0.160656
0.311311 -0.157308
0.313313 -0.15395
0.315315 -0.150582
0.317317 -0.147205
0.319319 -0.143818
0.321321 -0.140422
0.323323 -0.137017
0.325325 -0.133602
0.327327 -0.130177
0.329329 -0.126743
0.331331 -0.1233
0.333333 -0.119846
0.335335 -0.116383
0.337337 -0.112911
0.339339 -0.109429
0.341341 -0.105937
0.343343 -0.102436
0.345345 -0.0989247
0.347347 -0.0954039
0.349349 -0.0918735
0.351351 -0.0883334
0.353353 -0.0847835
0.355355 -0.0812239
0.357357 -0.0776546
0.359359 -0.0740754
0.361361 -0.0704865
0.363363 -0.0668877
0.365365 -0.0632792
0.367367 -0.0596608
0.369369 -0.0560325
0.371371 -0.0523944
0.373373 -0.0487463
0.375375 -0.0450884
0.377377 -0.0414205
0.379379 -0.0377427
0.381381 -0.0340549
0.383383 -0.0303572
0.385385 -0.0266495
0.387387 -0.0229317
0.389389 -0.019204
0.391391 -0.0154662
0.393393 -0.0117184
0.395395 -0.00796044
0.397397 -0.00419244
0.399399 -0.000414343
0.401401 0.00337387
0.403403 0.00717222
0.405405 0.0109807
0.407407 0.0147994
0.409409 0.0186282
0.411411 0.0224672
0.413413 0.0263165
0.415415 0.0301759
0.417417 0.0340456
0.419419 0.0379256
0.421421 0.0418158
0.423423 0.0457162
0.425425 0.049627
0.427427 0.0535481
0.429429 0.0574795
0.431431 0.0614213
0.433433 0.0653734
0.435435 0.0693359
0.437437 0.0733088
0.439439 0.077292
0.441441 0.0812857
0.443443 0.0852899
0.445445 0.0893044
0.447447 0.0933295
0.449449 0.097365
0.451451 0.101411
0.453453 0.105468
0.455455 0.109535
0.457457 0.113612
0.459459 0.1177
0.461461 0.121799
0.463463 0.125909
0.465465 0.130029
0.467467 0.134159
0.469469 0.138301
0.471471 0.142453
0.473473 0.146615
0.475475 0.150789
0.477477 0.154973
0.479479 0.159168
0.481481 0.163374
0.483483 0.167591
0.485485 0.171818
0.487487 0.176057
0.489489 0.180306
0.491491 0.184566
0.493493 0.188837
0.495495 0.19312
0.497497 0.197413
0.499499 0.201717
0.501501 0.206033
0.503503 0.210359
0.505506 0.214697
0.507508 0.219046
0.50951 0.223406
0.511512 0.227778
0.513514 0.23216
0.515516 0.236554
0.517518 0.24096
0.51952 0.245376
0.521522 0.249805
0.523524 0.254244
0.525526 0.258695
0.527528 0.263158
0.52953 0.267632
0.531532 0.272118
0.533534 0.276615
0.535536 0.281124
0.537538 0.285645
0.53954 0.290178
0.541542 0.294722
0.543544 0.299278
0.545546 0.303846
0.547548 0.308425
0.54955 0.313017
0.551552 0.317621
0.553554 0.322236
0.555556 0.326864
0.557558 0.331503
0.55956 0.336154
0.561562 0.340818
0.563564 0.345494
0.565566 0.350182
0.567568 0.354881
0.56957 0.359594
0.571572 0.364318
0.573574 0.369054
0.575576 0.373803
0.577578 0.378564
0.57958 0.383338
0.581582 0.388123
0.583584 0.392921
0.585586 0.397732
0.587588 0.402555
0.58959 0.40739
0.591592 0.412237
0.593594 0.417098
0.595596 0.42197
0.597598 0.426855
0.5996 0.431753
0.601602 0.436663
0.603604 0.441586
0.605606 0.446522
0.607608 0.45147
0.60961 0.456431
0.611612 0.461404
0.613614 0.46639
0.615616 0.47139
0.617618 0.476401
0.61962 0.481426
0.621622 0.486464
0.623624 0.491515
0.625626 0.496578
0.627628 0.501655
0.62963 0.506745
0.631632 0.511848
0.633634 0.516964
0.635636 0.522093
0.637638 0.527236
0.63964 0.532392
0.641642 0.537561
0.643644 0.542744
0.645646 0.547941
0.647648 0.553151
0.64965 0.558375
0.651652 0.563613
0.653654 0.568865
0.655656 0.57413
0.657658 0.57941
0.65966 0.584704
0.661662 0.590012
0.663664 0.595334
0.665666 0.600671
0.667668 0.606023
0.66967 0.611389
0.671672 0.616769
0.673674 0.622165
0.675676 0.627576
0.677678 0.633001
0.67968 0.638442
0.681682 0.643898
0.683684 0.649369
0.685686 0.654855
0.687688 0.660358
0.68969 0.665876
0.691692 0.671409
0.693694 0.676958
0.695696 0.682524
0.697698 0.688105
0.6997 0.693703
0.701702 0.699316
0.703704 0.704946
0.705706 0.710593
0.707708 0.716255
0.70971 0.721935
0.711712 0.727631
0.713714 0.733343
0.715716 0.739073
0.717718 0.744819
0.71972 0.750582
0.721722 0.756362
0.723724 0.762159
0.725726 0.767973
0.727728 0.773805
0.72973 0.779653
0.731732 0.785519
0.733734 0.791402
0.735736 0.797302
0.737738 0.80322
0.73974 0.809155
0.741742 0.815108
0.743744 0.821078
0.745746 0.827066
0.747748 0.833071
0.74975 0.839094
0.751752 0.845135
0.753754 0.851194
0.755756 0.857271
0.757758 0.863366
0.75976 0.869479
0.761762 0.87561
0.763764 0.881759
0.765766 0.887927
0.767768 0.894114
0.76977 0.900319
0.771772 0.906543
0.773774 0.912786
0.775776 0.919049
0.777778 0.925331
0.77978 0.931632
0.781782 0.937954
0.783784 0.944295
0.785786 0.950657
0.787788 0.95704
0.78979 0.963444
0.791792 0.969869
0.793794 0.976315
0.795796 0.982784
0.797798 0.989274
0.7998 0.995788
0.801802 1.00232
0.803804 1.00888
0.805806 1.01547
0.807808 1.02208
0.80981 1.02871
0.811812 1.03537
0.813814 1.04205
0.815816 1.04876
0.817818 1.05549
0.81982 1.06225
0.821822 1.06904
0.823824 1.07586
0.825826 1.08271
0.827828 1.08958
0.82983 1.09648
0.831832 1.10341
0.833834 1.11037
0.835836 1.11736
0.837838 1.12438
0.83984 1.13144
0.841842 1.13852
0.843844 1.14563
0.845846 1.15278
0.847848 1.15995
0.84985 1.16716
0.851852 1.1744
0.853854 1.18168
0.855856 1.18898
0.857858 1.19632
0.85986 1.20369
0.861862 1.21109
0.863864 1.21853
0.865866 1.226
0.867868 1.2335
0.86987 1.24104
0.871872 1.24861
0.873874 1.25621
0.875876 1.26385
0.877878 1.27153
0.87988 1.27924
0.881882 1.28699
0.883884 1.29477
0.885886 1.3026
0.887888 1.31046
0.88989 1.31836
0.891892 1.3263
0.893894 1.33429
0.895896 1.34232
0.897898 1.35039
0.8999 1.35852
0.901902 1.36669
0.903904 1.37492
0.905906 1.3832
0.907908 1.39153
0.90991 1.39993
0.911912 1.40839
0.913914 1.41692
0.915916 1.42551
0.917918 1.43418
0.91992 1.44292
0.921922 1.45175
0.923924 1.46065
0.925926 1.46964
0.927928 1.47873
0.92993 1.4879
0.931932 1.49717
0.933934 1.50654
0.935936 1.516
0.937938 1.52558
0.93994 1.53525
0.941942 1.54504
0.943944 1.55494
0.945946 1.56494
0.947948 1.57506
0.94995 1.5853
0.951952 1.59565
0.953954 1.60611
0.955956 1.6167
0.957958 1.62742
0.95996 1.63827
0.961962 1.64925
0.963964 1.66039
0.965966 1.67169
0.967968 1.68319
0.96997 1.69489
0.971972 1.70685
0.973974 1.71911
0.975976 1.73172
0.977978 1.74477
0.97998 1.75835
0.981982 1.77257
0.983984 1.78758
0.985986 1.80356
0.987988 1.82073
0.98999 1.83935
0.991992 1.85974
0.993994 1.88228
0.995996 1.90743
0.997998 1.93572
1 1.96781
