-0.92388 -0.89534
-0.92203 -0.895746
-0.92018 -0.896147
-0.918331 -0.896543
-0.916481 -0.896934
-0.914631 -0.897321
-0.912782 -0.897704
-0.910932 -0.898082
-0.909083 -0.898455
-0.907233 -0.898823
-0.905383 -0.899187
-0.903534 -0.899546
-0.901684 -0.899901
-0.899835 -0.900251
-0.897985 -0.900597
-0.896135 -0.900938
-0.894286 -0.901274
-0.892436 -0.901605
-0.890587 -0.901932
-0.888737 -0.902255
-0.886887 -0.902573
-0.885038 -0.902886
-0.883188 -0.903194
-0.881339 -0.903498
-0.879489 -0.903797
-0.877639 -0.904092
-0.87579 -0.904382
-0.87394 -0.904668
-0.87209 -0.904949
-0.870241 -0.905225
-0.868391 -0.905496
-0.866542 -0.905763
-0.864692 -0.906026
-0.862842 -0.906283
-0.860993 -0.906537
-0.859143 -0.906785
-0.857294 -0.907029
-0.855444 -0.907268
-0.853594 -0.907503
-0.851745 -0.907733
-0.849895 -0.907958
-0.848046 -0.908179
-0.846196 -0.908396
-0.844346 -0.908607
-0.842497 -0.908814
-0.840647 -0.909016
-0.838798 -0.909214
-0.836948 -0.909407
-0.835098 -0.909596
-0.833249 -0.90978
-0.831399 -0.909959
-0.829549 -0.910134
-0.8277 -0.910304
-0.82585 -0.910469
-0.824001 -0.91063
-0.822151 -0.910786
-0.820301 -0.910938
-0.818452 -0.911085
-0.816602 -0.911227
-0.814753 -0.911365
-0.812903 -0.911498
-0.811053 -0.911626
-0.809204 -0.91175
-0.807354 -0.91187
-0.805505 -0.911984
-0.803655 -0.912094
-0.801805 -0.9122
-0.799956 -0.9123
-0.798106 -0.912397
-0.796257 -0.912488
-0.794407 -0.912575
-0.792557 -0.912658
-0.790708 -0.912735
-0.788858 -0.912808
-0.787008 -0.912877
-0.785159 -0.912941
-0.783309 -0.913
-0.78146 -0.913055
-0.77961 -0.913105
-0.77776 -0.91315
-0.775911 -0.913191
-0.774061 -0.913227
-0.772212 -0.913259
-0.770362 -0.913286
-0.768512 -0.913308
-0.766663 -0.913326
-0.764813 -0.913339
-0.762964 -0.913347
-0.761114 -0.913351
-0.759264 -0.91335
-0.757415 -0.913345
-0.755565 -0.913335
-0.753716 -0.91332
-0.751866 -0.913301
-0.750016 -0.913277
-0.748167 -0.913249
-0.746317 -0.913216
-0.744467 -0.913178
-0.742618 -0.913136
-0.740768 -0.913089
-0.738919 -0.913037
-0.737069 -0.912981
-0.735219 -0.91292
-0.73337 -0.912855
-0.73152 -0.912785
-0.729671 -0.91271
-0.727821 -0.912631
-0.725971 -0.912547
-0.724122 -0.912459
-0.722272 -0.912366
-0.720423 -0.912268
-0.718573 -0.912166
-0.716723 -0.912059
-0.714874 -0.911947
-0.713024 -0.911831
-0.711175 -0.91171
-0.709325 -0.911585
-0.707475 -0.911455
-0.705626 -0.91132
-0.703776 -0.911181
-0.701926 -0.911037
-0.700077 -0.910889
-0.698227 -0.910736
-0.696378 -0.910578
-0.694528 -0.910416
-0.692678 -0.910249
-0.690829 -0.910077
-0.688979 -0.909901
-0.68713 -0.90972
-0.68528 -0.909535
-0.68343 -0.909345
-0.681581 -0.90915
-0.679731 -0.908951
-0.677882 -0.908747
-0.676032 -0.908539
-0.674182 -0.908325
-0.672333 -0.908108
-0.670483 -0.907885
-0.668634 -0.907658
-0.666784 -0.907427
-0.664934 -0.907191
-0.663085 -0.90695
-0.661235 -0.906705
-0.659385 -0.906454
-0.657536 -0.9062
-0.655686 -0.905941
-0.653837 -0.905677
-0.651987 -0.905408
-0.650137 -0.905135
-0.648288 -0.904857
-0.646438 -0.904575
-0.644589 -0.904288
-0.642739 -0.903996
-0.640889 -0.9037
-0.63904 -0.9034
-0.63719 -0.903094
-0.635341 -0.902784
-0.633491 -0.902469
-0.631641 -0.90215
-0.629792 -0.901826
-0.627942 -0.901498
-0.626093 -0.901165
-0.624243 -0.900827
-0.622393 -0.900485
-0.620544 -0.900138
-0.618694 -0.899786
-0.616844 -0.89943
-0.614995 -0.899069
-0.613145 -0.898704
-0.611296 -0.898333
-0.609446 -0.897959
-0.607596 -0.89758
-0.605747 -0.897196
-0.603897 -0.896807
-0.602048 -0.896414
-0.600198 -0.896016
-0.598348 -0.895614
-0.596499 -0.895207
-0.594649 -0.894795
-0.5928 -0.894379
-0.59095 -0.893958
-0.5891 -0.893533
-0.587251 -0.893103
-0.585401 -0.892668
-0.583552 -0.892229
-0.581702 -0.891785
-0.579852 -0.891336
-0.578003 -0.890883
-0.576153 -0.890425
-0.574303 -0.889963
-0.572454 -0.889496
-0.570604 -0.889024
-0.568755 -0.888548
-0.566905 -0.888067
-0.565055 -0.887582
-0.563206 -0.887092
-0.561356 -0.886597
-0.559507 -0.886098
-0.557657 -0.885594
-0.555807 -0.885085
-0.553958 -0.884572
-0.552108 -0.884054
-0.550259 -0.883532
-0.548409 -0.883005
-0.546559 -0.882473
-0.54471 -0.881937
-0.54286 -0.881396
-0.541011 -0.880851
-0.539161 -0.880301
-0.537311 -0.879746
-0.535462 -0.879187
-0.533612 -0.878623
-0.531762 -0.878054
-0.529913 -0.877481
-0.528063 -0.876903
-0.526214 -0.876321
-0.524364 -0.875734
-0.522514 -0.875142
-0.520665 -0.874546
-0.518815 -0.873945
-0.516966 -0.87334
-0.515116 -0.87273
-0.513266 -0.872115
-0.511417 -0.871496
-0.509567 -0.870872
-0.507718 -0.870243
-0.505868 -0.86961
-0.504018 -0.868972
-0.502169 -0.86833
-0.500319 -0.867683
-0.49847 -0.867031
-0.49662 -0.866375
-0.49477 -0.865714
-0.492921 -0.865049
-0.491071 -0.864378
-0.489221 -0.863704
-0.487372 -0.863024
-0.485522 -0.86234
-0.483673 -0.861652
-0.481823 -0.860959
-0.479973 -0.860261
-0.478124 -0.859558
-0.476274 -0.858851
-0.474425 -0.85814
-0.472575 -0.857423
-0.470725 -0.856703
-0.468876 -0.855977
-0.467026 -0.855247
-0.465177 -0.854512
-0.463327 -0.853773
-0.461477 -0.853029
-0.459628 -0.85228
-0.457778 -0.851527
-0.455929 -0.850769
-0.454079 -0.850007
-0.452229 -0.84924
-0.45038 -0.848468
-0.44853 -0.847692
-0.44668 -0.846911
-0.444831 -0.846126
-0.442981 -0.845335
-0.441132 -0.844541
-0.439282 -0.843741
-0.437432 -0.842937
-0.435583 -0.842129
-0.433733 -0.841316
-0.431884 -0.840498
-0.430034 -0.839675
-0.428184 -0.838848
-0.426335 -0.838017
-0.424485 -0.83718
-0.422636 -0.836339
-0.420786 -0.835494
-0.418936 -0.834644
-0.417087 -0.833789
-0.415237 -0.83293
-0.413388 -0.832066
-0.411538 -0.831197
-0.409688 -0.830324
-0.407839 -0.829446
-0.405989 -0.828563
-0.404139 -0.827676
-0.40229 -0.826785
-0.40044 -0.825888
-0.398591 -0.824988
-0.396741 -0.824082
-0.394891 -0.823172
-0.393042 -0.822257
-0.391192 -0.821338
-0.389343 -0.820414
-0.387493 -0.819485
-0.385643 -0.818552
-0.383794 -0.817614
-0.381944 -0.816672
-0.380095 -0.815724
-0.378245 -0.814773
-0.376395 -0.813816
-0.374546 -0.812856
-0.372696 -0.81189
-0.370847 -0.81092
-0.368997 -0.809945
-0.367147 -0.808966
-0.365298 -0.807982
-0.363448 -0.806993
-0.361598 -0.806
-0.359749 -0.805002
-0.357899 -0.804
-0.35605 -0.802992
-0.3542 -0.801981
-0.35235 -0.800964
-0.350501 -0.799943
-0.348651 -0.798918
-0.346802 -0.797888
-0.344952 -0.796853
-0.343102 -0.795814
-0.341253 -0.79477
-0.339403 -0.793721
-0.337554 -0.792668
-0.335704 -0.79161
-0.333854 -0.790547
-0.332005 -0.78948
-0.330155 -0.788408
-0.328306 -0.787332
-0.326456 -0.786251
-0.324606 -0.785166
-0.322757 -0.784075
-0.320907 -0.782981
-0.319057 -0.781881
-0.317208 -0.780777
-0.315358 -0.779669
-0.313509 -0.778555
-0.311659 -0.777437
-0.309809 -0.776315
-0.30796 -0.775188
-0.30611 -0.774056
-0.304261 -0.77292
-0.302411 -0.771779
-0.300561 -0.770633
-0.298712 -0.769483
-0.296862 -0.768328
-0.295013 -0.767169
-0.293163 -0.766005
-0.291313 -0.764836
-0.289464 -0.763663
-0.287614 -0.762485
-0.285765 -0.761302
-0.283915 -0.760115
-0.282065 -0.758924
-0.280216 -0.757727
-0.278366 -0.756526
-0.276516 -0.755321
-0.274667 -0.754111
-0.272817 -0.752896
-0.270968 -0.751676
-0.269118 -0.750452
-0.267268 -0.749224
-0.265419 -0.74799
-0.263569 -0.746752
-0.26172 -0.74551
-0.25987 -0.744263
-0.25802 -0.743011
-0.256171 -0.741755
-0.254321 -0.740494
-0.252472 -0.739228
-0.250622 -0.737958
-0.248772 -0.736683
-0.246923 -0.735404
-0.245073 -0.734119
-0.243224 -0.732831
-0.241374 -0.731538
-0.239524 -0.73024
-0.237675 -0.728937
-0.235825 -0.72763
-0.233975 -0.726318
-0.232126 -0.725002
-0.230276 -0.723681
-0.228427 -0.722355
-0.226577 -0.721025
-0.224727 -0.71969
-0.222878 -0.718351
-0.221028 -0.717007
-0.219179 -0.715658
-0.217329 -0.714305
-0.215479 -0.712947
-0.21363 -0.711584
-0.21178 -0.710217
-0.209931 -0.708845
-0.208081 -0.707469
-0.206231 -0.706088
-0.204382 -0.704702
-0.202532 -0.703312
-0.200683 -0.701917
-0.198833 -0.700518
-0.196983 -0.699114
-0.195134 -0.697705
-0.193284 -0.696292
-0.191434 -0.694874
-0.189585 -0.693451
-0.187735 -0.692024
-0.185886 -0.690592
-0.184036 -0.689156
-0.182186 -0.687715
-0.180337 -0.686269
-0.178487 -0.684819
-0.176638 -0.683364
-0.174788 -0.681905
-0.172938 -0.68044
-0.171089 -0.678972
-0.169239 -0.677498
-0.16739 -0.676021
-0.16554 -0.674538
-0.16369 -0.673051
-0.161841 -0.671559
-0.159991 -0.670063
-0.158142 -0.668562
-0.156292 -0.667056
-0.154442 -0.665546
-0.152593 -0.664031
-0.150743 -0.662511
-0.148893 -0.660987
-0.147044 -0.659458
-0.145194 -0.657925
-0.143345 -0.656387
-0.141495 -0.654845
-0.139645 -0.653297
-0.137796 -0.651746
-0.135946 -0.650189
-0.134097 -0.648628
-0.132247 -0.647063
-0.130397 -0.645492
-0.128548 -0.643917
-0.126698 -0.642338
-0.124849 -0.640754
-0.122999 -0.639165
-0.121149 -0.637572
-0.1193 -0.635974
-0.11745 -0.634371
-0.115601 -0.632764
-0.113751 -0.631152
-0.111901 -0.629536
-0.110052 -0.627915
-0.108202 -0.626289
-0.106352 -0.624659
-0.104503 -0.623024
-0.102653 -0.621384
-0.100804 -0.61974
-0.0989541 -0.618091
-0.0971045 -0.616438
-0.0952548 -0.61478
-0.0934052 -0.613118
-0.0915556 -0.61145
-0.089706 -0.609779
-0.0878564 -0.608102
-0.0860068 -0.606421
-0.0841572 -0.604735
-0.0823076 -0.603045
-0.080458 -0.60135
-0.0786084 -0.599651
-0.0767588 -0.597947
-0.0749092 -0.596238
-0.0730595 -0.594524
-0.0712099 -0.592806
-0.0693603 -0.591084
-0.0675107 -0.589357
-0.0656611 -0.587625
-0.0638115 -0.585888
-0.0619619 -0.584147
-0.0601123 -0.582402
-0.0582627 -0.580651
-0.0564131 -0.578896
-0.0545635 -0.577137
-0.0527138 -0.575373
-0.0508642 -0.573604
-0.0490146 -0.571831
-0.047165 -0.570053
-0.0453154 -0.56827
-0.0434658 -0.566483
-0.0416162 -0.564691
-0.0397666 -0.562894
-0.037917 -0.561093
-0.0360674 -0.559288
-0.0342178 -0.557477
-0.0323682 -0.555662
-0.0305185 -0.553843
-0.0286689 -0.552019
-0.0268193 -0.55019
-0.0249697 -0.548357
-0.0231201 -0.546519
-0.0212705 -0.544676
-0.0194209 -0.542829
-0.0175713 -0.540977
-0.0157217 -0.53912
-0.0138721 -0.537259
-0.0120225 -0.535394
-0.0101728 -0.533523
-0.00832324 -0.531648
-0.00647363 -0.529769
-0.00462402 -0.527885
-0.00277441 -0.525996
-0.000924804 -0.524102
0.000924804 -0.522204
0.00277441 -0.520302
0.00462402 -0.518394
0.00647363 -0.516483
0.00832324 -0.514566
0.0101728 -0.512645
0.0120225 -0.510719
0.0138721 -0.508789
0.0157217 -0.506854
0.0175713 -0.504914
0.0194209 -0.50297
0.0212705 -0.501022
0.0231201 -0.499068
0.0249697 -0.49711
0.0268193 -0.495147
0.0286689 -0.49318
0.0305185 -0.491208
0.0323682 -0.489232
0.0342178 -0.487251
0.0360674 -0.485265
0.037917 -0.483275
0.0397666 -0.48128
0.0416162 -0.47928
0.0434658 -0.477276
0.0453154 -0.475267
0.047165 -0.473254
0.0490146 -0.471236
0.0508642 -0.469213
0.0527138 -0.467186
0.0545635 -0.465154
0.0564131 -0.463117
0.0582627 -0.461076
0.0601123 -0.45903
0.0619619 -0.45698
0.0638115 -0.454925
0.0656611 -0.452866
0.0675107 -0.450801
0.0693603 -0.448733
0.0712099 -0.446659
0.0730595 -0.444581
0.0749092 -0.442498
0.0767588 -0.440411
0.0786084 -0.438319
0.080458 -0.436223
0.0823076 -0.434122
0.0841572 -0.432016
0.0860068 -0.429905
0.0878564 -0.42779
0.089706 -0.425671
0.0915556 -0.423547
0.0934052 -0.421418
0.0952548 -0.419284
0.0971045 -0.417146
0.0989541 -0.415004
0.100804 -0.412856
0.102653 -0.410704
0.104503 -0.408548
0.106352 -0.406387
0.108202 -0.404221
0.110052 -0.402051
0.111901 -0.399876
0.113751 -0.397696
0.115601 -0.395512
0.11745 -0.393323
0.1193 -0.39113
0.121149 -0.388931
0.122999 -0.386729
0.124849 -0.384521
0.126698 -0.38231
0.128548 -0.380093
0.130397 -0.377872
0.132247 -0.375646
0.134097 -0.373416
0.135946 -0.371181
0.137796 -0.368941
0.139645 -0.366697
0.141495 -0.364448
0.143345 -0.362195
0.145194 -0.359936
0.147044 -0.357674
0.148893 -0.355406
0.150743 -0.353135
0.152593 -0.350858
0.154442 -0.348577
0.156292 -0.346291
0.158142 -0.344001
0.159991 -0.341706
0.161841 -0.339406
0.16369 -0.337102
0.16554 -0.334793
0.16739 -0.332479
0.169239 -0.330161
0.171089 -0.327839
0.172938 -0.325511
0.174788 -0.323179
0.176638 -0.320843
0.178487 -0.318502
0.180337 -0.316156
0.182186 -0.313805
0.184036 -0.31145
0.185886 -0.309091
0.187735 -0.306727
0.189585 -0.304358
0.191434 -0.301984
0.193284 -0.299606
0.195134 -0.297223
0.196983 -0.294836
0.198833 -0.292444
0.200683 -0.290047
0.202532 -0.287646
0.204382 -0.285241
0.206231 -0.28283
0.208081 -0.280415
0.209931 -0.277995
0.21178 -0.275571
0.21363 -0.273142
0.215479 -0.270709
0.217329 -0.268271
0.219179 -0.265828
0.221028 -0.263381
0.222878 -0.260929
0.224727 -0.258472
0.226577 -0.256011
0.228427 -0.253545
0.230276 -0.251075
0.232126 -0.2486
0.233975 -0.24612
0.235825 -0.243636
0.237675 -0.241147
0.239524 -0.238653
0.241374 -0.236155
0.243224 -0.233652
0.245073 -0.231145
0.246923 -0.228633
0.248772 -0.226116
0.250622 -0.223595
0.252472 -0.221069
0.254321 -0.218539
0.256171 -0.216004
0.25802 -0.213464
0.25987 -0.21092
0.26172 -0.208371
0.263569 -0.205818
0.265419 -0.203259
0.267268 -0.200697
0.269118 -0.198129
0.270968 -0.195557
0.272817 -0.192981
0.274667 -0.190399
0.276516 -0.187814
0.278366 -0.185223
0.280216 -0.182628
0.282065 -0.180028
0.283915 -0.177424
0.285765 -0.174815
0.287614 -0.172202
0.289464 -0.169584
0.291313 -0.166961
0.293163 -0.164333
0.295013 -0.161701
0.296862 -0.159065
0.298712 -0.156424
0.300561 -0.153778
0.302411 -0.151127
0.304261 -0.148472
0.30611 -0.145813
0.30796 -0.143148
0.309809 -0.140479
0.311659 -0.137806
0.313509 -0.135128
0.315358 -0.132445
0.317208 -0.129757
0.319057 -0.127065
0.320907 -0.124369
0.322757 -0.121668
0.324606 -0.118962
0.326456 -0.116251
0.328306 -0.113536
0.330155 -0.110816
0.332005 -0.108092
0.333854 -0.105363
0.335704 -0.10263
0.337554 -0.0998915
0.339403 -0.0971487
0.341253 -0.0944013
0.343102 -0.0916493
0.344952 -0.0888926
0.346802 -0.0861314
0.348651 -0.0833655
0.350501 -0.0805951
0.35235 -0.07782
0.3542 -0.0750402
0.35605 -0.0722559
0.357899 -0.069467
0.359749 -0.0666734
0.361598 -0.0638752
0.363448 -0.0610724
0.365298 -0.058265
0.367147 -0.055453
0.368997 -0.0526363
0.370847 -0.0498151
0.372696 -0.0469892
0.374546 -0.0441587
0.376395 -0.0413236
0.378245 -0.0384839
0.380095 -0.0356395
0.381944 -0.0327906
0.383794 0
0.385643 0
0.387493 0
0.389343 0
0.391192 0
0.393042 0
0.394891 0
0.396741 0
0.398591 0
0.40044 0
0.40229 0
0.404139 0
0.405989 0
0.407839 0
0.409688 0
0.411538 0
0.413388 0
0.415237 0
0.417087 0
0.418936 0
0.420786 0
0.422636 0
0.424485 0
0.426335 0
0.428184 0
0.430034 0
0.431884 0
0.433733 0
0.435583 0
0.437432 0
0.439282 0
0.441132 0
0.442981 0
0.444831 0
0.44668 0
0.44853 0
0.45038 0
0.452229 0
0.454079 0
0.455929 0
0.457778 0
0.459628 0
0.461477 0
0.463327 0
0.465177 0
0.467026 0
0.468876 0
0.470725 0
0.472575 0
0.474425 0
0.476274 0
0.478124 0
0.479973 0
0.481823 0
0.483673 0
0.485522 0
0.487372 0
0.489221 0
0.491071 0
0.492921 0
0.49477 0
0.49662 0
0.49847 0
0.500319 0
0.502169 0
0.504018 0
0.505868 0
0.507718 0
0.509567 0
0.511417 0
0.513266 0
0.515116 0
0.516966 0
0.518815 0
0.520665 0
0.522514 0
0.524364 0
0.526214 0
0.528063 0
0.529913 0
0.531762 0
0.533612 0
0.535462 0
0.537311 0
0.539161 0
0.541011 0
0.54286 0
0.54471 0
0.546559 0
0.548409 0
0.550259 0
0.552108 0
0.553958 0
0.555807 0
0.557657 0
0.559507 0
0.561356 0
0.563206 0
0.565055 0
0.566905 0
0.568755 0
0.570604 0
0.572454 0
0.574303 0
0.576153 0
0.578003 0
0.579852 0
0.581702 0
0.583552 0
0.585401 0
0.587251 0
0.5891 0
0.59095 0
0.5928 0
0.594649 0
0.596499 0
0.598348 0
0.600198 0
0.602048 0
0.603897 0
0.605747 0
0.607596 0
0.609446 0
0.611296 0
0.613145 0
0.614995 0
0.616844 0
0.618694 0
0.620544 0
0.622393 0
0.624243 0
0.626093 0
0.627942 0
0.629792 0
0.631641 0
0.633491 0
0.635341 0
0.63719 0
0.63904 0
0.640889 0
0.642739 0
0.644589 0
0.646438 0
0.648288 0
0.650137 0
0.651987 0
0.653837 0
0.655686 0
0.657536 0
0.659385 0
0.661235 0
0.663085 0
0.664934 0
0.666784 0
0.668634 0
0.670483 0
0.672333 0
0.674182 0
0.676032 0
0.677882 0
0.679731 0
0.681581 0
0.68343 0
0.68528 0
0.68713 0
0.688979 0
0.690829 0
0.692678 0
0.694528 0
0.696378 0
0.698227 0
0.700077 0
0.701926 0
0.703776 0
0.705626 0
0.707475 0
0.709325 0
0.711175 0
0.713024 0
0.714874 0
0.716723 0
0.718573 0
0.720423 0
0.722272 0
0.724122 0
0.725971 0
0.727821 0
0.729671 0
0.73152 0
0.73337 0
0.735219 0
0.737069 0
0.738919 0
0.740768 0
0.742618 0
0.744467 0
0.746317 0
0.748167 0
0.750016 0
0.751866 0
0.753716 0
0.755565 0
0.757415 0
0.759264 0
0.761114 0
0.762964 0
0.764813 0
0.766663 0
0.768512 0
0.770362 0
0.772212 0
0.774061 0
0.775911 0
0.77776 0
0.77961 0
0.78146 0
0.783309 0
0.785159 0
0.787008 0
0.788858 0
0.790708 0
0.792557 0
0.794407 0
0.796257 0
0.798106 0
0.799956 0
0.801805 0
0.803655 0
0.805505 0
0.807354 0
0.809204 0
0.811053 0
0.812903 0
0.814753 0
0.816602 0
0.818452 0
0.820301 0
0.822151 0
0.824001 0
0.82585 0
0.8277 0
0.829549 0
0.831399 0
0.833249 0
0.835098 0
0.836948 0
0.838798 0
0.840647 0
0.842497 0
0.844346 0
0.846196 0
0.848046 0
0.849895 0
0.851745 0
0.853594 0
0.855444 0
0.857294 0
0.859143 0
0.860993 0
0.862842 0
0.864692 0
0.866542 0
0.868391 0
0.870241 0
0.87209 0
0.87394 0
0.87579 0
0.877639 0
0.879489 0
0.881339 0
0.883188 0
0.885038 0
0.886887 0
0.888737 0
0.890587 0
0.892436 0
0.894286 0
0.896135 0
0.897985 0
0.899835 0
0.901684 0
0.903534 0
0.905383 0
0.907233 0
0.909083 0
0.910932 0
0.912782 0
0.914631 0
0.916481 0
0.918331 0
0.92018 0
0.92203 0
0.92388 0
