-0.997204 -1.07238
-0.995207 -1.06291
-0.993211 -1.05344
-0.991215 -1.04397
-0.989218 -1.0345
-0.987222 -1.02503
-0.985225 -1.01556
-0.983229 -1.00609
-0.981233 -0.996616
-0.979236 -0.987145
-0.97724 -0.977675
-0.975243 -0.968205
-0.973247 -0.964204
-0.971251 -0.961229
-0.969254 -0.958255
-0.967258 -0.95528
-0.965261 -0.952305
-0.963265 -0.949331
-0.961269 -0.946356
-0.959272 -0.943381
-0.957276 -0.940407
-0.955279 -0.937432
-0.953283 -0.934457
-0.951286 -0.931483
-0.94929 -0.928508
-0.947294 -0.925533
-0.945297 -0.922559
-0.943301 -0.919584
-0.941304 -0.916609
-0.939308 -0.913635
-0.937312 -0.91066
-0.935315 -0.907685
-0.933319 -0.904711
-0.931322 -0.901736
-0.929326 -0.900278
-0.92733 -0.89926
-0.925333 -0.898242
-0.923337 -0.897224
-0.92134 -0.896205
-0.919344 -0.895187
-0.917348 -0.894169
-0.915351 -0.893151
-0.913355 -0.892133
-0.911358 -0.891114
-0.909362 -0.890096
-0.907366 -0.889078
-0.905369 -0.88806
-0.903373 -0.887042
-0.901376 -0.886023
-0.89938 -0.885005
-0.897384 -0.883987
-0.895387 -0.882969
-0.893391 -0.881951
-0.891394 -0.880932
-0.889398 -0.879914
-0.887402 -0.878896
-0.885405 -0.877878
-0.883409 -0.87686
-0.881412 -0.875841
-0.879416 -0.874823
-0.87742 -0.873805
-0.875423 -0.872787
-0.873427 -0.871769
-0.87143 -0.87075
-0.869434 -0.869732
-0.867438 -0.868714
-0.865441 -0.867919
-0.863445 -0.867661
-0.861448 -0.867403
-0.859452 -0.867146
-0.857456 -0.866888
-0.855459 -0.866631
-0.853463 -0.866373
-0.851466 -0.866116
-0.84947 -0.865858
-0.847473 -0.865601
-0.845477 -0.865343
-0.843481 -0.865086
-0.841484 -0.864828
-0.839488 -0.864571
-0.837491 -0.864313
-0.835495 -0.864056
-0.833499 -0.863798
-0.831502 -0.863541
-0.829506 -0.863283
-0.827509 -0.863026
-0.825513 -0.862768
-0.823517 -0.862511
-0.82152 -0.862253
-0.819524 -0.861996
-0.817527 -0.861738
-0.815531 -0.861481
-0.813535 -0.861223
-0.811538 -0.860966
-0.809542 -0.860708
-0.807545 -0.860451
-0.805549 -0.860193
-0.803553 -0.859936
-0.801556 -0.859678
-0.79956 -0.859421
-0.797563 -0.859163
-0.795567 -0.858905
-0.793571 -0.858648
-0.791574 -0.85839
-0.789578 -0.858133
-0.787581 -0.857875
-0.785585 -0.857618
-0.783589 -0.85736
-0.781592 -0.857131
-0.779596 -0.857112
-0.777599 -0.857093
-0.775603 -0.857074
-0.773607 -0.857055
-0.77161 -0.857036
-0.769614 -0.857017
-0.767617 -0.856998
-0.765621 -0.856978
-0.763625 -0.856959
-0.761628 -0.85694
-0.759632 -0.856921
-0.757635 -0.856902
-0.755639 -0.856883
-0.753643 -0.856864
-0.751646 -0.856845
-0.74965 -0.856825
-0.747653 -0.856806
-0.745657 -0.856787
-0.74366 -0.856768
-0.741664 -0.856749
-0.739668 -0.85673
-0.737671 -0.856711
-0.735675 -0.856691
-0.733678 -0.856672
-0.731682 -0.856653
-0.729686 -0.856634
-0.727689 -0.856615
-0.725693 -0.856596
-0.723696 -0.856577
-0.7217 -0.856558
-0.719704 -0.856538
-0.717707 -0.856519
-0.715711 -0.8565
-0.713714 -0.856481
-0.711718 -0.856462
-0.709722 -0.856443
-0.707725 -0.856424
-0.705729 -0.856405
-0.703732 -0.856385
-0.701736 -0.856366
-0.69974 -0.856347
-0.697743 -0.856328
-0.695747 -0.856309
-0.69375 -0.85629
-0.691754 -0.856271
-0.689758 -0.856251
-0.687761 -0.856232
-0.685765 -0.856213
-0.683768 -0.856194
-0.681772 -0.856175
-0.679776 -0.856145
-0.677779 -0.856072
-0.675783 -0.855998
-0.673786 -0.855925
-0.67179 -0.855852
-0.669794 -0.855778
-0.667797 -0.855705
-0.665801 -0.855631
-0.663804 -0.855558
-0.661808 -0.855485
-0.659812 -0.855411
-0.657815 -0.855338
-0.655819 -0.855265
-0.653822 -0.855191
-0.651826 -0.855118
-0.649829 -0.855045
-0.647833 -0.854971
-0.645837 -0.854898
-0.64384 -0.854824
-0.641844 -0.854751
-0.639847 -0.854678
-0.637851 -0.854604
-0.635855 -0.854531
-0.633858 -0.854458
-0.631862 -0.854384
-0.629865 -0.854311
-0.627869 -0.854238
-0.625873 -0.854164
-0.623876 -0.854091
-0.62188 -0.854017
-0.619883 -0.853944
-0.617887 -0.853871
-0.615891 -0.853797
-0.613894 -0.853724
-0.611898 -0.853651
-0.609901 -0.853577
-0.607905 -0.853504
-0.605909 -0.853431
-0.603912 -0.853357
-0.601916 -0.853284
-0.599919 -0.85321
-0.597923 -0.853137
-0.595927 -0.853064
-0.59393 -0.85299
-0.591934 -0.852917
-0.589937 -0.852844
-0.587941 -0.85277
-0.585945 -0.852697
-0.583948 -0.852623
-0.581952 -0.85255
-0.579955 -0.852477
-0.577959 -0.852403
-0.575963 -0.85233
-0.573966 -0.852257
-0.57197 -0.852183
-0.569973 -0.85211
-0.567977 -0.852037
-0.565981 -0.851963
-0.563984 -0.85189
-0.561988 -0.851654
-0.559991 -0.851338
-0.557995 -0.851021
-0.555999 -0.850704
-0.554002 -0.850388
-0.552006 -0.850071
-0.550009 -0.849755
-0.548013 -0.849438
-0.546016 -0.849122
-0.54402 -0.848805
-0.542024 -0.848488
-0.540027 -0.848172
-0.538031 -0.847855
-0.536034 -0.847539
-0.534038 -0.847222
-0.532042 -0.846905
-0.530045 -0.846589
-0.528049 -0.846272
-0.526052 -0.845956
-0.524056 -0.845639
-0.52206 -0.845323
-0.520063 -0.845006
-0.518067 -0.844689
-0.51607 -0.844373
-0.514074 -0.844056
-0.512078 -0.84374
-0.510081 -0.843423
-0.508085 -0.843107
-0.506088 -0.84279
-0.504092 -0.842473
-0.502096 -0.842157
-0.500099 -0.84184
-0.498103 -0.841524
-0.496106 -0.841207
-0.49411 -0.840891
-0.492114 -0.840574
-0.490117 -0.840257
-0.488121 -0.839941
-0.486124 -0.839624
-0.484128 -0.839308
-0.482132 -0.838991
-0.480135 -0.838674
-0.478139 -0.838358
-0.476142 -0.838041
-0.474146 -0.837725
-0.47215 -0.837408
-0.470153 -0.837092
-0.468157 -0.836775
-0.46616 -0.836458
-0.464164 -0.836142
-0.462168 -0.835825
-0.460171 -0.835509
-0.458175 -0.835192
-0.456178 -0.834876
-0.454182 -0.834559
-0.452186 -0.834242
-0.450189 -0.833926
-0.448193 -0.833609
-0.446196 -0.833293
-0.4442 -0.832976
-0.442203 -0.832659
-0.440207 -0.832343
-0.438211 -0.832026
-0.436214 -0.83171
-0.434218 -0.831393
-0.432221 -0.830764
-0.430225 -0.830072
-0.428229 -0.82938
-0.426232 -0.828688
-0.424236 -0.827996
-0.422239 -0.827304
-0.420243 -0.826612
-0.418247 -0.82592
-0.41625 -0.825228
-0.414254 -0.824536
-0.412257 -0.823844
-0.410261 -0.823152
-0.408265 -0.82246
-0.406268 -0.821768
-0.404272 -0.821076
-0.402275 -0.820384
-0.400279 -0.819692
-0.398283 -0.819
-0.396286 -0.818308
-0.39429 -0.817616
-0.392293 -0.816924
-0.390297 -0.816232
-0.388301 -0.81554
-0.386304 -0.814848
-0.384308 -0.814156
-0.382311 -0.813464
-0.380315 -0.812772
-0.378319 -0.81208
-0.376322 -0.811388
-0.374326 -0.810696
-0.372329 -0.810004
-0.370333 -0.809312
-0.368337 -0.80862
-0.36634 -0.807928
-0.364344 -0.807236
-0.362347 -0.806544
-0.360351 -0.805852
-0.358355 -0.80516
-0.356358 -0.804468
-0.354362 -0.803776
-0.352365 -0.803084
-0.350369 -0.802392
-0.348372 -0.8017
-0.346376 -0.801008
-0.34438 -0.800316
-0.342383 -0.799624
-0.340387 -0.798932
-0.33839 -0.79824
-0.336394 -0.797548
-0.334398 -0.796856
-0.332401 -0.796164
-0.330405 -0.795472
-0.328408 -0.79478
-0.326412 -0.794088
-0.324416 -0.793396
-0.322419 -0.792704
-0.320423 -0.792012
-0.318426 -0.79132
-0.31643 -0.790628
-0.314434 -0.789936
-0.312437 -0.789244
-0.310441 -0.788552
-0.308444 -0.78786
-0.306448 -0.787168
-0.304452 -0.786476
-0.302455 -0.785784
-0.300459 -0.785092
-0.298462 -0.7844
-0.296466 -0.783708
-0.29447 -0.782949
-0.292473 -0.781785
-0.290477 -0.780621
-0.28848 -0.779458
-0.286484 -0.778294
-0.284488 -0.77713
-0.282491 -0.775967
-0.280495 -0.774803
-0.278498 -0.773639
-0.276502 -0.772476
-0.274506 -0.771312
-0.272509 -0.770148
-0.270513 -0.768985
-0.268516 -0.767821
-0.26652 -0.766657
-0.264524 -0.765494
-0.262527 -0.76433
-0.260531 -0.763166
-0.258534 -0.762003
-0.256538 -0.760839
-0.254542 -0.759675
-0.252545 -0.758512
-0.250549 -0.757348
-0.248552 -0.756184
-0.246556 -0.755021
-0.244559 -0.753857
-0.242563 -0.752693
-0.240567 -0.75153
-0.23857 -0.750366
-0.236574 -0.749202
-0.234577 -0.748039
-0.232581 -0.746875
-0.230585 -0.745712
-0.228588 -0.744548
-0.226592 -0.743384
-0.224595 -0.742221
-0.222599 -0.741057
-0.220603 -0.739893
-0.218606 -0.73873
-0.21661 -0.737566
-0.214613 -0.736402
-0.212617 -0.735239
-0.210621 -0.734075
-0.208624 -0.732911
-0.206628 -0.731748
-0.204631 -0.730584
-0.202635 -0.72942
-0.200639 -0.728257
-0.198642 -0.727093
-0.196646 -0.725929
-0.194649 -0.724766
-0.192653 -0.723602
-0.190657 -0.722438
-0.18866 -0.721275
-0.186664 -0.720111
-0.184667 -0.718947
-0.182671 -0.717784
-0.180675 -0.71662
-0.178678 -0.715456
-0.176682 -0.714293
-0.174685 -0.713129
-0.172689 -0.711965
-0.170693 -0.710802
-0.168696 -0.709638
-0.1667 -0.708475
-0.164703 -0.707311
-0.162707 -0.706147
-0.160711 -0.704984
-0.158714 -0.70382
-0.156718 -0.702656
-0.154721 -0.701493
-0.152725 -0.700329
-0.150729 -0.699165
-0.148732 -0.697917
-0.146736 -0.696211
-0.144739 -0.694505
-0.142743 -0.692798
-0.140746 -0.691092
-0.13875 -0.689386
-0.136754 -0.687679
-0.134757 -0.685973
-0.132761 -0.684267
-0.130764 -0.68256
-0.128768 -0.680854
-0.126772 -0.679148
-0.124775 -0.677441
-0.122779 -0.675735
-0.120782 -0.674029
-0.118786 -0.672322
-0.11679 -0.670616
-0.114793 -0.66891
-0.112797 -0.667203
-0.1108 -0.665497
-0.108804 -0.663791
-0.106808 -0.662085
-0.104811 -0.660378
-0.102815 -0.658672
-0.100818 -0.656966
-0.098822 -0.655259
-0.0968256 -0.653553
-0.0948292 -0.651847
-0.0928328 -0.65014
-0.0908364 -0.648434
-0.08884 -0.646728
-0.0868436 -0.645021
-0.0848472 -0.643315
-0.0828508 -0.641609
-0.0808544 -0.639902
-0.078858 -0.638196
-0.0768616 -0.63649
-0.0748651 -0.634783
-0.0728687 -0.633077
-0.0708723 -0.631371
-0.0688759 -0.629664
-0.0668795 -0.627958
-0.0648831 -0.626252
-0.0628867 -0.624545
-0.0608903 -0.622839
-0.0588939 -0.621133
-0.0568975 -0.619426
-0.0549011 -0.61772
-0.0529047 -0.616014
-0.0509083 -0.614308
-0.0489119 -0.612601
-0.0469155 -0.610895
-0.0449191 -0.609189
-0.0429227 -0.607482
-0.0409263 -0.605776
-0.0389299 -0.60407
-0.0369335 -0.602363
-0.0349371 -0.600657
-0.0329407 -0.598951
-0.0309443 -0.597244
-0.0289479 -0.595538
-0.0269515 -0.593832
-0.024955 -0.592125
-0.0229586 -0.590419
-0.0209622 -0.588713
-0.0189658 -0.587006
-0.0169694 -0.5853
-0.014973 -0.583594
-0.0129766 -0.581887
-0.0109802 -0.580181
-0.00898382 -0.578475
-0.00698741 -0.576768
-0.00499101 -0.575062
-0.00299461 -0.573356
-0.000998202 -0.571649
0.000998202 -0.569646
0.00299461 -0.567344
0.00499101 -0.565043
0.00698741 -0.562741
0.00898382 -0.56044
0.0109802 -0.558139
0.0129766 -0.555837
0.014973 -0.553536
0.0169694 -0.551234
0.0189658 -0.548933
0.0209622 -0.546631
0.0229586 -0.54433
0.024955 -0.542029
0.0269515 -0.539727
0.0289479 -0.537426
0.0309443 -0.535124
0.0329407 -0.532823
0.0349371 -0.530522
0.0369335 -0.52822
0.0389299 -0.525919
0.0409263 -0.523617
0.0429227 -0.521316
0.0449191 -0.519014
0.0469155 -0.516713
0.0489119 -0.514412
0.0509083 -0.51211
0.0529047 -0.509809
0.0549011 -0.507507
0.0568975 -0.505206
0.0588939 -0.502904
0.0608903 -0.500603
0.0628867 -0.498302
0.0648831 -0.496
0.0668795 -0.493699
0.0688759 -0.491397
0.0708723 -0.489096
0.0728687 -0.486795
0.0748651 -0.484493
0.0768616 -0.482192
0.078858 -0.47989
0.0808544 -0.477589
0.0828508 -0.475287
0.0848472 -0.472986
0.0868436 -0.470685
0.08884 -0.468383
0.0908364 -0.466082
0.0928328 -0.46378
0.0948292 -0.461479
0.0968256 -0.459178
0.098822 -0.456876
0.100818 -0.454575
0.102815 -0.452273
0.104811 -0.449972
0.106808 -0.44767
0.108804 -0.445369
0.1108 -0.443068
0.112797 -0.440766
0.114793 -0.438465
0.11679 -0.436163
0.118786 -0.433862
0.120782 -0.43156
0.122779 -0.429259
0.124775 -0.426958
0.126772 -0.424656
0.128768 -0.422355
0.130764 -0.420053
0.132761 -0.417752
0.134757 -0.415451
0.136754 -0.413149
0.13875 -0.410848
0.140746 -0.408546
0.142743 -0.406245
0.144739 -0.403943
0.146736 -0.401642
0.148732 -0.399341
0.150729 -0.396504
0.152725 -0.393568
0.154721 -0.390632
0.156718 -0.387697
0.158714 -0.384761
0.160711 -0.381825
0.162707 -0.37889
0.164703 -0.375954
0.1667 -0.373018
0.168696 -0.370083
0.170693 -0.367147
0.172689 -0.364211
0.174685 -0.361276
0.176682 -0.35834
0.178678 -0.355404
0.180675 -0.352469
0.182671 -0.349533
0.184667 -0.346597
0.186664 -0.343662
0.18866 -0.340726
0.190657 -0.33779
0.192653 -0.334855
0.194649 -0.331919
0.196646 -0.328983
0.198642 -0.326048
0.200639 -0.323112
0.202635 -0.320176
0.204631 -0.317241
0.206628 -0.314305
0.208624 -0.31137
0.210621 -0.308434
0.212617 -0.305498
0.214613 -0.302563
0.21661 -0.299627
0.218606 -0.296691
0.220603 -0.293756
0.222599 -0.29082
0.224595 -0.287884
0.226592 -0.284949
0.228588 -0.282013
0.230585 -0.279077
0.232581 -0.276142
0.234577 -0.273206
0.236574 -0.27027
0.23857 -0.267335
0.240567 -0.264399
0.242563 -0.261463
0.244559 -0.258528
0.246556 -0.255592
0.248552 -0.252656
0.250549 -0.249721
0.252545 -0.246785
0.254542 -0.243849
0.256538 -0.240914
0.258534 -0.237978
0.260531 -0.235042
0.262527 -0.232107
0.264524 -0.229171
0.26652 -0.226236
0.268516 -0.2233
0.270513 -0.220364
0.272509 -0.217429
0.274506 -0.214493
0.276502 -0.211557
0.278498 -0.208622
0.280495 -0.205686
0.282491 -0.20275
0.284488 -0.199815
0.286484 -0.196879
0.28848 -0.193943
0.290477 -0.191008
0.292473 -0.188072
0.29447 -0.185136
0.296466 -0.18163
0.298462 -0.178029
0.300459 -0.174428
0.302455 -0.170826
0.304452 -0.167225
0.306448 -0.163624
0.308444 -0.160022
0.310441 -0.156421
0.312437 -0.15282
0.314434 -0.149218
0.31643 -0.145617
0.318426 -0.142016
0.320423 -0.138414
0.322419 -0.134813
0.324416 -0.131212
0.326412 -0.127611
0.328408 -0.124009
0.330405 -0.120408
0.332401 -0.116807
0.334398 -0.113205
0.336394 -0.109604
0.33839 -0.106003
0.340387 -0.102401
0.342383 -0.0988
0.34438 -0.0951987
0.346376 -0.0915974
0.348372 -0.0879961
0.350369 -0.0843948
0.352365 -0.0807935
0.354362 -0.0771921
0.356358 -0.0735908
0.358355 -0.0699895
0.360351 -0.0663882
0.362347 -0.0627869
0.364344 -0.0591856
0.36634 -0.0555843
0.368337 -0.0519829
0.370333 -0.0483816
0.372329 -0.0447803
0.374326 -0.041179
0.376322 -0.0375777
0.378319 -0.0339764
0.380315 -0.030375
0.382311 -0.0267737
0.384308 -0.0231724
0.386304 -0.0195711
0.388301 -0.0159698
0.390297 -0.0123685
0.392293 -0.00876716
0.39429 -0.00516584
0.396286 -0.00156453
0.398283 0.00203679
0.400279 0.0056381
0.402275 0.00923942
0.404272 0.0128407
0.406268 0.016442
0.408265 0.0200434
0.410261 0.0236447
0.412257 0.027246
0.414254 0.0308473
0.41625 0.0344486
0.418247 0.0380499
0.420243 0.0416512
0.422239 0.0452526
0.424236 0.0488539
0.426232 0.0524552
0.428229 0.0560565
0.430225 0.0596578
0.432221 0.0632591
0.434218 0.0669771
0.436214 0.0712753
0.438211 0.0755735
0.440207 0.0798718
0.442203 0.08417
0.4442 0.0884682
0.446196 0.0927664
0.448193 0.0970646
0.450189 0.101363
0.452186 0.105661
0.454182 0.109959
0.456178 0.114258
0.458175 0.118556
0.460171 0.122854
0.462168 0.127152
0.464164 0.13145
0.46616 0.135749
0.468157 0.140047
0.470153 0.144345
0.47215 0.148643
0.474146 0.152942
0.476142 0.15724
0.478139 0.161538
0.480135 0.165836
0.482132 0.170134
0.484128 0.174433
0.486124 0.178731
0.488121 0.183029
0.490117 0.187327
0.492114 0.191626
0.49411 0.195924
0.496106 0.200222
0.498103 0.20452
0.500099 0.208818
0.502096 0.213117
0.504092 0.217415
0.506088 0.221713
0.508085 0.226011
0.510081 0.23031
0.512078 0.234608
0.514074 0.238906
0.51607 0.243204
0.518067 0.247502
0.520063 0.251801
0.52206 0.256099
0.524056 0.260397
0.526052 0.264695
0.528049 0.268993
0.530045 0.273292
0.532042 0.27759
0.534038 0.281888
0.536034 0.286186
0.538031 0.290485
0.540027 0.294783
0.542024 0.299081
0.54402 0.303379
0.546016 0.307677
0.548013 0.311976
0.550009 0.316274
0.552006 0.320572
0.554002 0.32487
0.555999 0.329169
0.557995 0.333467
0.559991 0.337765
0.561988 0.342063
0.563984 0.346608
0.565981 0.351646
0.567977 0.356684
0.569973 0.361723
0.57197 0.366761
0.573966 0.3718
0.575963 0.376838
0.577959 0.381876
0.579955 0.386915
0.581952 0.391953
0.583948 0.396992
0.585945 0.40203
0.587941 0.407068
0.589937 0.412107
0.591934 0.417145
0.59393 0.422184
0.595927 0.427222
0.597923 0.43226
0.599919 0.437299
0.601916 0.442337
0.603912 0.447376
0.605909 0.452414
0.607905 0.457452
0.609901 0.462491
0.611898 0.467529
0.613894 0.472568
0.615891 0.477606
0.617887 0.482644
0.619883 0.487683
0.62188 0.492721
0.623876 0.497759
0.625873 0.502798
0.627869 0.507836
0.629865 0.512875
0.631862 0.517913
0.633858 0.522951
0.635855 0.52799
0.637851 0.533028
0.639847 0.538067
0.641844 0.543105
0.64384 0.548143
0.645837 0.553182
0.647833 0.55822
0.649829 0.563259
0.651826 0.568297
0.653822 0.573335
0.655819 0.578374
0.657815 0.583412
0.659812 0.588451
0.661808 0.593489
0.663804 0.598527
0.665801 0.603566
0.667797 0.608604
0.669794 0.613643
0.67179 0.618681
0.673786 0.623719
0.675783 0.628758
0.677779 0.633796
0.679776 0.638834
0.681772 0.644528
0.683768 0.650385
0.685765 0.656242
0.687761 0.662098
0.689758 0.667955
0.691754 0.673812
0.69375 0.679668
0.695747 0.685525
0.697743 0.691381
0.69974 0.697238
0.701736 0.703095
0.703732 0.708951
0.705729 0.714808
0.707725 0.720665
0.709722 0.726521
0.711718 0.732378
0.713714 0.738234
0.715711 0.744091
0.717707 0.749948
0.719704 0.755804
0.7217 0.761661
0.723696 0.767518
0.725693 0.773374
0.727689 0.779231
0.729686 0.785088
0.731682 0.790944
0.733678 0.796801
0.735675 0.802657
0.737671 0.808514
0.739668 0.814371
0.741664 0.820227
0.74366 0.826084
0.745657 0.831941
0.747653 0.837797
0.74965 0.843654
0.751646 0.84951
0.753643 0.855367
0.755639 0.861224
0.757635 0.86708
0.759632 0.872937
0.761628 0.878794
0.763625 0.88465
0.765621 0.890507
0.767617 0.896364
0.769614 0.90222
0.77161 0.908077
0.773607 0.913933
0.775603 0.91979
0.777599 0.925647
0.779596 0.931503
0.781592 0.93736
0.783589 0.94408
0.785585 0.950917
0.787581 0.957754
0.789578 0.964591
0.791574 0.971428
0.793571 0.978265
0.795567 0.985102
0.797563 0.991939
0.79956 0.998776
0.801556 1.00561
0.803553 1.01245
0.805549 1.01929
0.807545 1.02612
0.809542 1.03296
0.811538 1.0398
0.813535 1.04664
0.815531 1.05347
0.817527 1.06031
0.819524 1.06715
0.82152 1.07398
0.823517 1.08082
0.825513 1.08766
0.827509 1.0945
0.829506 1.10133
0.831502 1.10817
0.833499 1.11501
0.835495 1.12184
0.837491 1.12868
0.839488 1.13552
0.841484 1.14236
0.843481 1.14919
0.845477 1.15603
0.847473 1.16287
0.84947 1.1697
0.851466 1.17654
0.853463 1.18338
0.855459 1.19021
0.857456 1.19705
0.859452 1.20389
0.861448 1.21073
0.863445 1.21756
0.865441 1.2244
0.867438 1.2322
0.869434 1.24039
0.87143 1.24858
0.873427 1.25677
0.875423 1.26497
0.87742 1.27316
0.879416 1.28135
0.881412 1.28955
0.883409 1.29774
0.885405 1.30593
0.887402 1.31413
0.889398 1.32232
0.891394 1.33051
0.893391 1.3387
0.895387 1.3469
0.897384 1.35509
0.89938 1.36328
0.901376 1.37148
0.903373 1.37967
0.905369 1.38786
0.907366 1.39605
0.909362 1.40425
0.911358 1.41244
0.913355 1.42063
0.915351 1.42883
0.917348 1.43702
0.919344 1.44521
0.92134 1.4534
0.923337 1.4616
0.925333 1.46979
0.92733 1.47798
0.929326 1.48618
0.931322 1.49491
0.933319 1.50549
0.935315 1.51607
0.937312 1.52666
0.939308 1.53724
0.941304 1.54783
0.943301 1.55841
0.945297 1.56899
0.947294 1.57958
0.94929 1.59016
0.951286 1.60075
0.953283 1.61133
0.955279 1.62192
0.957276 1.6325
0.959272 1.64308
0.961269 1.65367
0.963265 1.66425
0.965261 1.67484
0.967258 1.68542
0.969254 1.696
0.971251 1.70659
0.973247 1.71717
0.975243 1.72883
0.97724 1.74617
0.979236 1.76351
0.981233 1.78086
0.983229 1.7982
0.985225 1.81555
0.987222 1.83289
0.989218 1.85024
0.991215 1.86758
0.993211 1.88493
0.995207 1.90227
0.997204 1.91962
