-0.997204 -1.07238
-0.995207 -1.07878
-0.993211 -1.08205
-0.991215 -1.08221
-0.989218 -1.07923
-0.987222 -1.07313
-0.985225 -1.06391
-0.983229 -1.05156
-0.981233 -1.03609
-0.979236 -1.01749
-0.97724 -0.995768
-0.975243 -0.970921
-0.973247 -0.944825
-0.971251 -0.920832
-0.969254 -0.899007
-0.967258 -0.879351
-0.965261 -0.861865
-0.963265 -0.846547
-0.961269 -0.833397
-0.959272 -0.822417
-0.957276 -0.813605
-0.955279 -0.806962
-0.953283 -0.802488
-0.951286 -0.800183
-0.94929 -0.800046
-0.947294 -0.802078
-0.945297 -0.806279
-0.943301 -0.812649
-0.941304 -0.821188
-0.939308 -0.831895
-0.937312 -0.844771
-0.935315 -0.859816
-0.933319 -0.87703
-0.931322 -0.896413
-0.929326 -0.916906
-0.92733 -0.936135
-0.925333 -0.954011
-0.923337 -0.970534
-0.92134 -0.985705
-0.919344 -0.999522
-0.917348 -1.01199
-0.915351 -1.0231
-0.913355 -1.03286
-0.911358 -1.04126
-0.909362 -1.04832
-0.907366 -1.05402
-0.905369 -1.05836
-0.903373 -1.06136
-0.901376 -1.063
-0.89938 -1.06329
-0.897384 -1.06223
-0.895387 -1.05981
-0.893391 -1.05604
-0.891394 -1.05092
-0.889398 -1.04444
-0.887402 -1.03661
-0.885405 -1.02743
-0.883409 -1.0169
-0.881412 -1.00501
-0.879416 -0.991769
-0.87742 -0.977176
-0.875423 -0.96123
-0.873427 -0.943931
-0.87143 -0.92528
-0.869434 -0.905275
-0.867438 -0.883918
-0.865441 -0.861312
-0.863445 -0.839175
-0.861448 -0.818117
-0.859452 -0.798137
-0.857456 -0.779235
-0.855459 -0.761412
-0.853463 -0.744666
-0.851466 -0.728998
-0.84947 -0.714409
-0.847473 -0.700897
-0.845477 -0.688464
-0.843481 -0.677109
-0.841484 -0.666832
-0.839488 -0.657633
-0.837491 -0.649512
-0.835495 -0.642469
-0.833499 -0.636504
-0.831502 -0.631618
-0.829506 -0.627809
-0.827509 -0.625079
-0.825513 -0.623427
-0.823517 -0.622852
-0.82152 -0.623356
-0.819524 -0.624938
-0.817527 -0.627599
-0.815531 -0.631337
-0.813535 -0.636153
-0.811538 -0.642047
-0.809542 -0.64902
-0.807545 -0.657071
-0.805549 -0.666199
-0.803553 -0.676406
-0.801556 -0.687691
-0.79956 -0.700054
-0.797563 -0.713495
-0.795567 -0.728014
-0.793571 -0.743612
-0.791574 -0.760287
-0.789578 -0.778041
-0.787581 -0.796872
-0.785585 -0.816782
-0.783589 -0.83777
-0.781592 -0.859822
-0.779596 -0.88175
-0.777599 -0.902794
-0.775603 -0.922955
-0.773607 -0.942233
-0.77161 -0.960627
-0.769614 -0.978137
-0.767617 -0.994764
-0.765621 -1.01051
-0.763625 -1.02537
-0.761628 -1.03934
-0.759632 -1.05244
-0.757635 -1.06465
-0.755639 -1.07597
-0.753643 -1.08641
-0.751646 -1.09597
-0.74965 -1.10465
-0.747653 -1.11244
-0.745657 -1.11935
-0.74366 -1.12537
-0.741664 -1.13051
-0.739668 -1.13477
-0.737671 -1.13815
-0.735675 -1.14064
-0.733678 -1.14224
-0.731682 -1.14297
-0.729686 -1.14281
-0.727689 -1.14176
-0.725693 -1.13984
-0.723696 -1.13703
-0.7217 -1.13333
-0.719704 -1.12875
-0.717707 -1.12329
-0.715711 -1.11695
-0.713714 -1.10972
-0.711718 -1.10161
-0.709722 -1.09261
-0.707725 -1.08273
-0.705729 -1.07197
-0.703732 -1.06033
-0.701736 -1.0478
-0.69974 -1.03438
-0.697743 -1.02009
-0.695747 -1.00491
-0.69375 -0.988845
-0.691754 -0.971898
-0.689758 -0.954068
-0.687761 -0.935354
-0.685765 -0.915757
-0.683768 -0.895276
-0.681772 -0.873911
-0.679776 -0.851696
-0.677779 -0.829718
-0.675783 -0.808506
-0.673786 -0.788062
-0.67179 -0.768384
-0.669794 -0.749473
-0.667797 -0.731329
-0.665801 -0.713952
-0.663804 -0.697341
-0.661808 -0.681498
-0.659812 -0.666421
-0.657815 -0.65211
-0.655819 -0.638567
-0.653822 -0.62579
-0.651826 -0.613781
-0.649829 -0.602538
-0.647833 -0.592061
-0.645837 -0.582352
-0.64384 -0.573409
-0.641844 -0.565233
-0.639847 -0.557824
-0.637851 -0.551182
-0.635855 -0.545306
-0.633858 -0.540198
-0.631862 -0.535856
-0.629865 -0.53228
-0.627869 -0.529472
-0.625873 -0.527431
-0.623876 -0.526156
-0.62188 -0.525648
-0.619883 -0.525906
-0.617887 -0.526932
-0.615891 -0.528724
-0.613894 -0.531284
-0.611898 -0.534609
-0.609901 -0.538702
-0.607905 -0.543562
-0.605909 -0.549188
-0.603912 -0.555581
-0.601916 -0.562741
-0.599919 -0.570668
-0.597923 -0.579361
-0.595927 -0.588821
-0.59393 -0.599048
-0.591934 -0.610042
-0.589937 -0.621803
-0.587941 -0.63433
-0.585945 -0.647624
-0.583948 -0.661685
-0.581952 -0.676513
-0.579955 -0.692107
-0.577959 -0.708469
-0.575963 -0.725597
-0.573966 -0.743492
-0.57197 -0.762153
-0.569973 -0.781582
-0.567977 -0.801777
-0.565981 -0.822739
-0.563984 -0.844468
-0.561988 -0.866637
-0.559991 -0.888187
-0.557995 -0.909038
-0.555999 -0.929189
-0.554002 -0.94864
-0.552006 -0.967391
-0.550009 -0.985443
-0.548013 -1.0028
-0.546016 -1.01945
-0.54402 -1.0354
-0.542024 -1.05065
-0.540027 -1.06521
-0.538031 -1.07906
-0.536034 -1.09221
-0.534038 -1.10467
-0.532042 -1.11642
-0.530045 -1.12747
-0.528049 -1.13783
-0.526052 -1.14748
-0.524056 -1.15644
-0.52206 -1.16469
-0.520063 -1.17225
-0.518067 -1.17911
-0.51607 -1.18526
-0.514074 -1.19072
-0.512078 -1.19547
-0.510081 -1.19953
-0.508085 -1.20289
-0.506088 -1.20555
-0.504092 -1.2075
-0.502096 -1.20876
-0.500099 -1.20932
-0.498103 -1.20918
-0.496106 -1.20834
-0.49411 -1.20679
-0.492114 -1.20455
-0.490117 -1.20161
-0.488121 -1.19797
-0.486124 -1.19363
-0.484128 -1.18859
-0.482132 -1.18285
-0.480135 -1.17641
-0.478139 -1.16927
-0.476142 -1.16144
-0.474146 -1.1529
-0.47215 -1.14366
-0.470153 -1.13372
-0.468157 -1.12308
-0.46616 -1.11175
-0.464164 -1.09971
-0.462168 -1.08697
-0.460171 -1.07353
-0.458175 -1.0594
-0.456178 -1.04456
-0.454182 -1.02903
-0.452186 -1.01279
-0.450189 -0.995855
-0.448193 -0.978219
-0.446196 -0.959884
-0.4442 -0.94085
-0.442203 -0.921115
-0.440207 -0.900681
-0.438211 -0.879547
-0.436214 -0.857713
-0.434218 -0.83518
-0.432221 -0.812411
-0.430225 -0.790264
-0.428229 -0.768757
-0.426232 -0.74789
-0.424236 -0.727664
-0.422239 -0.708077
-0.420243 -0.689131
-0.418247 -0.670825
-0.41625 -0.653159
-0.414254 -0.636134
-0.412257 -0.619749
-0.410261 -0.604004
-0.408265 -0.588899
-0.406268 -0.574434
-0.404272 -0.56061
-0.402275 -0.547426
-0.400279 -0.534882
-0.398283 -0.522978
-0.396286 -0.511715
-0.39429 -0.501092
-0.392293 -0.491109
-0.390297 -0.481766
-0.388301 -0.473063
-0.386304 -0.465001
-0.384308 -0.457579
-0.382311 -0.450797
-0.380315 -0.444655
-0.378319 -0.439154
-0.376322 -0.434293
-0.374326 -0.430072
-0.372329 -0.426491
-0.370333 -0.42355
-0.368337 -0.42125
-0.36634 -0.41959
-0.364344 -0.41857
-0.362347 -0.41819
-0.360351 -0.418451
-0.358355 -0.419351
-0.356358 -0.420892
-0.354362 -0.423074
-0.352365 -0.425895
-0.350369 -0.429357
-0.348372 -0.433459
-0.346376 -0.438201
-0.34438 -0.443583
-0.342383 -0.449606
-0.340387 -0.456268
-0.33839 -0.463571
-0.336394 -0.471515
-0.334398 -0.480098
-0.332401 -0.489322
-0.330405 -0.499186
-0.328408 -0.50969
-0.326412 -0.520834
-0.324416 -0.532619
-0.322419 -0.545043
-0.320423 -0.558108
-0.318426 -0.571814
-0.31643 -0.586159
-0.314434 -0.601145
-0.312437 -0.616771
-0.310441 -0.633037
-0.308444 -0.649943
-0.306448 -0.66749
-0.304452 -0.685677
-0.302455 -0.704504
-0.300459 -0.723971
-0.298462 -0.744078
-0.296466 -0.764826
-0.29447 -0.786201
-0.292473 -0.807416
-0.290477 -0.828007
-0.28848 -0.847973
-0.286484 -0.867316
-0.284488 -0.886034
-0.282491 -0.904128
-0.280495 -0.921597
-0.278498 -0.938443
-0.276502 -0.954664
-0.274506 -0.970261
-0.272509 -0.985234
-0.270513 -0.999583
-0.268516 -1.01331
-0.26652 -1.02641
-0.264524 -1.03888
-0.262527 -1.05074
-0.260531 -1.06196
-0.258534 -1.07257
-0.256538 -1.08255
-0.254542 -1.0919
-0.252545 -1.10063
-0.250549 -1.10874
-0.248552 -1.11622
-0.246556 -1.12308
-0.244559 -1.12931
-0.242563 -1.13492
-0.240567 -1.13991
-0.23857 -1.14427
-0.236574 -1.148
-0.234577 -1.15112
-0.232581 -1.15361
-0.230585 -1.15547
-0.228588 -1.15671
-0.226592 -1.15733
-0.224595 -1.15732
-0.222599 -1.15668
-0.220603 -1.15543
-0.218606 -1.15355
-0.21661 -1.15104
-0.214613 -1.14791
-0.212617 -1.14416
-0.210621 -1.13978
-0.208624 -1.13478
-0.206628 -1.12915
-0.204631 -1.1229
-0.202635 -1.11603
-0.200639 -1.10853
-0.198642 -1.10041
-0.196646 -1.09166
-0.194649 -1.08229
-0.192653 -1.07229
-0.190657 -1.06167
-0.18866 -1.05043
-0.186664 -1.03856
-0.184667 -1.02606
-0.182671 -1.01295
-0.180675 -0.999207
-0.178678 -0.984841
-0.176682 -0.969852
-0.174685 -0.954238
-0.172689 -0.938
-0.170693 -0.921138
-0.168696 -0.903651
-0.1667 -0.885541
-0.164703 -0.866806
-0.162707 -0.847447
-0.160711 -0.827463
-0.158714 -0.806856
-0.156718 -0.785624
-0.154721 -0.763768
-0.152725 -0.741288
-0.150729 -0.718183
-0.148732 -0.69447
-0.146736 -0.670916
-0.144739 -0.647959
-0.142743 -0.625597
-0.140746 -0.603831
-0.13875 -0.58266
-0.136754 -0.562086
-0.134757 -0.542107
-0.132761 -0.522724
-0.130764 -0.503936
-0.128768 -0.485745
-0.126772 -0.468149
-0.124775 -0.451148
-0.122779 -0.434744
-0.120782 -0.418935
-0.118786 -0.403722
-0.11679 -0.389105
-0.114793 -0.375083
-0.112797 -0.361657
-0.1108 -0.348827
-0.108804 -0.336593
-0.106808 -0.324954
-0.104811 -0.313911
-0.102815 -0.303464
-0.100818 -0.293613
-0.098822 -0.284357
-0.0968256 -0.275697
-0.0948292 -0.267633
-0.0928328 -0.260165
-0.0908364 -0.253292
-0.08884 -0.247015
-0.0868436 -0.241334
-0.0848472 -0.236248
-0.0828508 -0.231758
-0.0808544 -0.227864
-0.078858 -0.224566
-0.0768616 -0.221863
-0.0748651 -0.219757
-0.0728687 -0.218245
-0.0708723 -0.21733
-0.0688759 -0.21701
-0.0668795 -0.217287
-0.0648831 -0.218158
-0.0628867 -0.219626
-0.0608903 -0.221689
-0.0588939 -0.224348
-0.0568975 -0.227603
-0.0549011 -0.231454
-0.0529047 -0.2359
-0.0509083 -0.240942
-0.0489119 -0.24658
-0.0469155 -0.252813
-0.0449191 -0.259642
-0.0429227 -0.267067
-0.0409263 -0.275088
-0.0389299 -0.283704
-0.0369335 -0.292916
-0.0349371 -0.302724
-0.0329407 -0.313128
-0.0309443 -0.324127
-0.0289479 -0.335722
-0.0269515 -0.347913
-0.024955 -0.360699
-0.0229586 -0.374082
-0.0209622 -0.38806
-0.0189658 -0.402633
-0.0169694 -0.417803
-0.014973 -0.433568
-0.0129766 -0.449929
-0.0109802 -0.466886
-0.00898382 -0.484438
-0.00698741 -0.502586
-0.00499101 -0.52133
-0.00299461 -0.54067
-0.000998202 -0.560605
0.000998202 -0.580985
0.00299461 -0.600905
0.00499101 -0.620213
0.00698741 -0.638909
0.00898382 -0.656993
0.0109802 -0.674466
0.0129766 -0.691327
0.014973 -0.707576
0.0169694 -0.723214
0.0189658 -0.73824
0.0209622 -0.752654
0.0229586 -0.766457
0.024955 -0.779648
0.0269515 -0.792227
0.0289479 -0.804195
0.0309443 -0.815551
0.0329407 -0.826295
0.0349371 -0.836427
0.0369335 -0.845948
0.0389299 -0.854857
0.0409263 -0.863155
0.0429227 -0.870841
0.0449191 -0.877915
0.0469155 -0.884378
0.0489119 -0.890228
0.0509083 -0.895468
0.0529047 -0.900095
0.0549011 -0.904111
0.0568975 -0.907515
0.0588939 -0.910307
0.0608903 -0.912488
0.0628867 -0.914057
0.0648831 -0.915015
0.0668795 -0.91536
0.0688759 -0.915094
0.0708723 -0.914217
0.0728687 -0.912727
0.0748651 -0.910626
0.0768616 -0.907914
0.078858 -0.904589
0.0808544 -0.900653
0.0828508 -0.896106
0.0848472 -0.890946
0.0868436 -0.885175
0.08884 -0.878793
0.0908364 -0.871798
0.0928328 -0.864192
0.0948292 -0.855974
0.0968256 -0.847145
0.098822 -0.837704
0.100818 -0.827651
0.102815 -0.816987
0.104811 -0.80571
0.106808 -0.793823
0.108804 -0.781323
0.1108 -0.768212
0.112797 -0.754489
0.114793 -0.740154
0.11679 -0.725208
0.118786 -0.70965
0.120782 -0.693481
0.122779 -0.6767
0.124775 -0.659307
0.126772 -0.641302
0.128768 -0.622686
0.130764 -0.603458
0.132761 -0.583618
0.134757 -0.563167
0.136754 -0.542104
0.13875 -0.520429
0.140746 -0.498143
0.142743 -0.475245
0.144739 -0.451735
0.146736 -0.427614
0.148732 -0.402881
0.150729 -0.377971
0.152725 -0.353655
0.154721 -0.329947
0.156718 -0.306848
0.158714 -0.284357
0.160711 -0.262474
0.162707 -0.241199
0.164703 -0.220533
0.1667 -0.200474
0.168696 -0.181025
0.170693 -0.162183
0.172689 -0.14395
0.174685 -0.126325
0.176682 -0.109308
0.178678 -0.0928996
0.180675 -0.0770995
0.182671 -0.0619076
0.184667 -0.0473239
0.186664 -0.0333486
0.18866 -0.0199815
0.190657 -0.00722267
0.192653 0.00492786
0.194649 0.0164701
0.196646 0.0274041
0.198642 0.0377298
0.200639 0.0474472
0.202635 0.0565564
0.204631 0.0650573
0.206628 0.0729499
0.208624 0.0802342
0.210621 0.0869103
0.212617 0.0929781
0.214613 0.0984376
0.21661 0.103289
0.218606 0.107532
0.220603 0.111166
0.222599 0.114193
0.224595 0.116611
0.226592 0.118421
0.228588 0.119622
0.230585 0.120216
0.232581 0.120201
0.234577 0.119578
0.236574 0.118346
0.23857 0.116506
0.240567 0.114058
0.242563 0.111002
0.244559 0.107337
0.246556 0.103064
0.248552 0.0981833
0.250549 0.0926939
0.252545 0.0865961
0.254542 0.0798902
0.256538 0.0725759
0.258534 0.0646534
0.260531 0.0561226
0.262527 0.0469835
0.264524 0.0372361
0.26652 0.0268805
0.268516 0.0159166
0.270513 0.00434443
0.272509 -0.00783602
0.274506 -0.0206247
0.276502 -0.0340218
0.278498 -0.048027
0.280495 -0.0626406
0.282491 -0.0778624
0.284488 -0.0936925
0.286484 -0.110131
0.28848 -0.127178
0.290477 -0.144832
0.292473 -0.163096
0.29447 -0.181967
0.296466 -0.200983
0.298462 -0.219355
0.300459 -0.237071
0.302455 -0.254131
0.304452 -0.270535
0.306448 -0.286282
0.308444 -0.301374
0.310441 -0.315809
0.312437 -0.329588
0.314434 -0.342711
0.31643 -0.355178
0.318426 -0.366988
0.320423 -0.378143
0.322419 -0.388641
0.324416 -0.398483
0.326412 -0.407669
0.328408 -0.416199
0.330405 -0.424072
0.332401 -0.43129
0.334398 -0.437851
0.336394 -0.443756
0.33839 -0.449005
0.340387 -0.453598
0.342383 -0.457534
0.34438 -0.460815
0.346376 -0.463439
0.348372 -0.465407
0.350369 -0.466719
0.352365 -0.467375
0.354362 -0.467375
0.356358 -0.466718
0.358355 -0.465405
0.360351 -0.463436
0.362347 -0.460811
0.364344 -0.45753
0.36634 -0.453593
0.368337 -0.448999
0.370333 -0.44375
0.372329 -0.437844
0.374326 -0.431282
0.376322 -0.424063
0.378319 -0.416189
0.380315 -0.407659
0.382311 -0.398472
0.384308 -0.388629
0.386304 -0.37813
0.388301 -0.366975
0.390297 -0.355163
0.392293 -0.342696
0.39429 -0.329572
0.396286 -0.315792
0.398283 -0.301356
0.400279 -0.286264
0.402275 -0.270516
0.404272 -0.254111
0.406268 -0.237051
0.408265 -0.219334
0.410261 -0.200961
0.412257 -0.181932
0.414254 -0.162246
0.41625 -0.141905
0.418247 -0.120907
0.420243 -0.0992532
0.422239 -0.0769432
0.424236 -0.053977
0.426232 -0.0303547
0.428229 -0.00607619
0.430225 0.0188585
0.432221 0.0444493
0.434218 0.0706775
0.436214 0.0966864
0.438211 0.122012
0.440207 0.146653
0.442203 0.17061
0.4442 0.193884
0.446196 0.216474
0.448193 0.23838
0.450189 0.259602
0.452186 0.280141
0.454182 0.299996
0.456178 0.319166
0.458175 0.337654
0.460171 0.355457
0.462168 0.372576
0.464164 0.389012
0.46616 0.404764
0.468157 0.419832
0.470153 0.434216
0.47215 0.447917
0.474146 0.460933
0.476142 0.473266
0.478139 0.484915
0.480135 0.495881
0.482132 0.506162
0.484128 0.51576
0.486124 0.524674
0.488121 0.532904
0.490117 0.54045
0.492114 0.547313
0.49411 0.553491
0.496106 0.558986
0.498103 0.563797
0.500099 0.567924
0.502096 0.571368
0.504092 0.574128
0.506088 0.576204
0.508085 0.577596
0.510081 0.578304
0.512078 0.578328
0.514074 0.577669
0.51607 0.576326
0.518067 0.574299
0.520063 0.571588
0.52206 0.568194
0.524056 0.564115
0.526052 0.559353
0.528049 0.553907
0.530045 0.547777
0.532042 0.540964
0.534038 0.533467
0.536034 0.525285
0.538031 0.51642
0.540027 0.506872
0.542024 0.496639
0.54402 0.485723
0.546016 0.474123
0.548013 0.461839
0.550009 0.448871
0.552006 0.435219
0.554002 0.420884
0.555999 0.405865
0.557995 0.390162
0.559991 0.373775
0.561988 0.356705
0.563984 0.339031
0.565981 0.321814
0.567977 0.30538
0.569973 0.289728
0.57197 0.274859
0.573966 0.260773
0.575963 0.24747
0.577959 0.234949
0.579955 0.223211
0.581952 0.212256
0.583948 0.202083
0.585945 0.192693
0.587941 0.184086
0.589937 0.176262
0.591934 0.169221
0.59393 0.162962
0.595927 0.157486
0.597923 0.152792
0.599919 0.148881
0.601916 0.145753
0.603912 0.143408
0.605909 0.141846
0.607905 0.141066
0.609901 0.141069
0.611898 0.141855
0.613894 0.143423
0.615891 0.145774
0.617887 0.148908
0.619883 0.152825
0.62188 0.157524
0.623876 0.163006
0.625873 0.169271
0.627869 0.176319
0.629865 0.184149
0.631862 0.192762
0.633858 0.202158
0.635855 0.212336
0.637851 0.223297
0.639847 0.235041
0.641844 0.247568
0.64384 0.260877
0.645837 0.274969
0.647833 0.289844
0.649829 0.305502
0.651826 0.321942
0.653822 0.339165
0.655819 0.357171
0.657815 0.375959
0.659812 0.39553
0.661808 0.415884
0.663804 0.437021
0.665801 0.45894
0.667797 0.481643
0.669794 0.505127
0.67179 0.529395
0.673786 0.554445
0.675783 0.580278
0.677779 0.606894
0.679776 0.634293
0.681772 0.661944
0.683768 0.688761
0.685765 0.714711
0.687761 0.739792
0.689758 0.764006
0.691754 0.787353
0.69375 0.809832
0.695747 0.831443
0.697743 0.852187
0.69974 0.872063
0.701736 0.891072
0.703732 0.909213
0.705729 0.926486
0.707725 0.942892
0.709722 0.95843
0.711718 0.973101
0.713714 0.986904
0.715711 0.99984
0.717707 1.01191
0.719704 1.02311
0.7217 1.03344
0.723696 1.04291
0.725693 1.0515
0.727689 1.05923
0.729686 1.0661
0.731682 1.07209
0.733678 1.07722
0.735675 1.08148
0.737671 1.08487
0.739668 1.0874
0.741664 1.08905
0.74366 1.08984
0.745657 1.08976
0.747653 1.08882
0.74965 1.087
0.751646 1.08432
0.753643 1.08078
0.755639 1.07636
0.757635 1.07108
0.759632 1.06492
0.761628 1.05791
0.763625 1.05002
0.765621 1.04127
0.767617 1.03164
0.769614 1.02116
0.77161 1.0098
0.773607 0.997574
0.775603 0.984483
0.777599 0.970523
0.779596 0.955696
0.781592 0.940002
0.783589 0.924199
0.785585 0.909477
0.787581 0.895848
0.789578 0.883314
0.791574 0.871874
0.793571 0.861528
0.795567 0.852275
0.797563 0.844117
0.79956 0.837053
0.801556 0.831083
0.803553 0.826207
0.805549 0.822425
0.807545 0.819737
0.809542 0.818143
0.811538 0.817643
0.813535 0.818238
0.815531 0.819926
0.817527 0.822708
0.819524 0.826584
0.82152 0.831555
0.823517 0.837619
0.825513 0.844778
0.827509 0.85303
0.829506 0.862377
0.831502 0.872817
0.833499 0.884352
0.835495 0.89698
0.837491 0.910703
0.839488 0.92552
0.841484 0.941431
0.843481 0.958436
0.845477 0.976534
0.847473 0.995727
0.84947 1.01601
0.851466 1.0374
0.853463 1.05987
0.855459 1.08344
0.857456 1.1081
0.859452 1.13386
0.861448 1.16071
0.863445 1.18866
0.865441 1.2177
0.867438 1.24722
0.869434 1.27551
0.87143 1.30247
0.873427 1.32809
0.875423 1.35237
0.87742 1.37531
0.879416 1.39692
0.881412 1.41719
0.883409 1.43613
0.885405 1.45372
0.887402 1.46998
0.889398 1.48491
0.891394 1.49849
0.893391 1.51074
0.895387 1.52165
0.897384 1.53123
0.89938 1.53947
0.901376 1.54637
0.903373 1.55193
0.905369 1.55616
0.907366 1.55905
0.909362 1.5606
0.911358 1.56082
0.913355 1.5597
0.915351 1.55724
0.917348 1.55345
0.919344 1.54832
0.92134 1.54185
0.923337 1.53404
0.925333 1.5249
0.92733 1.51442
0.929326 1.50261
0.931322 1.48954
0.933319 1.47761
0.935315 1.46785
0.937312 1.46029
0.939308 1.4549
0.941304 1.4517
0.943301 1.45069
0.945297 1.45186
0.947294 1.45522
0.94929 1.46076
0.951286 1.46848
0.953283 1.47839
0.955279 1.49049
0.957276 1.50477
0.959272 1.52123
0.961269 1.53988
0.963265 1.56071
0.965261 1.58373
0.967258 1.60893
0.969254 1.63632
0.971251 1.66589
0.973247 1.69765
0.975243 1.73153
0.97724 1.76417
0.979236 1.79371
0.981233 1.82013
0.983229 1.84345
0.985225 1.86366
0.987222 1.88075
0.989218 1.89474
0.991215 1.90563
0.993211 1.9134
0.995207 1.91806
0.997204 1.91962
