-0.999526 -1.11174
-0.997525 -1.10047
-0.995524 -1.05102
-0.993523 -1.00285
-0.991521 -0.982565
-0.98952 -0.990154
-0.987519 -1.02329
-0.985518 -1.04991
-0.983517 -1.05979
-0.981516 -1.05291
-0.979515 -1.02928
-0.977514 -0.988909
-0.975513 -0.938478
-0.973512 -0.899702
-0.971511 -0.874246
-0.96951 -0.86211
-0.967509 -0.863292
-0.965508 -0.877794
-0.963507 -0.905616
-0.961506 -0.946454
-0.959505 -0.98527
-0.957504 -1.0137
-0.955503 -1.03174
-0.953502 -1.0394
-0.9515 -1.03666
-0.949499 -1.02354
-0.947498 -1.00003
-0.945497 -0.966139
-0.943496 -0.921856
-0.941495 -0.873814
-0.939494 -0.834384
-0.937493 -0.803847
-0.935492 -0.782204
-0.933491 -0.769454
-0.93149 -0.765597
-0.929489 -0.770634
-0.927488 -0.784564
-0.925487 -0.807387
-0.923486 -0.839104
-0.921485 -0.879714
-0.919484 -0.925057
-0.917483 -0.963506
-0.915482 -0.99437
-0.91348 -1.01765
-0.911479 -1.03335
-0.909478 -1.04146
-0.907477 -1.04198
-0.905476 -1.03492
-0.903475 -1.02028
-0.901474 -0.998055
-0.899473 -0.968243
-0.897472 -0.930847
-0.895471 -0.885866
-0.89347 -0.838437
-0.891469 -0.797602
-0.889468 -0.763528
-0.887467 -0.736217
-0.885466 -0.715667
-0.883465 -0.70188
-0.881464 -0.694856
-0.879463 -0.694593
-0.877462 -0.701092
-0.87546 -0.714354
-0.873459 -0.734378
-0.871458 -0.761164
-0.869457 -0.794713
-0.867456 -0.835023
-0.865455 -0.881576
-0.863454 -0.925363
-0.861453 -0.96311
-0.859452 -0.994818
-0.857451 -1.02049
-0.85545 -1.04012
-0.853449 -1.0537
-0.851448 -1.06126
-0.849447 -1.06277
-0.847446 -1.05824
-0.845445 -1.04767
-0.843444 -1.03106
-0.841443 -1.00842
-0.839442 -0.979731
-0.83744 -0.945006
-0.835439 -0.904241
-0.833438 -0.857476
-0.831437 -0.811363
-0.829436 -0.770776
-0.827435 -0.735714
-0.825434 -0.706177
-0.823433 -0.682166
-0.821432 -0.66368
-0.819431 -0.650719
-0.81743 -0.643284
-0.815429 -0.641374
-0.813428 -0.64499
-0.811427 -0.654131
-0.809426 -0.668797
-0.807425 -0.688988
-0.805424 -0.714705
-0.803423 -0.745948
-0.801422 -0.782716
-0.79942 -0.825009
-0.797419 -0.872354
-0.795418 -0.917227
-0.793417 -0.957021
-0.791416 -0.991735
-0.789415 -1.02137
-0.787414 -1.04593
-0.785413 -1.0654
-0.783412 -1.0798
-0.781411 -1.08912
-0.77941 -1.09335
-0.777409 -1.09251
-0.775408 -1.08659
-0.773407 -1.07559
-0.771406 -1.05951
-0.769405 -1.03835
-0.767404 -1.01211
-0.765403 -0.980795
-0.763402 -0.944397
-0.7614 -0.90292
-0.759399 -0.856364
-0.757398 -0.809661
-0.755397 -0.767691
-0.753396 -0.730453
-0.751395 -0.697948
-0.749394 -0.670176
-0.747393 -0.647137
-0.745392 -0.62883
-0.743391 -0.615256
-0.74139 -0.606415
-0.739389 -0.602307
-0.737388 -0.602931
-0.735387 -0.608288
-0.733386 -0.618377
-0.731385 -0.633199
-0.729384 -0.652754
-0.727383 -0.677042
-0.725382 -0.706062
-0.72338 -0.739815
-0.721379 -0.778301
-0.719378 -0.82152
-0.717377 -0.869144
-0.715376 -0.91479
-0.713375 -0.955997
-0.711374 -0.992763
-0.709373 -1.02509
-0.707372 -1.05298
-0.705371 -1.07642
-0.70337 -1.09543
-0.701369 -1.10999
-0.699368 -1.12012
-0.697367 -1.1258
-0.695366 -1.12705
-0.693365 -1.12385
-0.691364 -1.11622
-0.689363 -1.10414
-0.687362 -1.08763
-0.68536 -1.06667
-0.683359 -1.04128
-0.681358 -1.01144
-0.679357 -0.977162
-0.677356 -0.938446
-0.675355 -0.895289
-0.673354 -0.847818
-0.671353 -0.801572
-0.669352 -0.759521
-0.667351 -0.721665
-0.66535 -0.688004
-0.663349 -0.658539
-0.661348 -0.633268
-0.659347 -0.612192
-0.657346 -0.595311
-0.655345 -0.582626
-0.653344 -0.574135
-0.651343 -0.569839
-0.649342 -0.569739
-0.64734 -0.573833
-0.645339 -0.582122
-0.643338 -0.594607
-0.641337 -0.611286
-0.639336 -0.632161
-0.637335 -0.65723
-0.635334 -0.686495
-0.633333 -0.719955
-0.631332 -0.757609
-0.629331 -0.799459
-0.62733 -0.845504
-0.625329 -0.893141
-0.623328 -0.93695
-0.621327 -0.976762
-0.619326 -1.01258
-0.617325 -1.04439
-0.615324 -1.07221
-0.613323 -1.09604
-0.611322 -1.11586
-0.60932 -1.13169
-0.607319 -1.14352
-0.605318 -1.15135
-0.603317 -1.15519
-0.601316 -1.15503
-0.599315 -1.15087
-0.597314 -1.14271
-0.595313 -1.13056
-0.593312 -1.11441
-0.591311 -1.09426
-0.58931 -1.07012
-0.587309 -1.04198
-0.585308 -1.00984
-0.583307 -0.973699
-0.581306 -0.933564
-0.579305 -0.889433
-0.577304 -0.84152
-0.575303 -0.795139
-0.573302 -0.752577
-0.5713 -0.713835
-0.569299 -0.678912
-0.567298 -0.647808
-0.565297 -0.620523
-0.563296 -0.597058
-0.561295 -0.577412
-0.559294 -0.561586
-0.557293 -0.549579
-0.555292 -0.541391
-0.553291 -0.537023
-0.55129 -0.536473
-0.549289 -0.539744
-0.547288 -0.546833
-0.545287 -0.557742
-0.543286 -0.57247
-0.541285 -0.591018
-0.539284 -0.613384
-0.537283 -0.639571
-0.535282 -0.669576
-0.53328 -0.703401
-0.531279 -0.741045
-0.529278 -0.782508
-0.527277 -0.827791
-0.525276 -0.875641
-0.523275 -0.920475
-0.521274 -0.961624
-0.519273 -0.999088
-0.517272 -1.03287
-0.515271 -1.06296
-0.51327 -1.08937
-0.511269 -1.11209
-0.509268 -1.13113
-0.507267 -1.14648
-0.505266 -1.15814
-0.503265 -1.16613
-0.501264 -1.17042
-0.499263 -1.17103
-0.497262 -1.16796
-0.49526 -1.1612
-0.493259 -1.15075
-0.491258 -1.13662
-0.489257 -1.1188
-0.487256 -1.0973
-0.485255 -1.07212
-0.483254 -1.04324
-0.481253 -1.01069
-0.479252 -0.974444
-0.477251 -0.934516
-0.47525 -0.890903
-0.473249 -0.843604
-0.471248 -0.7957
-0.469247 -0.751329
-0.467246 -0.710514
-0.465245 -0.673253
-0.463244 -0.639547
-0.461243 -0.609397
-0.459242 -0.582801
-0.45724 -0.559761
-0.455239 -0.540275
-0.453238 -0.524345
-0.451237 -0.51197
-0.449236 -0.50315
-0.447235 -0.497884
-0.445234 -0.496174
-0.443233 -0.498019
-0.441232 -0.503419
-0.439231 -0.512374
-0.43723 -0.524884
-0.435229 -0.54095
-0.433228 -0.56057
-0.431227 -0.583745
-0.429226 -0.610475
-0.427225 -0.640761
-0.425224 -0.674601
-0.423223 -0.711997
-0.421222 -0.752947
-0.41922 -0.797453
-0.417219 -0.845032
-0.415218 -0.890537
-0.413217 -0.932575
-0.411216 -0.971145
-0.409215 -1.00625
-0.407214 -1.03789
-0.405213 -1.06605
-0.403212 -1.09076
-0.401211 -1.11199
-0.39921 -1.12976
-0.397209 -1.14406
-0.395208 -1.1549
-0.393207 -1.16226
-0.391206 -1.16616
-0.389205 -1.1666
-0.387204 -1.16356
-0.385203 -1.15706
-0.383202 -1.14709
-0.3812 -1.13366
-0.379199 -1.11675
-0.377198 -1.09638
-0.375197 -1.07255
-0.373196 -1.04524
-0.371195 -1.01447
-0.369194 -0.980235
-0.367193 -0.94253
-0.365192 -0.901359
-0.363191 -0.85672
-0.36119 -0.808616
-0.359189 -0.76064
-0.357188 -0.716036
-0.355187 -0.674806
-0.353186 -0.636948
-0.351185 -0.602464
-0.349184 -0.571352
-0.347183 -0.543614
-0.345182 -0.519248
-0.34318 -0.498256
-0.341179 -0.480636
-0.339178 -0.46639
-0.337177 -0.455516
-0.335176 -0.448015
-0.333175 -0.443888
-0.331174 -0.443133
-0.329173 -0.445752
-0.327172 -0.451743
-0.325171 -0.461107
-0.32317 -0.473844
-0.321169 -0.489955
-0.319168 -0.509438
-0.317167 -0.532294
-0.315166 -0.558523
-0.313165 -0.588125
-0.311164 -0.621101
-0.309163 -0.657449
-0.307162 -0.69717
-0.305161 -0.740264
-0.303159 -0.786731
-0.301158 -0.833247
-0.299157 -0.876442
-0.297156 -0.916317
-0.295155 -0.952871
-0.293154 -0.986105
-0.291153 -1.01602
-0.289152 -1.04261
-0.287151 -1.06588
-0.28515 -1.08583
-0.283149 -1.10246
-0.281148 -1.11577
-0.279147 -1.12576
-0.277146 -1.13243
-0.275145 -1.13578
-0.273144 -1.13581
-0.271143 -1.13252
-0.269142 -1.1259
-0.267141 -1.11597
-0.265139 -1.10271
-0.263138 -1.08614
-0.261137 -1.06624
-0.259136 -1.04303
-0.257135 -1.01649
-0.255134 -0.986633
-0.253133 -0.953455
-0.251132 -0.916956
-0.249131 -0.877137
-0.24713 -0.833997
-0.245129 -0.787537
-0.243128 -0.738263
-0.241127 -0.691033
-0.239126 -0.647058
-0.237125 -0.606338
-0.235124 -0.568875
-0.233123 -0.534667
-0.231122 -0.503715
-0.229121 -0.476019
-0.227119 -0.451579
-0.225118 -0.430394
-0.223117 -0.412465
-0.221116 -0.397792
-0.219115 -0.386374
-0.217114 -0.378213
-0.215113 -0.373307
-0.213112 -0.371656
-0.211111 -0.373262
-0.20911 -0.378123
-0.207109 -0.38624
-0.205108 -0.397613
-0.203107 -0.412242
-0.201106 -0.430126
-0.199105 -0.451266
-0.197104 -0.475662
-0.195103 -0.503313
-0.193102 -0.53422
-0.191101 -0.568384
-0.189099 -0.605802
-0.187098 -0.646477
-0.185097 -0.690407
-0.183096 -0.737247
-0.181095 -0.782327
-0.179094 -0.824173
-0.177093 -0.862787
-0.175092 -0.898168
-0.173091 -0.930316
-0.17109 -0.959231
-0.169089 -0.984913
-0.167088 -1.00736
-0.165087 -1.02658
-0.163086 -1.04256
-0.161085 -1.05531
-0.159084 -1.06483
-0.157083 -1.07112
-0.155082 -1.07417
-0.153081 -1.07399
-0.151079 -1.07058
-0.149078 -1.06393
-0.147077 -1.05405
-0.145076 -1.04094
-0.143075 -1.02459
-0.141074 -1.00502
-0.139073 -0.982207
-0.137072 -0.956163
-0.135071 -0.926887
-0.13307 -0.894378
-0.131069 -0.858637
-0.129068 -0.819662
-0.127067 -0.777455
-0.125066 -0.732014
-0.123065 -0.683341
-0.121064 -0.634107
-0.119063 -0.588041
-0.117062 -0.545168
-0.115061 -0.505488
-0.113059 -0.469002
-0.111058 -0.435709
-0.109057 -0.405609
-0.107056 -0.378703
-0.105055 -0.35499
-0.103054 -0.334471
-0.101053 -0.317144
-0.0990521 -0.303011
-0.097051 -0.292072
-0.09505 -0.284325
-0.0930489 -0.279772
-0.0910479 -0.278413
-0.0890468 -0.280246
-0.0870458 -0.285273
-0.0850447 -0.293494
-0.0830437 -0.304907
-0.0810426 -0.319514
-0.0790416 -0.337314
-0.0770405 -0.358308
-0.0750395 -0.382495
-0.0730384 -0.409875
-0.0710374 -0.440448
-0.0690363 -0.474215
-0.0670353 -0.511175
-0.0650342 -0.551329
-0.0630332 -0.594676
-0.0610321 -0.640993
-0.059031 -0.685842
-0.05703 -0.727495
-0.0550289 -0.765952
-0.0530279 -0.801212
-0.0510268 -0.833275
-0.0490258 -0.862141
-0.0470247 -0.88781
-0.0450237 -0.910283
-0.0430226 -0.929559
-0.0410216 -0.945639
-0.0390205 -0.958522
-0.0370195 -0.968208
-0.0350184 -0.974697
-0.0330174 -0.97799
-0.0310163 -0.978086
-0.0290153 -0.974985
-0.0270142 -0.968688
-0.0250132 -0.959194
-0.0230121 -0.946503
-0.0210111 -0.930616
-0.01901 -0.911531
-0.0170089 -0.88925
-0.0150079 -0.863773
-0.0130068 -0.835099
-0.0110058 -0.803228
-0.00900474 -0.76816
-0.00700368 -0.729896
-0.00500263 -0.688435
-0.00300158 -0.643777
-0.00100053 -0.595922
0.00100053 -0.545668
0.00300158 -0.497798
0.00500263 -0.453108
0.00700368 -0.411599
0.00900474 -0.373271
0.0110058 -0.338123
0.0130068 -0.306156
0.0150079 -0.277369
0.0170089 -0.251764
0.01901 -0.229339
0.0210111 -0.210094
0.0230121 -0.194031
0.0250132 -0.181148
0.0270142 -0.171445
0.0290153 -0.164924
0.0310163 -0.161583
0.0330174 -0.161422
0.0350184 -0.164443
0.0370195 -0.170644
0.0390205 -0.180026
0.0410216 -0.192588
0.0430226 -0.208331
0.0450237 -0.227255
0.0470247 -0.24936
0.0490258 -0.274645
0.0510268 -0.303111
0.0530279 -0.334757
0.0550289 -0.369584
0.05703 -0.407592
0.059031 -0.448781
0.0610321 -0.49315
0.0630332 -0.538971
0.0650342 -0.581805
0.0670353 -0.62143
0.0690363 -0.657845
0.0710374 -0.691052
0.0730384 -0.721049
0.0750395 -0.747836
0.0770405 -0.771414
0.0790416 -0.791783
0.0810426 -0.808943
0.0830437 -0.822893
0.0850447 -0.833634
0.0870458 -0.841165
0.0890468 -0.845488
0.0910479 -0.846601
0.0930489 -0.844504
0.09505 -0.839198
0.097051 -0.830683
0.0990521 -0.818959
0.101053 -0.804025
0.103054 -0.785882
0.105055 -0.764529
0.107056 -0.739967
0.109057 -0.712196
0.111058 -0.681216
0.113059 -0.647026
0.115061 -0.609627
0.117062 -0.569018
0.119063 -0.5252
0.121064 -0.478173
0.123065 -0.427962
0.125066 -0.378295
0.127067 -0.331846
0.129068 -0.288614
0.131069 -0.248598
0.13307 -0.211799
0.135071 -0.178217
0.137072 -0.147852
0.139073 -0.120703
0.141074 -0.0967719
0.143075 -0.0760571
0.145076 -0.0585593
0.147077 -0.0442782
0.149078 -0.033214
0.151079 -0.0253666
0.153081 -0.020736
0.155082 -0.0193222
0.157083 -0.0211253
0.159084 -0.0261452
0.161085 -0.034382
0.163086 -0.0458355
0.165087 -0.0605059
0.167088 -0.0783931
0.169089 -0.0994972
0.17109 -0.123818
0.173091 -0.151356
0.175092 -0.18211
0.177093 -0.216082
0.179094 -0.25327
0.181095 -0.293675
0.183096 -0.337297
0.185097 -0.382663
0.187098 -0.425104
0.189099 -0.464273
0.191101 -0.50017
0.193102 -0.532796
0.195103 -0.562149
0.197104 -0.588231
0.199105 -0.611041
0.201106 -0.63058
0.203107 -0.646846
0.205108 -0.659841
0.207109 -0.669564
0.20911 -0.676015
0.211111 -0.679195
0.213112 -0.679103
0.215113 -0.675739
0.217114 -0.669103
0.219115 -0.659195
0.221116 -0.646016
0.223117 -0.629565
0.225118 -0.609842
0.227119 -0.586848
0.229121 -0.560581
0.231122 -0.531043
0.233123 -0.498233
0.235124 -0.462151
0.237125 -0.422798
0.239126 -0.380173
0.241127 -0.334276
0.243128 -0.285107
0.245129 -0.233879
0.24713 -0.185449
0.249131 -0.140323
0.251132 -0.0985016
0.253133 -0.0599849
0.255134 -0.0247728
0.257135 0.00713482
0.259136 0.0357378
0.261137 0.0610363
0.263138 0.0830302
0.265139 0.10172
0.267141 0.117104
0.269142 0.129184
0.271143 0.13796
0.273144 0.143431
0.275145 0.145598
0.277146 0.14446
0.279147 0.140017
0.281148 0.13227
0.283149 0.121218
0.28515 0.106862
0.287151 0.0892009
0.289152 0.0682354
0.291153 0.0439654
0.293154 0.0163909
0.295155 -0.0144883
0.297156 -0.048672
0.299157 -0.0861602
0.301158 -0.126953
0.303159 -0.17105
0.305161 -0.215083
0.307162 -0.255726
0.309163 -0.292981
0.311164 -0.326846
0.313165 -0.357323
0.315166 -0.38441
0.317167 -0.408109
0.319168 -0.428419
0.321169 -0.445339
0.32317 -0.458871
0.325171 -0.469013
0.327172 -0.475767
0.329173 -0.479131
0.331174 -0.479107
0.333175 -0.475693
0.335176 -0.468891
0.337177 -0.458699
0.339178 -0.445119
0.341179 -0.42815
0.34318 -0.407791
0.345182 -0.384044
0.347183 -0.356907
0.349184 -0.326382
0.351185 -0.292467
0.353186 -0.255164
0.355187 -0.214472
0.357188 -0.17039
0.359189 -0.12292
0.36119 -0.0720604
0.363191 -0.0210576
0.365192 0.0264965
0.367193 0.0705994
0.369194 0.111251
0.371195 0.148452
0.373196 0.182202
0.375197 0.212501
0.377198 0.239349
0.379199 0.262745
0.3812 0.282691
0.383202 0.299186
0.385203 0.312229
0.387204 0.321822
0.389205 0.327963
0.391206 0.330654
0.393207 0.329893
0.395208 0.325681
0.397209 0.318019
0.39921 0.306905
0.401211 0.29234
0.403212 0.274324
0.405213 0.252857
0.407214 0.227939
0.409215 0.19957
0.411216 0.16775
0.413217 0.132479
0.415218 0.093757
0.417219 0.0515838
0.41922 0.00735197
0.421222 -0.0337901
0.423223 -0.0713611
0.425224 -0.105361
0.427225 -0.13579
0.429226 -0.162648
0.431227 -0.185934
0.433228 -0.20565
0.435229 -0.221795
0.43723 -0.234368
0.439231 -0.243371
0.441232 -0.248802
0.443233 -0.250662
0.445234 -0.248951
0.447235 -0.24367
0.449236 -0.234817
0.451237 -0.222393
0.453238 -0.206398
0.455239 -0.186831
0.45724 -0.163694
0.459242 -0.136986
0.461243 -0.106706
0.463244 -0.0728561
0.465245 -0.0354345
0.467246 0.00555804
0.469247 0.0501217
0.471248 0.0982564
0.473249 0.14994
0.47525 0.201035
0.477251 0.24846
0.479252 0.292216
0.481253 0.332303
0.483254 0.36872
0.485255 0.401468
0.487256 0.430547
0.489257 0.455957
0.491258 0.477697
0.493259 0.495768
0.49526 0.51017
0.497262 0.520902
0.499263 0.527965
0.501264 0.531359
0.503265 0.531083
0.505266 0.527138
0.507267 0.519524
0.509268 0.508241
0.511269 0.493288
0.51327 0.474666
0.515271 0.452375
0.517272 0.426414
0.519273 0.396784
0.521274 0.363485
0.523275 0.326517
0.525276 0.285879
0.527277 0.242241
0.529278 0.201187
0.531279 0.163968
0.53328 0.130584
0.535282 0.101036
0.537283 0.0753231
0.539284 0.0534455
0.541285 0.0354032
0.543286 0.0211963
0.545287 0.0108247
0.547288 0.00428848
0.549289 0.00158759
0.55129 0.00272204
0.553291 0.00769184
0.555292 0.016497
0.557293 0.0291375
0.559294 0.0456133
0.561295 0.0659245
0.563296 0.090071
0.565297 0.118053
0.567298 0.14987
0.569299 0.185523
0.5713 0.225011
0.573302 0.268334
0.575303 0.315492
0.577304 0.366486
0.579305 0.419028
0.581306 0.467805
0.583307 0.5126
0.585308 0.553413
0.587309 0.590246
0.58931 0.623097
0.591311 0.651967
0.593312 0.676856
0.595313 0.697763
0.597314 0.714689
0.599315 0.727634
0.601316 0.736598
0.603317 0.74158
0.605318 0.742581
0.607319 0.739601
0.60932 0.732639
0.611322 0.721696
0.613323 0.706772
0.615324 0.687867
0.617325 0.66498
0.619326 0.638112
0.621327 0.607263
0.623328 0.572433
0.625329 0.533621
0.62733 0.490997
0.629331 0.449981
0.631332 0.413177
0.633333 0.380584
0.635334 0.352201
0.637335 0.32803
0.639336 0.30807
0.641337 0.292321
0.643338 0.280783
0.645339 0.273456
0.64734 0.27034
0.649342 0.271435
0.651343 0.276741
0.653344 0.286258
0.655345 0.299986
0.657346 0.317925
0.659347 0.340076
0.661348 0.366437
0.663349 0.397009
0.66535 0.431793
0.667351 0.470787
0.669352 0.513993
0.671353 0.561409
0.673354 0.613037
0.675355 0.665906
0.677356 0.714476
0.679357 0.758623
0.681358 0.798345
0.683359 0.833643
0.68536 0.864516
0.687362 0.890966
0.689363 0.912992
0.691364 0.930593
0.693365 0.94377
0.695366 0.952523
0.697367 0.956852
0.699368 0.956757
0.701369 0.952237
0.70337 0.943293
0.705371 0.929926
0.707372 0.912134
0.709373 0.889918
0.711374 0.863277
0.713375 0.832213
0.715376 0.796724
0.717377 0.756811
0.719378 0.714938
0.721379 0.677485
0.72338 0.644781
0.725382 0.616826
0.727383 0.59362
0.729384 0.575163
0.731385 0.561454
0.733386 0.552494
0.735387 0.548282
0.737388 0.54882
0.739389 0.554106
0.74139 0.564141
0.743391 0.578924
0.745392 0.598456
0.747393 0.622737
0.749394 0.651767
0.751395 0.685545
0.753396 0.724072
0.755397 0.767348
0.757398 0.815373
0.759399 0.868146
0.7614 0.920789
0.763402 0.968368
0.765403 1.01088
0.767404 1.04834
0.769405 1.08073
0.771406 1.10805
0.773407 1.13031
0.775408 1.14751
0.777409 1.15965
0.77941 1.16672
0.781411 1.16873
0.783412 1.16568
0.785413 1.15756
0.787414 1.14438
0.789415 1.12613
0.791416 1.10282
0.793417 1.07445
0.795418 1.04102
0.797419 1.00252
0.79942 0.961562
0.801422 0.925676
0.803423 0.895331
0.805424 0.870527
0.807425 0.851265
0.809426 0.837544
0.811427 0.829365
0.813428 0.826727
0.815429 0.82963
0.81743 0.838075
0.819431 0.852061
0.821432 0.871588
0.823433 0.896657
0.825434 0.927268
0.827435 0.963419
0.829436 1.00511
0.831437 1.05235
0.833438 1.10512
0.835439 1.15857
0.83744 1.20603
0.839442 1.24746
0.841443 1.28288
0.843444 1.31226
0.845445 1.33563
0.847446 1.35297
0.849447 1.36429
0.851448 1.36959
0.853449 1.36886
0.85545 1.36211
0.857451 1.34934
0.859452 1.33054
0.861453 1.30572
0.863454 1.27488
0.865455 1.23801
0.867456 1.19839
0.869457 1.16503
0.871458 1.13845
0.873459 1.11865
0.87546 1.10562
0.877462 1.09938
0.879463 1.09991
0.881464 1.10722
0.883465 1.12131
0.885466 1.14217
0.887467 1.16982
0.889468 1.20424
0.891469 1.24544
0.89347 1.29342
0.895471 1.34801
0.897472 1.40017
0.899473 1.44475
0.901474 1.48177
0.903475 1.51122
0.905476 1.53311
0.907477 1.54742
0.909478 1.55417
0.911479 1.55334
0.91348 1.54495
0.915482 1.52899
0.917483 1.50546
0.919484 1.47436
0.921485 1.43639
0.923486 1.40316
0.925487 1.37885
0.927488 1.36344
0.929489 1.35694
0.93149 1.35935
0.933491 1.37067
0.935492 1.3909
0.937493 1.42004
0.939494 1.45809
0.941495 1.50505
0.943496 1.56063
0.945497 1.61248
0.947498 1.65395
0.949499 1.68505
0.9515 1.70578
0.953502 1.71613
0.955503 1.71612
0.957504 1.70573
0.959505 1.68498
0.961506 1.65385
0.963507 1.62071
0.965508 1.60061
0.967509 1.59385
0.96951 1.60042
0.971511 1.62032
0.973512 1.65356
0.975513 1.70014
0.977514 1.75838
0.979515 1.80659
0.981516 1.83807
0.983517 1.85281
0.985518 1.85082
0.987519 1.83209
0.98952 1.80686
0.991521 1.8072
0.993523 1.83543
0.995524 1.89156
0.997525 1.94899
0.999526 1.96825
