-0.998716 -1.09349
-0.996717 -1.07769
-0.994718 -1.06189
-0.992718 -1.04609
-0.990719 -1.03029
-0.988719 -1.01449
-0.98672 -1.00724
-0.98472 -1.00122
-0.982721 -0.995192
-0.980722 -0.989167
-0.978722 -0.983142
-0.976723 -0.977117
-0.974723 -0.971092
-0.972724 -0.965067
-0.970724 -0.959042
-0.968725 -0.953017
-0.966726 -0.949124
-0.964726 -0.946253
-0.962727 -0.943382
-0.960727 -0.940511
-0.958728 -0.937639
-0.956728 -0.934768
-0.954729 -0.931897
-0.95273 -0.929026
-0.95073 -0.926154
-0.948731 -0.923283
-0.946731 -0.920412
-0.944732 -0.917541
-0.942732 -0.914669
-0.940733 -0.911798
-0.938734 -0.908927
-0.936734 -0.906804
-0.934735 -0.905401
-0.932735 -0.903999
-0.930736 -0.902597
-0.928736 -0.901195
-0.926737 -0.899793
-0.924737 -0.89839
-0.922738 -0.896988
-0.920739 -0.895586
-0.918739 -0.894184
-0.91674 -0.892781
-0.91474 -0.891379
-0.912741 -0.889977
-0.910741 -0.888575
-0.908742 -0.887173
-0.906743 -0.88577
-0.904743 -0.884368
-0.902744 -0.882966
-0.900744 -0.881564
-0.898745 -0.880161
-0.896745 -0.879168
-0.894746 -0.878539
-0.892747 -0.877909
-0.890747 -0.877279
-0.888748 -0.876649
-0.886748 -0.876019
-0.884749 -0.875389
-0.882749 -0.87476
-0.88075 -0.87413
-0.878751 -0.8735
-0.876751 -0.87287
-0.874752 -0.87224
-0.872752 -0.87161
-0.870753 -0.870981
-0.868753 -0.870351
-0.866754 -0.869721
-0.864755 -0.869091
-0.862755 -0.868461
-0.860756 -0.867831
-0.858756 -0.867202
-0.856757 -0.866572
-0.854757 -0.865942
-0.852758 -0.865312
-0.850758 -0.864682
-0.848759 -0.864052
-0.84676 -0.863805
-0.84476 -0.863582
-0.842761 -0.863358
-0.840761 -0.863135
-0.838762 -0.862911
-0.836762 -0.862688
-0.834763 -0.862464
-0.832764 -0.86224
-0.830764 -0.862017
-0.828765 -0.861793
-0.826765 -0.86157
-0.824766 -0.861346
-0.822766 -0.861123
-0.820767 -0.860899
-0.818768 -0.860675
-0.816768 -0.860452
-0.814769 -0.860228
-0.812769 -0.860005
-0.81077 -0.859781
-0.80877 -0.859558
-0.806771 -0.859334
-0.804772 -0.85911
-0.802772 -0.858887
-0.800773 -0.858663
-0.798773 -0.85844
-0.796774 -0.858216
-0.794774 -0.857992
-0.792775 -0.857769
-0.790776 -0.857545
-0.788776 -0.857505
-0.786777 -0.857464
-0.784777 -0.857424
-0.782778 -0.857383
-0.780778 -0.857342
-0.778779 -0.857302
-0.776779 -0.857261
-0.77478 -0.85722
-0.772781 -0.85718
-0.770781 -0.857139
-0.768782 -0.857099
-0.766782 -0.857058
-0.764783 -0.857017
-0.762783 -0.856977
-0.760784 -0.856936
-0.758785 -0.856896
-0.756785 -0.856855
-0.754786 -0.856814
-0.752786 -0.856774
-0.750787 -0.856733
-0.748787 -0.856693
-0.746788 -0.856652
-0.744789 -0.856611
-0.742789 -0.856571
-0.74079 -0.85653
-0.73879 -0.85649
-0.736791 -0.856449
-0.734791 -0.856408
-0.732792 -0.856368
-0.730793 -0.856327
-0.728793 -0.856287
-0.726794 -0.856246
-0.724794 -0.856205
-0.722795 -0.856197
-0.720795 -0.856189
-0.718796 -0.856181
-0.716797 -0.856172
-0.714797 -0.856164
-0.712798 -0.856156
-0.710798 -0.856148
-0.708799 -0.856139
-0.706799 -0.856131
-0.7048 -0.856123
-0.7028 -0.856115
-0.700801 -0.856106
-0.698802 -0.856098
-0.696802 -0.85609
-0.694803 -0.856081
-0.692803 -0.856073
-0.690804 -0.856065
-0.688804 -0.856057
-0.686805 -0.856048
-0.684806 -0.85604
-0.682806 -0.856032
-0.680807 -0.856024
-0.678807 -0.856015
-0.676808 -0.856007
-0.674808 -0.855999
-0.672809 -0.855991
-0.67081 -0.855982
-0.66881 -0.855974
-0.666811 -0.855966
-0.664811 -0.855958
-0.662812 -0.855949
-0.660812 -0.855941
-0.658813 -0.855933
-0.656814 -0.855925
-0.654814 -0.855916
-0.652815 -0.855908
-0.650815 -0.855878
-0.648816 -0.855793
-0.646816 -0.855709
-0.644817 -0.855624
-0.642818 -0.855539
-0.640818 -0.855454
-0.638819 -0.855369
-0.636819 -0.855284
-0.63482 -0.855199
-0.63282 -0.855114
-0.630821 -0.855029
-0.628821 -0.854944
-0.626822 -0.854859
-0.624823 -0.854774
-0.622823 -0.854689
-0.620824 -0.854604
-0.618824 -0.854519
-0.616825 -0.854434
-0.614825 -0.85435
-0.612826 -0.854265
-0.610827 -0.85418
-0.608827 -0.854095
-0.606828 -0.85401
-0.604828 -0.853925
-0.602829 -0.85384
-0.600829 -0.853755
-0.59883 -0.85367
-0.596831 -0.853585
-0.594831 -0.8535
-0.592832 -0.853415
-0.590832 -0.85333
-0.588833 -0.853245
-0.586833 -0.85316
-0.584834 -0.853075
-0.582835 -0.852991
-0.580835 -0.852906
-0.578836 -0.852821
-0.576836 -0.852736
-0.574837 -0.852651
-0.572837 -0.852566
-0.570838 -0.852447
-0.568839 -0.852202
-0.566839 -0.851958
-0.56484 -0.851713
-0.56284 -0.851469
-0.560841 -0.851224
-0.558841 -0.85098
-0.556842 -0.850735
-0.554842 -0.850491
-0.552843 -0.850246
-0.550844 -0.850002
-0.548844 -0.849757
-0.546845 -0.849513
-0.544845 -0.849268
-0.542846 -0.849024
-0.540846 -0.848779
-0.538847 -0.848535
-0.536848 -0.84829
-0.534848 -0.848046
-0.532849 -0.847801
-0.530849 -0.847557
-0.52885 -0.847312
-0.52685 -0.847068
-0.524851 -0.846823
-0.522852 -0.846579
-0.520852 -0.846334
-0.518853 -0.84609
-0.516853 -0.845845
-0.514854 -0.845601
-0.512854 -0.845356
-0.510855 -0.845112
-0.508856 -0.844867
-0.506856 -0.844623
-0.504857 -0.844378
-0.502857 -0.844134
-0.500858 -0.843889
-0.498858 -0.843645
-0.496859 -0.8434
-0.49486 -0.843156
-0.49286 -0.842911
-0.490861 -0.842667
-0.488861 -0.842422
-0.486862 -0.842178
-0.484862 -0.841884
-0.482863 -0.841415
-0.480863 -0.840945
-0.478864 -0.840476
-0.476865 -0.840007
-0.474865 -0.839538
-0.472866 -0.839069
-0.470866 -0.8386
-0.468867 -0.83813
-0.466867 -0.837661
-0.464868 -0.837192
-0.462869 -0.836723
-0.460869 -0.836254
-0.45887 -0.835785
-0.45687 -0.835315
-0.454871 -0.834846
-0.452871 -0.834377
-0.450872 -0.833908
-0.448873 -0.833439
-0.446873 -0.83297
-0.444874 -0.8325
-0.442874 -0.832031
-0.440875 -0.831562
-0.438875 -0.831093
-0.436876 -0.830624
-0.434877 -0.830155
-0.432877 -0.829685
-0.430878 -0.829216
-0.428878 -0.828747
-0.426879 -0.828278
-0.424879 -0.827809
-0.42288 -0.82734
-0.420881 -0.826871
-0.418881 -0.826401
-0.416882 -0.825932
-0.414882 -0.825463
-0.412883 -0.824994
-0.410883 -0.824525
-0.408884 -0.824056
-0.406884 -0.823586
-0.404885 -0.823117
-0.402886 -0.822648
-0.400886 -0.822179
-0.398887 -0.82171
-0.396887 -0.821241
-0.394888 -0.820771
-0.392888 -0.820099
-0.390889 -0.819353
-0.38889 -0.818607
-0.38689 -0.817861
-0.384891 -0.817115
-0.382891 -0.816369
-0.380892 -0.815623
-0.378892 -0.814877
-0.376893 -0.814131
-0.374894 -0.813385
-0.372894 -0.812639
-0.370895 -0.811893
-0.368895 -0.811147
-0.366896 -0.810401
-0.364896 -0.809655
-0.362897 -0.808909
-0.360898 -0.808163
-0.358898 -0.807417
-0.356899 -0.806671
-0.354899 -0.805925
-0.3529 -0.805179
-0.3509 -0.804433
-0.348901 -0.803687
-0.346902 -0.802941
-0.344902 -0.802195
-0.342903 -0.801449
-0.340903 -0.800702
-0.338904 -0.799956
-0.336904 -0.79921
-0.334905 -0.798464
-0.332905 -0.797718
-0.330906 -0.796972
-0.328907 -0.796226
-0.326907 -0.79548
-0.324908 -0.794734
-0.322908 -0.793988
-0.320909 -0.793242
-0.318909 -0.792496
-0.31691 -0.79175
-0.314911 -0.791004
-0.312911 -0.790258
-0.310912 -0.789512
-0.308912 -0.788766
-0.306913 -0.78802
-0.304913 -0.787274
-0.302914 -0.786528
-0.300915 -0.785782
-0.298915 -0.784964
-0.296916 -0.783899
-0.294916 -0.782834
-0.292917 -0.781769
-0.290917 -0.780704
-0.288918 -0.779638
-0.286919 -0.778573
-0.284919 -0.777508
-0.28292 -0.776443
-0.28092 -0.775378
-0.278921 -0.774312
-0.276921 -0.773247
-0.274922 -0.772182
-0.272923 -0.771117
-0.270923 -0.770052
-0.268924 -0.768986
-0.266924 -0.767921
-0.264925 -0.766856
-0.262925 -0.765791
-0.260926 -0.764725
-0.258926 -0.76366
-0.256927 -0.762595
-0.254928 -0.76153
-0.252928 -0.760465
-0.250929 -0.759399
-0.248929 -0.758334
-0.24693 -0.757269
-0.24493 -0.756204
-0.242931 -0.755139
-0.240932 -0.754073
-0.238932 -0.753008
-0.236933 -0.751943
-0.234933 -0.750878
-0.232934 -0.749813
-0.230934 -0.748747
-0.228935 -0.747682
-0.226936 -0.746617
-0.224936 -0.745552
-0.222937 -0.744487
-0.220937 -0.743421
-0.218938 -0.742356
-0.216938 -0.741291
-0.214939 -0.740226
-0.21294 -0.73916
-0.21094 -0.738095
-0.208941 -0.73703
-0.206941 -0.735965
-0.204942 -0.7349
-0.202942 -0.733834
-0.200943 -0.732706
-0.198944 -0.731287
-0.196944 -0.729869
-0.194945 -0.72845
-0.192945 -0.727031
-0.190946 -0.725612
-0.188946 -0.724193
-0.186947 -0.722774
-0.184947 -0.721355
-0.182948 -0.719937
-0.180949 -0.718518
-0.178949 -0.717099
-0.17695 -0.71568
-0.17495 -0.714261
-0.172951 -0.712842
-0.170951 -0.711423
-0.168952 -0.710005
-0.166953 -0.708586
-0.164953 -0.707167
-0.162954 -0.705748
-0.160954 -0.704329
-0.158955 -0.70291
-0.156955 -0.701491
-0.154956 -0.700072
-0.152957 -0.698654
-0.150957 -0.697235
-0.148958 -0.695816
-0.146958 -0.694397
-0.144959 -0.692978
-0.142959 -0.691559
-0.14096 -0.69014
-0.138961 -0.688722
-0.136961 -0.687303
-0.134962 -0.685884
-0.132962 -0.684465
-0.130963 -0.683046
-0.128963 -0.681627
-0.126964 -0.680208
-0.124965 -0.67879
-0.122965 -0.677371
-0.120966 -0.675952
-0.118966 -0.674533
-0.116967 -0.673114
-0.114967 -0.671695
-0.112968 -0.670276
-0.110968 -0.668858
-0.108969 -0.667439
-0.10697 -0.66602
-0.10497 -0.664601
-0.102971 -0.663182
-0.100971 -0.661726
-0.0989719 -0.659925
-0.0969725 -0.658124
-0.094973 -0.656324
-0.0929736 -0.654523
-0.0909742 -0.652723
-0.0889747 -0.650922
-0.0869753 -0.649122
-0.0849759 -0.647321
-0.0829764 -0.64552
-0.080977 -0.64372
-0.0789776 -0.641919
-0.0769781 -0.640119
-0.0749787 -0.638318
-0.0729793 -0.636517
-0.0709799 -0.634717
-0.0689804 -0.632916
-0.066981 -0.631116
-0.0649816 -0.629315
-0.0629821 -0.627515
-0.0609827 -0.625714
-0.0589833 -0.623913
-0.0569838 -0.622113
-0.0549844 -0.620312
-0.052985 -0.618512
-0.0509855 -0.616711
-0.0489861 -0.614911
-0.0469867 -0.61311
-0.0449872 -0.611309
-0.0429878 -0.609509
-0.0409884 -0.607708
-0.0389889 -0.605908
-0.0369895 -0.604107
-0.0349901 -0.602306
-0.0329906 -0.600506
-0.0309912 -0.598705
-0.0289918 -0.596905
-0.0269923 -0.595104
-0.0249929 -0.593304
-0.0229935 -0.591503
-0.020994 -0.589702
-0.0189946 -0.587902
-0.0169952 -0.586101
-0.0149957 -0.584301
-0.0129963 -0.5825
-0.0109969 -0.5807
-0.00899745 -0.578899
-0.00699801 -0.577098
-0.00499858 -0.575298
-0.00299915 -0.573497
-0.000999716 -0.571697
0.000999716 -0.569694
0.00299915 -0.567489
0.00499858 -0.565283
0.00699801 -0.563078
0.00899745 -0.560873
0.0109969 -0.558668
0.0129963 -0.556463
0.0149957 -0.554258
0.0169952 -0.552053
0.0189946 -0.549848
0.020994 -0.547642
0.0229935 -0.545437
0.0249929 -0.543232
0.0269923 -0.541027
0.0289918 -0.538822
0.0309912 -0.536617
0.0329906 -0.534412
0.0349901 -0.532206
0.0369895 -0.530001
0.0389889 -0.527796
0.0409884 -0.525591
0.0429878 -0.523386
0.0449872 -0.521181
0.0469867 -0.518976
0.0489861 -0.51677
0.0509855 -0.514565
0.052985 -0.51236
0.0549844 -0.510155
0.0569838 -0.50795
0.0589833 -0.505745
0.0609827 -0.50354
0.0629821 -0.501334
0.0649816 -0.499129
0.066981 -0.496924
0.0689804 -0.494719
0.0709799 -0.492514
0.0729793 -0.490309
0.0749787 -0.488104
0.0769781 -0.485899
0.0789776 -0.483693
0.080977 -0.481488
0.0829764 -0.479283
0.0849759 -0.477078
0.0869753 -0.474873
0.0889747 -0.472668
0.0909742 -0.470463
0.0929736 -0.468257
0.094973 -0.466052
0.0969725 -0.463847
0.0989719 -0.461642
0.100971 -0.459437
0.102971 -0.45685
0.10497 -0.454222
0.10697 -0.451593
0.108969 -0.448965
0.110968 -0.446337
0.112968 -0.443708
0.114967 -0.44108
0.116967 -0.438451
0.118966 -0.435823
0.120966 -0.433195
0.122965 -0.430566
0.124965 -0.427938
0.126964 -0.42531
0.128963 -0.422681
0.130963 -0.420053
0.132962 -0.417424
0.134962 -0.414796
0.136961 -0.412168
0.138961 -0.409539
0.14096 -0.406911
0.142959 -0.404282
0.144959 -0.401654
0.146958 -0.399026
0.148958 -0.396397
0.150957 -0.393769
0.152957 -0.391141
0.154956 -0.388512
0.156955 -0.385884
0.158955 -0.383255
0.160954 -0.380627
0.162954 -0.377999
0.164953 -0.37537
0.166953 -0.372742
0.168952 -0.370113
0.170951 -0.367485
0.172951 -0.364857
0.17495 -0.362228
0.17695 -0.3596
0.178949 -0.356971
0.180949 -0.354343
0.182948 -0.351715
0.184947 -0.349086
0.186947 -0.346458
0.188946 -0.34383
0.190946 -0.341201
0.192945 -0.338573
0.194945 -0.335944
0.196944 -0.333316
0.198944 -0.330688
0.200943 -0.328059
0.202942 -0.32507
0.204942 -0.322003
0.206941 -0.318935
0.208941 -0.315868
0.21094 -0.312801
0.21294 -0.309734
0.214939 -0.306666
0.216938 -0.303599
0.218938 -0.300532
0.220937 -0.297464
0.222937 -0.294397
0.224936 -0.29133
0.226936 -0.288263
0.228935 -0.285195
0.230934 -0.282128
0.232934 -0.279061
0.234933 -0.275993
0.236933 -0.272926
0.238932 -0.269859
0.240932 -0.266792
0.242931 -0.263724
0.24493 -0.260657
0.24693 -0.25759
0.248929 -0.254522
0.250929 -0.251455
0.252928 -0.248388
0.254928 -0.245321
0.256927 -0.242253
0.258926 -0.239186
0.260926 -0.236119
0.262925 -0.233051
0.264925 -0.229984
0.266924 -0.226917
0.268924 -0.22385
0.270923 -0.220782
0.272923 -0.217715
0.274922 -0.214648
0.276921 -0.21158
0.278921 -0.208513
0.28092 -0.205446
0.28292 -0.202378
0.284919 -0.199311
0.286919 -0.196244
0.288918 -0.193177
0.290917 -0.190109
0.292917 -0.187042
0.294916 -0.183975
0.296916 -0.180907
0.298915 -0.17784
0.300915 -0.174422
0.302914 -0.170901
0.304913 -0.167381
0.306913 -0.163861
0.308912 -0.160341
0.310912 -0.156821
0.312911 -0.153301
0.314911 -0.149781
0.31691 -0.146261
0.318909 -0.142741
0.320909 -0.13922
0.322908 -0.1357
0.324908 -0.13218
0.326907 -0.12866
0.328907 -0.12514
0.330906 -0.12162
0.332905 -0.1181
0.334905 -0.11458
0.336904 -0.11106
0.338904 -0.107539
0.340903 -0.104019
0.342903 -0.100499
0.344902 -0.0969791
0.346902 -0.093459
0.348901 -0.0899389
0.3509 -0.0864187
0.3529 -0.0828986
0.354899 -0.0793785
0.356899 -0.0758584
0.358898 -0.0723383
0.360898 -0.0688182
0.362897 -0.0652981
0.364896 -0.061778
0.366896 -0.0582578
0.368895 -0.0547377
0.370895 -0.0512176
0.372894 -0.0476975
0.374894 -0.0441774
0.376893 -0.0406573
0.378892 -0.0371372
0.380892 -0.0336171
0.382891 -0.030097
0.384891 -0.0265768
0.38689 -0.0230567
0.38889 -0.0195366
0.390889 -0.0160165
0.392888 -0.0124964
0.394888 -0.00885211
0.396887 -0.00486531
0.398887 -0.000878518
0.400886 0.00310828
0.402886 0.00709507
0.404885 0.0110819
0.406884 0.0150687
0.408884 0.0190555
0.410883 0.0230422
0.412883 0.027029
0.414882 0.0310158
0.416882 0.0350026
0.418881 0.0389894
0.420881 0.0429762
0.42288 0.046963
0.424879 0.0509498
0.426879 0.0549366
0.428878 0.0589234
0.430878 0.0629102
0.432877 0.066897
0.434877 0.0708838
0.436876 0.0748706
0.438875 0.0788574
0.440875 0.0828442
0.442874 0.0868309
0.444874 0.0908177
0.446873 0.0948045
0.448873 0.0987913
0.450872 0.102778
0.452871 0.106765
0.454871 0.110752
0.45687 0.114739
0.45887 0.118725
0.460869 0.122712
0.462869 0.126699
0.464868 0.130686
0.466867 0.134672
0.468867 0.138659
0.470866 0.142646
0.472866 0.146633
0.474865 0.15062
0.476865 0.154606
0.478864 0.158593
0.480863 0.16258
0.482863 0.166567
0.484862 0.170554
0.486862 0.174917
0.488861 0.179387
0.490861 0.183856
0.49286 0.188326
0.49486 0.192795
0.496859 0.197265
0.498858 0.201735
0.500858 0.206204
0.502857 0.210674
0.504857 0.215143
0.506856 0.219613
0.508856 0.224082
0.510855 0.228552
0.512854 0.233022
0.514854 0.237491
0.516853 0.241961
0.518853 0.24643
0.520852 0.2509
0.522852 0.255369
0.524851 0.259839
0.52685 0.264309
0.52885 0.268778
0.530849 0.273248
0.532849 0.277717
0.534848 0.282187
0.536848 0.286657
0.538847 0.291126
0.540846 0.295596
0.542846 0.300065
0.544845 0.304535
0.546845 0.309004
0.548844 0.313474
0.550844 0.317944
0.552843 0.322413
0.554842 0.326883
0.556842 0.331352
0.558841 0.335822
0.560841 0.340292
0.56284 0.344761
0.56484 0.349231
0.566839 0.3537
0.568839 0.35817
0.570838 0.362639
0.572837 0.367505
0.574837 0.372479
0.576836 0.377453
0.578836 0.382427
0.580835 0.387401
0.582835 0.392376
0.584834 0.39735
0.586833 0.402324
0.588833 0.407298
0.590832 0.412272
0.592832 0.417246
0.594831 0.42222
0.596831 0.427194
0.59883 0.432168
0.600829 0.437143
0.602829 0.442117
0.604828 0.447091
0.606828 0.452065
0.608827 0.457039
0.610827 0.462013
0.612826 0.466987
0.614825 0.471961
0.616825 0.476935
0.618824 0.48191
0.620824 0.486884
0.622823 0.491858
0.624823 0.496832
0.626822 0.501806
0.628821 0.50678
0.630821 0.511754
0.63282 0.516728
0.63482 0.521703
0.636819 0.526677
0.638819 0.531651
0.640818 0.536625
0.642818 0.541599
0.644817 0.546573
0.646816 0.551547
0.648816 0.556521
0.650815 0.561495
0.652815 0.566857
0.654814 0.572368
0.656814 0.57788
0.658813 0.583391
0.660812 0.588902
0.662812 0.594414
0.664811 0.599925
0.666811 0.605437
0.66881 0.610948
0.67081 0.616459
0.672809 0.621971
0.674808 0.627482
0.676808 0.632993
0.678807 0.638505
0.680807 0.644016
0.682806 0.649527
0.684806 0.655039
0.686805 0.66055
0.688804 0.666061
0.690804 0.671573
0.692803 0.677084
0.694803 0.682596
0.696802 0.688107
0.698802 0.693618
0.700801 0.69913
0.7028 0.704641
0.7048 0.710152
0.706799 0.715664
0.708799 0.721175
0.710798 0.726686
0.712798 0.732198
0.714797 0.737709
0.716797 0.74322
0.718796 0.748732
0.720795 0.754243
0.722795 0.759755
0.724794 0.765266
0.726794 0.771367
0.728793 0.777469
0.730793 0.78357
0.732792 0.789671
0.734791 0.795772
0.736791 0.801873
0.73879 0.807974
0.74079 0.814076
0.742789 0.820177
0.744789 0.826278
0.746788 0.832379
0.748787 0.83848
0.750787 0.844581
0.752786 0.850683
0.754786 0.856784
0.756785 0.862885
0.758785 0.868986
0.760784 0.875087
0.762783 0.881188
0.764783 0.88729
0.766782 0.893391
0.768782 0.899492
0.770781 0.905593
0.772781 0.911694
0.77478 0.917795
0.776779 0.923896
0.778779 0.929998
0.780778 0.936099
0.782778 0.9422
0.784777 0.948301
0.786777 0.954402
0.788776 0.960503
0.790776 0.966605
0.792775 0.973384
0.794774 0.980163
0.796774 0.986943
0.798773 0.993722
0.800773 1.0005
0.802772 1.00728
0.804772 1.01406
0.806771 1.02084
0.80877 1.02762
0.81077 1.0344
0.812769 1.04118
0.814769 1.04796
0.816768 1.05474
0.818768 1.06152
0.820767 1.0683
0.822766 1.07507
0.824766 1.08185
0.826765 1.08863
0.828765 1.09541
0.830764 1.10219
0.832764 1.10897
0.834763 1.11575
0.836762 1.12253
0.838762 1.12931
0.840761 1.13609
0.842761 1.14287
0.84476 1.14965
0.84676 1.15643
0.848759 1.16325
0.850758 1.17087
0.852758 1.17848
0.854757 1.1861
0.856757 1.19371
0.858756 1.20132
0.860756 1.20894
0.862755 1.21655
0.864755 1.22416
0.866754 1.23178
0.868753 1.23939
0.870753 1.24701
0.872752 1.25462
0.874752 1.26223
0.876751 1.26985
0.878751 1.27746
0.88075 1.28507
0.882749 1.29269
0.884749 1.3003
0.886748 1.30791
0.888748 1.31553
0.890747 1.32314
0.892747 1.33076
0.894746 1.33837
0.896745 1.34598
0.898745 1.35413
0.900744 1.36287
0.902744 1.37161
0.904743 1.38035
0.906743 1.3891
0.908742 1.39784
0.910741 1.40658
0.912741 1.41532
0.91474 1.42407
0.91674 1.43281
0.918739 1.44155
0.920739 1.45029
0.922738 1.45904
0.924737 1.46778
0.926737 1.47652
0.928736 1.48526
0.930736 1.494
0.932735 1.50275
0.934735 1.51149
0.936734 1.52023
0.938734 1.52983
0.940733 1.54033
0.942732 1.55082
0.944732 1.56131
0.946731 1.5718
0.948731 1.5823
0.95073 1.59279
0.95273 1.60328
0.954729 1.61377
0.956728 1.62426
0.958728 1.63476
0.960727 1.64525
0.962727 1.65574
0.964726 1.66623
0.966726 1.67673
0.968725 1.68831
0.970724 1.70216
0.972724 1.716
0.974723 1.72985
0.976723 1.7437
0.978722 1.75755
0.980722 1.7714
0.982721 1.78525
0.98472 1.7991
0.98672 1.81295
0.988719 1.82804
0.990719 1.85178
0.992718 1.87553
0.994718 1.89927
0.996717 1.92302
0.998716 1.94676
