-1 -1.10931
-0.997998 -1.08535
-0.995996 -1.06509
-0.993994 -1.04792
-0.991992 -1.0333
-0.98999 -1.02081
-0.987988 -1.01008
-0.985986 -1.00078
-0.983984 -0.992655
-0.981982 -0.985497
-0.97998 -0.979125
-0.977978 -0.973391
-0.975976 -0.968177
-0.973974 -0.963386
-0.971972 -0.958941
-0.96997 -0.954781
-0.967968 -0.950857
-0.965966 -0.947131
-0.963964 -0.943575
-0.961962 -0.940166
-0.95996 -0.936889
-0.957958 -0.933732
-0.955956 -0.930686
-0.953954 -0.927745
-0.951952 -0.924906
-0.94995 -0.922165
-0.947948 -0.919521
-0.945946 -0.916973
-0.943944 -0.914519
-0.941942 -0.912159
-0.93994 -0.909891
-0.937938 -0.907715
-0.935936 -0.905629
-0.933934 -0.903631
-0.931932 -0.90172
-0.92993 -0.899892
-0.927928 -0.898146
-0.925926 -0.896479
-0.923924 -0.894887
-0.921922 -0.893368
-0.91992 -0.891917
-0.917918 -0.890532
-0.915916 -0.889209
-0.913914 -0.887945
-0.911912 -0.886736
-0.90991 -0.885578
-0.907908 -0.884469
-0.905906 -0.883405
-0.903904 -0.882384
-0.901902 -0.881401
-0.8999 -0.880455
-0.897898 -0.879544
-0.895896 -0.878664
-0.893894 -0.877813
-0.891892 -0.87699
-0.88989 -0.876193
-0.887888 -0.875421
-0.885886 -0.874671
-0.883884 -0.873942
-0.881882 -0.873234
-0.87988 -0.872546
-0.877878 -0.871876
-0.875876 -0.871225
-0.873874 -0.870591
-0.871872 -0.869975
-0.86987 -0.869375
-0.867868 -0.868792
-0.865866 -0.868225
-0.863864 -0.867675
-0.861862 -0.86714
-0.85986 -0.866622
-0.857858 -0.86612
-0.855856 -0.865634
-0.853854 -0.865164
-0.851852 -0.86471
-0.84985 -0.864272
-0.847848 -0.86385
-0.845846 -0.863444
-0.843844 -0.863054
-0.841842 -0.86268
-0.83984 -0.862321
-0.837838 -0.861978
-0.835836 -0.861649
-0.833834 -0.861337
-0.831832 -0.861038
-0.82983 -0.860755
-0.827828 -0.860485
-0.825826 -0.86023
-0.823824 -0.859988
-0.821822 -0.859759
-0.81982 -0.859543
-0.817818 -0.859339
-0.815816 -0.859147
-0.813814 -0.858966
-0.811812 -0.858797
-0.80981 -0.858637
-0.807808 -0.858488
-0.805806 -0.858348
-0.803804 -0.858216
-0.801802 -0.858093
-0.7998 -0.857978
-0.797798 -0.857871
-0.795796 -0.85777
-0.793794 -0.857676
-0.791792 -0.857588
-0.78979 -0.857505
-0.787788 -0.857428
-0.785786 -0.857355
-0.783784 -0.857287
-0.781782 -0.857223
-0.77978 -0.857162
-0.777778 -0.857105
-0.775776 -0.85705
-0.773774 -0.856999
-0.771772 -0.85695
-0.76977 -0.856903
-0.767768 -0.856858
-0.765766 -0.856815
-0.763764 -0.856774
-0.761762 -0.856735
-0.75976 -0.856697
-0.757758 -0.85666
-0.755756 -0.856624
-0.753754 -0.85659
-0.751752 -0.856557
-0.74975 -0.856524
-0.747748 -0.856493
-0.745746 -0.856463
-0.743744 -0.856434
-0.741742 -0.856405
-0.73974 -0.856378
-0.737738 -0.856351
-0.735736 -0.856326
-0.733734 -0.856302
-0.731732 -0.856278
-0.72973 -0.856256
-0.727728 -0.856235
-0.725726 -0.856214
-0.723724 -0.856195
-0.721722 -0.856177
-0.71972 -0.85616
-0.717718 -0.856145
-0.715716 -0.85613
-0.713714 -0.856116
-0.711712 -0.856104
-0.70971 -0.856092
-0.707708 -0.856082
-0.705706 -0.856073
-0.703704 -0.856065
-0.701702 -0.856057
-0.6997 -0.856051
-0.697698 -0.856045
-0.695696 -0.85604
-0.693694 -0.856036
-0.691692 -0.856033
-0.68969 -0.856029
-0.687688 -0.856027
-0.685686 -0.856024
-0.683684 -0.856022
-0.681682 -0.85602
-0.67968 -0.856018
-0.677678 -0.856015
-0.675676 -0.856013
-0.673674 -0.856009
-0.671672 -0.856006
-0.66967 -0.856001
-0.667668 -0.855996
-0.665666 -0.85599
-0.663664 -0.855982
-0.661662 -0.855973
-0.65966 -0.855963
-0.657658 -0.855951
-0.655656 -0.855938
-0.653654 -0.855922
-0.651652 -0.855905
-0.64965 -0.855885
-0.647648 -0.855863
-0.645646 -0.855839
-0.643644 -0.855812
-0.641642 -0.855783
-0.63964 -0.85575
-0.637638 -0.855715
-0.635636 -0.855677
-0.633634 -0.855636
-0.631632 -0.855591
-0.62963 -0.855544
-0.627628 -0.855492
-0.625626 -0.855438
-0.623624 -0.85538
-0.621622 -0.855318
-0.61962 -0.855253
-0.617618 -0.855184
-0.615616 -0.855111
-0.613614 -0.855035
-0.611612 -0.854954
-0.60961 -0.85487
-0.607608 -0.854782
-0.605606 -0.85469
-0.603604 -0.854594
-0.601602 -0.854494
-0.5996 -0.85439
-0.597598 -0.854283
-0.595596 -0.854171
-0.593594 -0.854055
-0.591592 -0.853935
-0.58959 -0.853812
-0.587588 -0.853684
-0.585586 -0.853553
-0.583584 -0.853417
-0.581582 -0.853278
-0.57958 -0.853135
-0.577578 -0.852988
-0.575576 -0.852837
-0.573574 -0.852682
-0.571572 -0.852524
-0.56957 -0.852361
-0.567568 -0.852195
-0.565566 -0.852025
-0.563564 -0.851851
-0.561562 -0.851674
-0.55956 -0.851493
-0.557558 -0.851308
-0.555556 -0.851119
-0.553554 -0.850927
-0.551552 -0.850731
-0.54955 -0.850531
-0.547548 -0.850328
-0.545546 -0.850121
-0.543544 -0.84991
-0.541542 -0.849695
-0.53954 -0.849476
-0.537538 -0.849254
-0.535536 -0.849028
-0.533534 -0.848798
-0.531532 -0.848564
-0.52953 -0.848327
-0.527528 -0.848085
-0.525526 -0.847839
-0.523524 -0.84759
-0.521522 -0.847336
-0.51952 -0.847078
-0.517518 -0.846817
-0.515516 -0.846551
-0.513514 -0.84628
-0.511512 -0.846006
-0.50951 -0.845727
-0.507508 -0.845443
-0.505506 -0.845155
-0.503503 -0.844863
-0.501501 -0.844566
-0.499499 -0.844265
-0.497497 -0.843958
-0.495495 -0.843647
-0.493493 -0.843331
-0.491491 -0.84301
-0.489489 -0.842685
-0.487487 -0.842354
-0.485485 -0.842018
-0.483483 -0.841677
-0.481481 -0.841331
-0.479479 -0.840979
-0.477477 -0.840622
-0.475475 -0.84026
-0.473473 -0.839892
-0.471471 -0.839519
-0.469469 -0.83914
-0.467467 -0.838756
-0.465465 -0.838366
-0.463463 -0.837971
-0.461461 -0.837569
-0.459459 -0.837162
-0.457457 -0.836749
-0.455455 -0.83633
-0.453453 -0.835906
-0.451451 -0.835475
-0.449449 -0.835038
-0.447447 -0.834596
-0.445445 -0.834147
-0.443443 -0.833693
-0.441441 -0.833232
-0.439439 -0.832766
-0.437437 -0.832293
-0.435435 -0.831814
-0.433433 -0.831329
-0.431431 -0.830838
-0.429429 -0.830341
-0.427427 -0.829838
-0.425425 -0.829329
-0.423423 -0.828813
-0.421421 -0.828292
-0.419419 -0.827764
-0.417417 -0.827231
-0.415415 -0.826691
-0.413413 -0.826145
-0.411411 -0.825593
-0.409409 -0.825035
-0.407407 -0.824471
-0.405405 -0.823901
-0.403403 -0.823325
-0.401401 -0.822743
-0.399399 -0.822155
-0.397397 -0.821561
-0.395395 -0.820961
-0.393393 -0.820354
-0.391391 -0.819743
-0.389389 -0.819125
-0.387387 -0.818501
-0.385385 -0.817871
-0.383383 -0.817236
-0.381381 -0.816594
-0.379379 -0.815947
-0.377377 -0.815293
-0.375375 -0.814634
-0.373373 -0.813969
-0.371371 -0.813299
-0.369369 -0.812622
-0.367367 -0.81194
-0.365365 -0.811251
-0.363363 -0.810557
-0.361361 -0.809857
-0.359359 -0.809151
-0.357357 -0.80844
-0.355355 -0.807722
-0.353353 -0.806999
-0.351351 -0.80627
-0.349349 -0.805534
-0.347347 -0.804793
-0.345345 -0.804046
-0.343343 -0.803293
-0.341341 -0.802535
-0.339339 -0.80177
-0.337337 -0.800999
-0.335335 -0.800222
-0.333333 -0.799439
-0.331331 -0.79865
-0.329329 -0.797855
-0.327327 -0.797054
-0.325325 -0.796246
-0.323323 -0.795433
-0.321321 -0.794613
-0.319319 -0.793787
-0.317317 -0.792955
-0.315315 -0.792116
-0.313313 -0.791271
-0.311311 -0.79042
-0.309309 -0.789562
-0.307307 -0.788697
-0.305305 -0.787827
-0.303303 -0.786949
-0.301301 -0.786065
-0.299299 -0.785175
-0.297297 -0.784277
-0.295295 -0.783373
-0.293293 -0.782463
-0.291291 -0.781545
-0.289289 -0.780621
-0.287287 -0.77969
-0.285285 -0.778752
-0.283283 -0.777807
-0.281281 -0.776856
-0.279279 -0.775897
-0.277277 -0.774931
-0.275275 -0.773959
-0.273273 -0.772979
-0.271271 -0.771992
-0.269269 -0.770998
-0.267267 -0.769997
-0.265265 -0.768989
-0.263263 -0.767973
-0.261261 -0.766951
-0.259259 -0.765921
-0.257257 -0.764884
-0.255255 -0.76384
-0.253253 -0.762789
-0.251251 -0.76173
-0.249249 -0.760664
-0.247247 -0.759591
-0.245245 -0.75851
-0.243243 -0.757422
-0.241241 -0.756327
-0.239239 -0.755225
-0.237237 -0.754115
-0.235235 -0.752998
-0.233233 -0.751874
-0.231231 -0.750742
-0.229229 -0.749603
-0.227227 -0.748457
-0.225225 -0.747304
-0.223223 -0.746143
-0.221221 -0.744975
-0.219219 -0.7438
-0.217217 -0.742618
-0.215215 -0.741428
-0.213213 -0.740231
-0.211211 -0.739027
-0.209209 -0.737815
-0.207207 -0.736597
-0.205205 -0.735371
-0.203203 -0.734138
-0.201201 -0.732898
-0.199199 -0.731651
-0.197197 -0.730397
-0.195195 -0.729135
-0.193193 -0.727867
-0.191191 -0.726591
-0.189189 -0.725308
-0.187187 -0.724018
-0.185185 -0.722721
-0.183183 -0.721418
-0.181181 -0.720106
-0.179179 -0.718788
-0.177177 -0.717463
-0.175175 -0.716131
-0.173173 -0.714792
-0.171171 -0.713446
-0.169169 -0.712093
-0.167167 -0.710733
-0.165165 -0.709365
-0.163163 -0.707991
-0.161161 -0.70661
-0.159159 -0.705221
-0.157157 -0.703826
-0.155155 -0.702424
-0.153153 -0.701014
-0.151151 -0.699598
-0.149149 -0.698174
-0.147147 -0.696744
-0.145145 -0.695306
-0.143143 -0.693862
-0.141141 -0.69241
-0.139139 -0.690951
-0.137137 -0.689485
-0.135135 -0.688011
-0.133133 -0.686531
-0.131131 -0.685043
-0.129129 -0.683548
-0.127127 -0.682046
-0.125125 -0.680537
-0.123123 -0.67902
-0.121121 -0.677496
-0.119119 -0.675965
-0.117117 -0.674427
-0.115115 -0.672881
-0.113113 -0.671327
-0.111111 -0.669766
-0.109109 -0.668198
-0.107107 -0.666622
-0.105105 -0.665039
-0.103103 -0.663448
-0.101101 -0.661849
-0.0990991 -0.660243
-0.0970971 -0.658629
-0.0950951 -0.657008
-0.0930931 -0.655379
-0.0910911 -0.653742
-0.0890891 -0.652097
-0.0870871 -0.650445
-0.0850851 -0.648785
-0.0830831 -0.647117
-0.0810811 -0.645441
-0.0790791 -0.643757
-0.0770771 -0.642066
-0.0750751 -0.640366
-0.0730731 -0.638659
-0.0710711 -0.636943
-0.0690691 -0.63522
-0.0670671 -0.633488
-0.0650651 -0.631749
-0.0630631 -0.630001
-0.0610611 -0.628245
-0.0590591 -0.626482
-0.0570571 -0.62471
-0.0550551 -0.62293
-0.0530531 -0.621142
-0.0510511 -0.619346
-0.049049 -0.617542
-0.047047 -0.615729
-0.045045 -0.613909
-0.043043 -0.61208
-0.041041 -0.610243
-0.039039 -0.608399
-0.037037 -0.606545
-0.035035 -0.604684
-0.033033 -0.602815
-0.031031 -0.600937
-0.029029 -0.599051
-0.027027 -0.597158
-0.025025 -0.595256
-0.023023 -0.593345
-0.021021 -0.591427
-0.019019 -0.589501
-0.017017 -0.587566
-0.015015 -0.585623
-0.013013 -0.583673
-0.011011 -0.581714
-0.00900901 -0.579747
-0.00700701 -0.577772
-0.005005 -0.575789
-0.003003 -0.573798
-0.001001 -0.571799
0.001001 -0.569792
0.003003 -0.567777
0.005005 -0.565754
0.00700701 -0.563722
0.00900901 -0.561683
0.011011 -0.559636
0.013013 -0.557581
0.015015 -0.555518
0.017017 -0.553447
0.019019 -0.551369
0.021021 -0.549282
0.023023 -0.547187
0.025025 -0.545085
0.027027 -0.542974
0.029029 -0.540856
0.031031 -0.53873
0.033033 -0.536596
0.035035 -0.534454
0.037037 -0.532304
0.039039 -0.530146
0.041041 -0.52798
0.043043 -0.525807
0.045045 -0.523626
0.047047 -0.521436
0.049049 -0.519239
0.0510511 -0.517034
0.0530531 -0.514821
0.0550551 -0.5126
0.0570571 -0.510372
0.0590591 -0.508135
0.0610611 -0.50589
0.0630631 -0.503638
0.0650651 -0.501377
0.0670671 -0.499109
0.0690691 -0.496832
0.0710711 -0.494547
0.0730731 -0.492255
0.0750751 -0.489954
0.0770771 -0.487645
0.0790791 -0.485328
0.0810811 -0.483003
0.0830831 -0.48067
0.0850851 -0.478329
0.0870871 -0.475979
0.0890891 -0.473622
0.0910911 -0.471256
0.0930931 -0.468881
0.0950951 -0.466499
0.0970971 -0.464108
0.0990991 -0.461708
0.101101 -0.459301
0.103103 -0.456884
0.105105 -0.45446
0.107107 -0.452027
0.109109 -0.449585
0.111111 -0.447135
0.113113 -0.444676
0.115115 -0.442209
0.117117 -0.439733
0.119119 -0.437249
0.121121 -0.434756
0.123123 -0.432254
0.125125 -0.429743
0.127127 -0.427224
0.129129 -0.424696
0.131131 -0.422159
0.133133 -0.419613
0.135135 -0.417058
0.137137 -0.414495
0.139139 -0.411923
0.141141 -0.409341
0.143143 -0.406751
0.145145 -0.404152
0.147147 -0.401544
0.149149 -0.398927
0.151151 -0.396301
0.153153 -0.393666
0.155155 -0.391023
0.157157 -0.38837
0.159159 -0.385708
0.161161 -0.383037
0.163163 -0.380357
0.165165 -0.377668
0.167167 -0.37497
0.169169 -0.372264
0.171171 -0.369548
0.173173 -0.366823
0.175175 -0.364089
0.177177 -0.361346
0.179179 -0.358594
0.181181 -0.355833
0.183183 -0.353063
0.185185 -0.350284
0.187187 -0.347496
0.189189 -0.344699
0.191191 -0.341894
0.193193 -0.339079
0.195195 -0.336255
0.197197 -0.333423
0.199199 -0.330581
0.201201 -0.327731
0.203203 -0.324871
0.205205 -0.322003
0.207207 -0.319126
0.209209 -0.31624
0.211211 -0.313346
0.213213 -0.310442
0.215215 -0.30753
0.217217 -0.304608
0.219219 -0.301679
0.221221 -0.29874
0.223223 -0.295792
0.225225 -0.292836
0.227227 -0.289871
0.229229 -0.286897
0.231231 -0.283915
0.233233 -0.280923
0.235235 -0.277923
0.237237 -0.274914
0.239239 -0.271897
0.241241 -0.268871
0.243243 -0.265836
0.245245 -0.262792
0.247247 -0.25974
0.249249 -0.256678
0.251251 -0.253608
0.253253 -0.25053
0.255255 -0.247442
0.257257 -0.244346
0.259259 -0.241241
0.261261 -0.238127
0.263263 -0.235004
0.265265 -0.231873
0.267267 -0.228732
0.269269 -0.225583
0.271271 -0.222425
0.273273 -0.219257
0.275275 -0.216081
0.277277 -0.212896
0.279279 -0.209702
0.281281 -0.206499
0.283283 -0.203286
0.285285 -0.200065
0.287287 -0.196835
0.289289 -0.193595
0.291291 -0.190346
0.293293 -0.187088
0.295295 -0.183821
0.297297 -0.180544
0.299299 -0.177258
0.301301 -0.173962
0.303303 -0.170658
0.305305 -0.167343
0.307307 -0.16402
0.309309 -0.160686
0.311311 -0.157344
0.313313 -0.153991
0.315315 -0.150629
0.317317 -0.147257
0.319319 -0.143876
0.321321 -0.140485
0.323323 -0.137084
0.325325 -0.133673
0.327327 -0.130252
0.329329 -0.126822
0.331331 -0.123382
0.333333 -0.119931
0.335335 -0.116471
0.337337 -0.113001
0.339339 -0.109521
0.341341 -0.10603
0.343343 -0.10253
0.345345 -0.0990195
0.347347 -0.0954989
0.349349 -0.0919683
0.351351 -0.0884276
0.353353 -0.0848767
0.355355 -0.0813156
0.357357 -0.0777444
0.359359 -0.074163
0.361361 -0.0705714
0.363363 -0.0669696
0.365365 -0.0633577
0.367367 -0.0597355
0.369369 -0.0561032
0.371371 -0.0524606
0.373373 -0.0488079
0.375375 -0.045145
0.377377 -0.0414718
0.379379 -0.0377886
0.381381 -0.0340951
0.383383 -0.0303915
0.385385 -0.0266778
0.387387 -0.0229539
0.389389 -0.0192198
0.391391 -0.0154757
0.393393 -0.0117214
0.395395 -0.00795711
0.397397 -0.0041827
0.399399 -0.000398231
0.401401 0.00339629
0.403403 0.00720084
0.405405 0.0110154
0.407407 0.01484
0.409409 0.0186746
0.411411 0.0225191
0.413413 0.0263737
0.415415 0.0302382
0.417417 0.0341126
0.419419 0.037997
0.421421 0.0418913
0.423423 0.0457956
0.425425 0.0497098
0.427427 0.0536339
0.429429 0.0575679
0.431431 0.0615119
0.433433 0.0654658
0.435435 0.0694296
0.437437 0.0734034
0.439439 0.0773871
0.441441 0.0813807
0.443443 0.0853844
0.445445 0.089398
0.447447 0.0934217
0.449449 0.0974554
0.451451 0.101499
0.453453 0.105553
0.455455 0.109617
0.457457 0.113691
0.459459 0.117775
0.461461 0.12187
0.463463 0.125975
0.465465 0.13009
0.467467 0.134215
0.469469 0.138351
0.471471 0.142497
0.473473 0.146654
0.475475 0.150821
0.477477 0.154999
0.479479 0.159188
0.481481 0.163387
0.483483 0.167597
0.485485 0.171818
0.487487 0.176049
0.489489 0.180292
0.491491 0.184545
0.493493 0.18881
0.495495 0.193086
0.497497 0.197373
0.499499 0.201671
0.501501 0.205981
0.503503 0.210302
0.505506 0.214634
0.507508 0.218978
0.50951 0.223334
0.511512 0.227701
0.513514 0.23208
0.515516 0.23647
0.517518 0.240873
0.51952 0.245287
0.521522 0.249713
0.523524 0.254151
0.525526 0.258601
0.527528 0.263063
0.52953 0.267537
0.531532 0.272023
0.533534 0.276521
0.535536 0.281032
0.537538 0.285555
0.53954 0.29009
0.541542 0.294637
0.543544 0.299196
0.545546 0.303768
0.547548 0.308352
0.54955 0.312948
0.551552 0.317557
0.553554 0.322177
0.555556 0.326811
0.557558 0.331456
0.55956 0.336114
0.561562 0.340784
0.563564 0.345467
0.565566 0.350161
0.567568 0.354868
0.56957 0.359587
0.571572 0.364319
0.573574 0.369063
0.575576 0.373819
0.577578 0.378587
0.57958 0.383367
0.581582 0.38816
0.583584 0.392964
0.585586 0.397781
0.587588 0.40261
0.58959 0.407451
0.591592 0.412304
0.593594 0.417169
0.595596 0.422046
0.597598 0.426936
0.5996 0.431837
0.601602 0.43675
0.603604 0.441676
0.605606 0.446614
0.607608 0.451563
0.60961 0.456525
0.611612 0.461499
0.613614 0.466485
0.615616 0.471484
0.617618 0.476494
0.61962 0.481517
0.621622 0.486552
0.623624 0.4916
0.625626 0.49666
0.627628 0.501733
0.62963 0.506818
0.631632 0.511916
0.633634 0.517026
0.635636 0.52215
0.637638 0.527286
0.63964 0.532435
0.641642 0.537598
0.643644 0.542774
0.645646 0.547963
0.647648 0.553165
0.64965 0.558382
0.651652 0.563612
0.653654 0.568856
0.655656 0.574114
0.657658 0.579386
0.65966 0.584672
0.661662 0.589973
0.663664 0.595288
0.665666 0.600618
0.667668 0.605963
0.66967 0.611323
0.671672 0.616699
0.673674 0.622089
0.675676 0.627495
0.677678 0.632917
0.67968 0.638354
0.681682 0.643807
0.683684 0.649276
0.685686 0.654761
0.687688 0.660263
0.68969 0.66578
0.691692 0.671315
0.693694 0.676865
0.695696 0.682433
0.697698 0.688017
0.6997 0.693617
0.701702 0.699235
0.703704 0.70487
0.705706 0.710521
0.707708 0.71619
0.70971 0.721875
0.711712 0.727578
0.713714 0.733298
0.715716 0.739035
0.717718 0.744789
0.71972 0.750561
0.721722 0.756349
0.723724 0.762155
0.725726 0.767977
0.727728 0.773817
0.72973 0.779674
0.731732 0.785548
0.733734 0.791439
0.735736 0.797347
0.737738 0.803273
0.73974 0.809215
0.741742 0.815174
0.743744 0.82115
0.745746 0.827144
0.747748 0.833154
0.74975 0.839181
0.751752 0.845225
0.753754 0.851287
0.755756 0.857365
0.757758 0.863461
0.75976 0.869574
0.761762 0.875704
0.763764 0.881852
0.765766 0.888017
0.767768 0.8942
0.76977 0.900401
0.771772 0.90662
0.773774 0.912858
0.775776 0.919114
0.777778 0.925388
0.77978 0.931682
0.781782 0.937995
0.783784 0.944328
0.785786 0.950681
0.787788 0.957054
0.78979 0.963448
0.791792 0.969864
0.793794 0.9763
0.795796 0.982759
0.797798 0.989241
0.7998 0.995745
0.801802 1.00227
0.803804 1.00882
0.805806 1.0154
0.807808 1.022
0.80981 1.02863
0.811812 1.03528
0.813814 1.04196
0.815816 1.04867
0.817818 1.0554
0.81982 1.06216
0.821822 1.06895
0.823824 1.07577
0.825826 1.08261
0.827828 1.08949
0.82983 1.0964
0.831832 1.10333
0.833834 1.1103
0.835836 1.1173
0.837838 1.12433
0.83984 1.13139
0.841842 1.13848
0.843844 1.14561
0.845846 1.15276
0.847848 1.15995
0.84985 1.16717
0.851852 1.17442
0.853854 1.1817
0.855856 1.18902
0.857858 1.19637
0.85986 1.20375
0.861862 1.21116
0.863864 1.2186
0.865866 1.22608
0.867868 1.23359
0.86987 1.24113
0.871872 1.2487
0.873874 1.25631
0.875876 1.26395
0.877878 1.27162
0.87988 1.27933
0.881882 1.28707
0.883884 1.29485
0.885886 1.30267
0.887888 1.31052
0.88989 1.31841
0.891892 1.32634
0.893894 1.33431
0.895896 1.34233
0.897898 1.35039
0.8999 1.3585
0.901902 1.36666
0.903904 1.37487
0.905906 1.38314
0.907908 1.39147
0.90991 1.39986
0.911912 1.40831
0.913914 1.41683
0.915916 1.42542
0.917918 1.43409
0.91992 1.44283
0.921922 1.45165
0.923924 1.46056
0.925926 1.46956
0.927928 1.47865
0.92993 1.48784
0.931932 1.49712
0.933934 1.5065
0.935936 1.51599
0.937938 1.52558
0.93994 1.53527
0.941942 1.54507
0.943944 1.55499
0.945946 1.56501
0.947948 1.57514
0.94995 1.58538
0.951952 1.59574
0.953954 1.60621
0.955956 1.6168
0.957958 1.62751
0.95996 1.63834
0.961962 1.64931
0.963964 1.66043
0.965966 1.67172
0.967968 1.68319
0.96997 1.69487
0.971972 1.70681
0.973974 1.71904
0.975976 1.73164
0.977978 1.74468
0.97998 1.75825
0.981982 1.77248
0.983984 1.78751
0.985986 1.80352
0.987988 1.82072
0.98999 1.83938
0.991992 1.85981
0.993994 1.88237
0.995996 1.90751
0.997998 1.93576
1 1.96771
