-0.998716 -1.09349
-0.996717 -1.09683
-0.994718 -1.0909
-0.992718 -1.07568
-0.990719 -1.05119
-0.988719 -1.01741
-0.98672 -0.980412
-0.98472 -0.949873
-0.982721 -0.925915
-0.980722 -0.908539
-0.978722 -0.897744
-0.976723 -0.89353
-0.974723 -0.895898
-0.972724 -0.904846
-0.970724 -0.920377
-0.968725 -0.942488
-0.966726 -0.968761
-0.964726 -0.991581
-0.962727 -1.01039
-0.960727 -1.02519
-0.958728 -1.03598
-0.956728 -1.04276
-0.954729 -1.04554
-0.95273 -1.0443
-0.95073 -1.03905
-0.948731 -1.0298
-0.946731 -1.01653
-0.944732 -0.999253
-0.942732 -0.977968
-0.940733 -0.952673
-0.938734 -0.923368
-0.936734 -0.890988
-0.934735 -0.860931
-0.932735 -0.834064
-0.930736 -0.810388
-0.928736 -0.789903
-0.926737 -0.772609
-0.924737 -0.758506
-0.922738 -0.747593
-0.920739 -0.739871
-0.918739 -0.73534
-0.91674 -0.734
-0.91474 -0.735851
-0.912741 -0.740892
-0.910741 -0.749124
-0.908742 -0.760547
-0.906743 -0.775161
-0.904743 -0.792965
-0.902744 -0.813961
-0.900744 -0.838147
-0.898745 -0.865523
-0.896745 -0.895288
-0.894746 -0.923156
-0.892747 -0.948494
-0.890747 -0.971302
-0.888748 -0.991579
-0.886748 -1.00933
-0.884749 -1.02454
-0.882749 -1.03723
-0.88075 -1.04739
-0.878751 -1.05502
-0.876751 -1.06012
-0.874752 -1.06268
-0.872752 -1.06272
-0.870753 -1.06023
-0.868753 -1.05521
-0.866754 -1.04765
-0.864755 -1.03757
-0.862755 -1.02496
-0.860756 -1.00982
-0.858756 -0.992145
-0.856757 -0.971943
-0.854757 -0.949211
-0.852758 -0.923949
-0.850758 -0.896157
-0.848759 -0.865834
-0.84676 -0.835073
-0.84476 -0.806482
-0.842761 -0.780067
-0.840761 -0.755831
-0.838762 -0.733771
-0.836762 -0.713889
-0.834763 -0.696184
-0.832764 -0.680657
-0.830764 -0.667307
-0.828765 -0.656134
-0.826765 -0.647139
-0.824766 -0.640321
-0.822766 -0.63568
-0.820767 -0.633217
-0.818768 -0.632931
-0.816768 -0.634822
-0.814769 -0.638891
-0.812769 -0.645137
-0.81077 -0.65356
-0.80877 -0.664161
-0.806771 -0.676939
-0.804772 -0.691895
-0.802772 -0.709027
-0.800773 -0.728338
-0.798773 -0.749825
-0.796774 -0.77349
-0.794774 -0.799332
-0.792775 -0.827352
-0.790776 -0.857549
-0.788776 -0.887884
-0.786777 -0.916322
-0.784777 -0.942861
-0.782778 -0.967501
-0.780778 -0.990243
-0.778779 -1.01109
-0.776779 -1.03003
-0.77478 -1.04708
-0.772781 -1.06223
-0.770781 -1.07548
-0.768782 -1.08683
-0.766782 -1.09628
-0.764783 -1.10383
-0.762783 -1.10949
-0.760784 -1.11325
-0.758785 -1.1151
-0.756785 -1.11506
-0.754786 -1.11313
-0.752786 -1.10929
-0.750787 -1.10355
-0.748787 -1.09592
-0.746788 -1.08639
-0.744789 -1.07496
-0.742789 -1.06163
-0.74079 -1.0464
-0.73879 -1.02927
-0.736791 -1.01025
-0.734791 -0.989323
-0.732792 -0.966501
-0.730793 -0.941781
-0.728793 -0.915162
-0.726794 -0.886644
-0.724794 -0.856228
-0.722795 -0.825715
-0.720795 -0.796909
-0.718796 -0.769811
-0.716797 -0.744421
-0.714797 -0.720739
-0.712798 -0.698764
-0.710798 -0.678498
-0.708799 -0.65994
-0.706799 -0.64309
-0.7048 -0.627947
-0.7028 -0.614513
-0.700801 -0.602786
-0.698802 -0.592768
-0.696802 -0.584457
-0.694803 -0.577855
-0.692803 -0.57296
-0.690804 -0.569773
-0.688804 -0.568294
-0.686805 -0.568523
-0.684806 -0.57046
-0.682806 -0.574105
-0.680807 -0.579458
-0.678807 -0.586519
-0.676808 -0.595288
-0.674808 -0.605765
-0.672809 -0.617949
-0.67081 -0.631842
-0.66881 -0.647443
-0.666811 -0.664751
-0.664811 -0.683768
-0.662812 -0.704492
-0.660812 -0.726924
-0.658813 -0.751065
-0.656814 -0.776913
-0.654814 -0.804469
-0.652815 -0.833733
-0.650815 -0.864578
-0.648816 -0.894706
-0.646816 -0.923265
-0.644817 -0.950255
-0.642818 -0.975675
-0.640818 -0.999526
-0.638819 -1.02181
-0.636819 -1.04252
-0.63482 -1.06166
-0.63282 -1.07924
-0.630821 -1.09524
-0.628821 -1.10968
-0.626822 -1.12254
-0.624823 -1.13384
-0.622823 -1.14357
-0.620824 -1.15173
-0.618824 -1.15832
-0.616825 -1.16334
-0.614825 -1.16679
-0.612826 -1.16867
-0.610827 -1.16898
-0.608827 -1.16772
-0.606828 -1.1649
-0.604828 -1.1605
-0.602829 -1.15454
-0.600829 -1.147
-0.59883 -1.1379
-0.596831 -1.12723
-0.594831 -1.11498
-0.592832 -1.10117
-0.590832 -1.08579
-0.588833 -1.06884
-0.586833 -1.05032
-0.584834 -1.03024
-0.582835 -1.00858
-0.580835 -0.985352
-0.578836 -0.960557
-0.576836 -0.934191
-0.574837 -0.906257
-0.572837 -0.876753
-0.570838 -0.84575
-0.568839 -0.815271
-0.566839 -0.786246
-0.56484 -0.758676
-0.56284 -0.732561
-0.560841 -0.707901
-0.558841 -0.684696
-0.556842 -0.662945
-0.554842 -0.64265
-0.552843 -0.623809
-0.550844 -0.606423
-0.548844 -0.590492
-0.546845 -0.576015
-0.544845 -0.562994
-0.542846 -0.551427
-0.540846 -0.541315
-0.538847 -0.532658
-0.536848 -0.525456
-0.534848 -0.519709
-0.532849 -0.515416
-0.530849 -0.512579
-0.52885 -0.511196
-0.52685 -0.511268
-0.524851 -0.512795
-0.522852 -0.515776
-0.520852 -0.520213
-0.518853 -0.526104
-0.516853 -0.53345
-0.514854 -0.542251
-0.512854 -0.552507
-0.510855 -0.564217
-0.508856 -0.577383
-0.506856 -0.592003
-0.504857 -0.608078
-0.502857 -0.625608
-0.500858 -0.644593
-0.498858 -0.665032
-0.496859 -0.686927
-0.49486 -0.710276
-0.49286 -0.73508
-0.490861 -0.761339
-0.488861 -0.789053
-0.486862 -0.818221
-0.484862 -0.848776
-0.482863 -0.87881
-0.480863 -0.907459
-0.478864 -0.934722
-0.476865 -0.960601
-0.474865 -0.985095
-0.472866 -1.0082
-0.470866 -1.02993
-0.468867 -1.05027
-0.466867 -1.06922
-0.464868 -1.08679
-0.462869 -1.10297
-0.460869 -1.11777
-0.45887 -1.13118
-0.45687 -1.14321
-0.454871 -1.15385
-0.452871 -1.16311
-0.450872 -1.17099
-0.448873 -1.17747
-0.446873 -1.18258
-0.444874 -1.18629
-0.442874 -1.18863
-0.440875 -1.18958
-0.438875 -1.18914
-0.436876 -1.18732
-0.434877 -1.18411
-0.432877 -1.17952
-0.430878 -1.17354
-0.428878 -1.16618
-0.426879 -1.15743
-0.424879 -1.1473
-0.42288 -1.13578
-0.420881 -1.12288
-0.418881 -1.10859
-0.416882 -1.09292
-0.414882 -1.07586
-0.412883 -1.05742
-0.410883 -1.03759
-0.408884 -1.01638
-0.406884 -0.993778
-0.404885 -0.969795
-0.402886 -0.944427
-0.400886 -0.917674
-0.398887 -0.889536
-0.396887 -0.860013
-0.394888 -0.829105
-0.392888 -0.797538
-0.390889 -0.767191
-0.38889 -0.738158
-0.38689 -0.710439
-0.384891 -0.684035
-0.382891 -0.658945
-0.380892 -0.63517
-0.378892 -0.612709
-0.376893 -0.591562
-0.374894 -0.57173
-0.372894 -0.553212
-0.370895 -0.536008
-0.368895 -0.520119
-0.366896 -0.505544
-0.364896 -0.492284
-0.362897 -0.480338
-0.360898 -0.469706
-0.358898 -0.460389
-0.356899 -0.452386
-0.354899 -0.445698
-0.3529 -0.440324
-0.3509 -0.436264
-0.348901 -0.433519
-0.346902 -0.432088
-0.344902 -0.431972
-0.342903 -0.43317
-0.340903 -0.435682
-0.338904 -0.439509
-0.336904 -0.44465
-0.334905 -0.451105
-0.332905 -0.458875
-0.330906 -0.467959
-0.328907 -0.478358
-0.326907 -0.490071
-0.324908 -0.503098
-0.322908 -0.51744
-0.320909 -0.533096
-0.318909 -0.550067
-0.31691 -0.568352
-0.314911 -0.587951
-0.312911 -0.608865
-0.310912 -0.631093
-0.308912 -0.654636
-0.306913 -0.679493
-0.304913 -0.705664
-0.302914 -0.73315
-0.300915 -0.76195
-0.298915 -0.791999
-0.296916 -0.821545
-0.294916 -0.849805
-0.292917 -0.876778
-0.290917 -0.902466
-0.288918 -0.926866
-0.286919 -0.949981
-0.284919 -0.97181
-0.28292 -0.992352
-0.28092 -1.01161
-0.278921 -1.02958
-0.276921 -1.04626
-0.274922 -1.06166
-0.272923 -1.07577
-0.270923 -1.08859
-0.268924 -1.10013
-0.266924 -1.11039
-0.264925 -1.11935
-0.262925 -1.12703
-0.260926 -1.13343
-0.258926 -1.13853
-0.256927 -1.14235
-0.254928 -1.14489
-0.252928 -1.14614
-0.250929 -1.1461
-0.248929 -1.14478
-0.24693 -1.14217
-0.24493 -1.13827
-0.242931 -1.13309
-0.240932 -1.12662
-0.238932 -1.11887
-0.236933 -1.10982
-0.234933 -1.0995
-0.232934 -1.08788
-0.230934 -1.07498
-0.228935 -1.0608
-0.226936 -1.04533
-0.224936 -1.02857
-0.222937 -1.01052
-0.220937 -0.991192
-0.218938 -0.970574
-0.216938 -0.948671
-0.214939 -0.925481
-0.21294 -0.901006
-0.21094 -0.875244
-0.208941 -0.848195
-0.206941 -0.819861
-0.204942 -0.79024
-0.202942 -0.759333
-0.200943 -0.72718
-0.198944 -0.695416
-0.196944 -0.664899
-0.194945 -0.635626
-0.192945 -0.6076
-0.190946 -0.580819
-0.188946 -0.555283
-0.186947 -0.530993
-0.184947 -0.507949
-0.182948 -0.48615
-0.180949 -0.465597
-0.178949 -0.44629
-0.17695 -0.428228
-0.17495 -0.411411
-0.172951 -0.39584
-0.170951 -0.381515
-0.168952 -0.368435
-0.166953 -0.356601
-0.164953 -0.346013
-0.162954 -0.33667
-0.160954 -0.328572
-0.158955 -0.32172
-0.156955 -0.316114
-0.154956 -0.311753
-0.152957 -0.308638
-0.150957 -0.306769
-0.148958 -0.306145
-0.146958 -0.306766
-0.144959 -0.308634
-0.142959 -0.311746
-0.14096 -0.316105
-0.138961 -0.321709
-0.136961 -0.328558
-0.134962 -0.336653
-0.132962 -0.345994
-0.130963 -0.35658
-0.128963 -0.368412
-0.126964 -0.381489
-0.124965 -0.395812
-0.122965 -0.41138
-0.120966 -0.428195
-0.118966 -0.446254
-0.116967 -0.465559
-0.114967 -0.48611
-0.112968 -0.507907
-0.110968 -0.530949
-0.108969 -0.555236
-0.10697 -0.580769
-0.10497 -0.607548
-0.102971 -0.635572
-0.100971 -0.66483
-0.0989719 -0.693853
-0.0969725 -0.721628
-0.094973 -0.748155
-0.0929736 -0.773435
-0.0909742 -0.797466
-0.0889747 -0.82025
-0.0869753 -0.841785
-0.0849759 -0.862073
-0.0829764 -0.881113
-0.080977 -0.898905
-0.0789776 -0.91545
-0.0769781 -0.930746
-0.0749787 -0.944794
-0.0729793 -0.957595
-0.0709799 -0.969148
-0.0689804 -0.979452
-0.066981 -0.988509
-0.0649816 -0.996318
-0.0629821 -1.00288
-0.0609827 -1.00819
-0.0589833 -1.01226
-0.0569838 -1.01508
-0.0549844 -1.01665
-0.052985 -1.01697
-0.0509855 -1.01604
-0.0489861 -1.01387
-0.0469867 -1.01044
-0.0449872 -1.00578
-0.0429878 -0.999857
-0.0409884 -0.992692
-0.0389889 -0.984279
-0.0369895 -0.974617
-0.0349901 -0.963708
-0.0329906 -0.951551
-0.0309912 -0.938146
-0.0289918 -0.923493
-0.0269923 -0.907592
-0.0249929 -0.890444
-0.0229935 -0.872047
-0.020994 -0.852403
-0.0189946 -0.831511
-0.0169952 -0.809371
-0.0149957 -0.785983
-0.0129963 -0.761347
-0.0109969 -0.735463
-0.00899745 -0.708331
-0.00699801 -0.679952
-0.00499858 -0.650324
-0.00299915 -0.619449
-0.000999716 -0.587326
0.000999716 -0.554265
0.00299915 -0.522126
0.00499858 -0.491218
0.00699801 -0.461543
0.00899745 -0.433099
0.0109969 -0.405888
0.0129963 -0.379908
0.0149957 -0.35516
0.0169952 -0.331644
0.0189946 -0.30936
0.020994 -0.288308
0.0229935 -0.268488
0.0249929 -0.2499
0.0269923 -0.232543
0.0289918 -0.216418
0.0309912 -0.201526
0.0329906 -0.187865
0.0349901 -0.175436
0.0369895 -0.164239
0.0389889 -0.154274
0.0409884 -0.145541
0.0429878 -0.138039
0.0449872 -0.13177
0.0469867 -0.126732
0.0489861 -0.122927
0.0509855 -0.120353
0.052985 -0.119011
0.0549844 -0.118901
0.0569838 -0.120023
0.0589833 -0.122376
0.0609827 -0.125962
0.0629821 -0.13078
0.0649816 -0.136829
0.066981 -0.14411
0.0689804 -0.152624
0.0709799 -0.162369
0.0729793 -0.173346
0.0749787 -0.185555
0.0769781 -0.198995
0.0789776 -0.213668
0.080977 -0.229573
0.0829764 -0.246709
0.0849759 -0.265078
0.0869753 -0.284678
0.0889747 -0.30551
0.0909742 -0.327574
0.0929736 -0.35087
0.094973 -0.375398
0.0969725 -0.401157
0.0989719 -0.428149
0.100971 -0.456372
0.102971 -0.484815
0.10497 -0.512007
0.10697 -0.537938
0.108969 -0.562608
0.110968 -0.586016
0.112968 -0.608163
0.114967 -0.629047
0.116967 -0.648671
0.118966 -0.667033
0.120966 -0.684133
0.122965 -0.699971
0.124965 -0.714548
0.126964 -0.727864
0.128963 -0.739918
0.130963 -0.75071
0.132962 -0.760241
0.134962 -0.76851
0.136961 -0.775518
0.138961 -0.781264
0.14096 -0.785749
0.142959 -0.788972
0.144959 -0.790933
0.146958 -0.791633
0.148958 -0.791071
0.150957 -0.789248
0.152957 -0.786163
0.154956 -0.781817
0.156955 -0.776209
0.158955 -0.769339
0.160954 -0.761208
0.162954 -0.751815
0.164953 -0.741161
0.166953 -0.729245
0.168952 -0.716068
0.170951 -0.701629
0.172951 -0.685928
0.17495 -0.668966
0.17695 -0.650743
0.178949 -0.631257
0.180949 -0.610511
0.182948 -0.588502
0.184947 -0.565232
0.186947 -0.540701
0.188946 -0.514908
0.190946 -0.487853
0.192945 -0.459537
0.194945 -0.429959
0.196944 -0.39912
0.198944 -0.367019
0.200943 -0.333657
0.202942 -0.299889
0.204942 -0.26735
0.206941 -0.236083
0.208941 -0.206085
0.21094 -0.177358
0.21294 -0.149901
0.214939 -0.123714
0.216938 -0.098797
0.218938 -0.0751506
0.220937 -0.0527745
0.222937 -0.0316686
0.224936 -0.0118329
0.226936 0.00673253
0.228935 0.0240277
0.230934 0.0400527
0.232934 0.0548074
0.234933 0.0682918
0.236933 0.080506
0.238932 0.09145
0.240932 0.101124
0.242931 0.109527
0.24493 0.116661
0.24693 0.122524
0.248929 0.127116
0.250929 0.130439
0.252928 0.132491
0.254928 0.133273
0.256927 0.132785
0.258926 0.131027
0.260926 0.127998
0.262925 0.123699
0.264925 0.11813
0.266924 0.11129
0.268924 0.103181
0.270923 0.0938008
0.272923 0.0831507
0.274922 0.0712304
0.276921 0.0580398
0.278921 0.0435789
0.28092 0.0278478
0.28292 0.0108465
0.284919 -0.00742509
0.286919 -0.0269669
0.288918 -0.047779
0.290917 -0.0698613
0.292917 -0.0932138
0.294916 -0.117837
0.296916 -0.14373
0.298915 -0.170893
0.300915 -0.198543
0.302914 -0.224929
0.304913 -0.249984
0.306913 -0.273709
0.308912 -0.296103
0.310912 -0.317167
0.312911 -0.336901
0.314911 -0.355304
0.31691 -0.372377
0.318909 -0.388119
0.320909 -0.402531
0.322908 -0.415613
0.324908 -0.427364
0.326907 -0.437785
0.328907 -0.446876
0.330906 -0.454636
0.332905 -0.461065
0.334905 -0.466165
0.336904 -0.469934
0.338904 -0.472372
0.340903 -0.473481
0.342903 -0.473259
0.344902 -0.471706
0.346902 -0.468823
0.348901 -0.46461
0.3509 -0.459066
0.3529 -0.452192
0.354899 -0.443988
0.356899 -0.434453
0.358898 -0.423588
0.360898 -0.411392
0.362897 -0.397866
0.364896 -0.38301
0.366896 -0.366823
0.368895 -0.349306
0.370895 -0.330459
0.372894 -0.310281
0.374894 -0.288773
0.376893 -0.265934
0.378892 -0.241765
0.380892 -0.216266
0.382891 -0.189436
0.384891 -0.161276
0.38689 -0.131785
0.38889 -0.100964
0.390889 -0.0688132
0.392888 -0.0353316
0.394888 -0.000615115
0.396887 0.0334593
0.398887 0.0661646
0.400886 0.0975008
0.402886 0.127468
0.404885 0.156066
0.406884 0.183295
0.408884 0.209155
0.410883 0.233646
0.412883 0.256768
0.414882 0.278521
0.416882 0.298905
0.418881 0.31792
0.420881 0.335565
0.42288 0.351842
0.424879 0.36675
0.426879 0.380288
0.428878 0.392458
0.430878 0.403258
0.432877 0.412689
0.434877 0.420752
0.436876 0.427445
0.438875 0.432769
0.440875 0.436724
0.442874 0.43931
0.444874 0.440527
0.446873 0.440375
0.448873 0.438854
0.450872 0.435964
0.452871 0.431705
0.454871 0.426077
0.45687 0.419079
0.45887 0.410713
0.460869 0.400978
0.462869 0.389873
0.464868 0.3774
0.466867 0.363557
0.468867 0.348345
0.470866 0.331765
0.472866 0.313815
0.474865 0.294496
0.476865 0.273808
0.478864 0.251751
0.480863 0.228325
0.482863 0.20353
0.484862 0.177366
0.486862 0.150697
0.488861 0.12543
0.490861 0.101635
0.49286 0.0793094
0.49486 0.0584551
0.496859 0.0390716
0.498858 0.021159
0.500858 0.00471713
0.502857 -0.0102539
0.504857 -0.0237541
0.506856 -0.0357835
0.508856 -0.046342
0.510855 -0.0554298
0.512854 -0.0630467
0.514854 -0.0691928
0.516853 -0.073868
0.518853 -0.0770725
0.520852 -0.0788061
0.522852 -0.079069
0.524851 -0.077861
0.52685 -0.0751821
0.52885 -0.0710325
0.530849 -0.065412
0.532849 -0.0583207
0.534848 -0.0497586
0.536848 -0.0397257
0.538847 -0.028222
0.540846 -0.0152474
0.542846 -0.000802027
0.544845 0.0151142
0.546845 0.0325012
0.548844 0.051359
0.550844 0.0716877
0.552843 0.0934872
0.554842 0.116757
0.556842 0.141499
0.558841 0.167711
0.560841 0.195393
0.56284 0.224547
0.56484 0.255171
0.566839 0.287267
0.568839 0.320833
0.570838 0.355869
0.572837 0.391446
0.574837 0.425539
0.576836 0.458079
0.578836 0.489065
0.580835 0.518499
0.582835 0.546379
0.584834 0.572706
0.586833 0.597479
0.588833 0.620699
0.590832 0.642366
0.592832 0.66248
0.594831 0.68104
0.596831 0.698048
0.59883 0.713502
0.600829 0.727402
0.602829 0.73975
0.604828 0.750544
0.606828 0.759784
0.608827 0.767472
0.610827 0.773606
0.612826 0.778187
0.614825 0.781215
0.616825 0.78269
0.618824 0.782611
0.620824 0.780979
0.622823 0.777794
0.624823 0.773055
0.626822 0.766763
0.628821 0.758918
0.630821 0.74952
0.63282 0.738568
0.63482 0.726063
0.636819 0.712005
0.638819 0.696394
0.640818 0.679229
0.642818 0.660511
0.644817 0.64024
0.646816 0.618415
0.648816 0.595037
0.650815 0.570106
0.652815 0.544475
0.654814 0.52044
0.656814 0.498128
0.658813 0.477541
0.660812 0.458678
0.662812 0.441539
0.664811 0.426123
0.666811 0.412432
0.66881 0.400464
0.67081 0.39022
0.672809 0.381701
0.674808 0.374905
0.676808 0.369833
0.678807 0.366485
0.680807 0.364861
0.682806 0.364961
0.684806 0.366785
0.686805 0.370333
0.688804 0.375605
0.690804 0.382601
0.692803 0.39132
0.694803 0.401764
0.696802 0.413931
0.698802 0.427823
0.700801 0.443438
0.7028 0.460777
0.7048 0.479841
0.706799 0.500628
0.708799 0.523139
0.710798 0.547374
0.712798 0.573333
0.714797 0.601016
0.716797 0.630423
0.718796 0.661553
0.720795 0.694408
0.722795 0.728987
0.724794 0.765289
0.726794 0.80151
0.728793 0.835848
0.730793 0.868304
0.732792 0.898877
0.734791 0.927567
0.736791 0.954375
0.73879 0.979301
0.74079 1.00234
0.742789 1.0235
0.744789 1.04278
0.746788 1.06018
0.748787 1.07569
0.750787 1.08932
0.752786 1.10107
0.754786 1.11094
0.756785 1.11892
0.758785 1.12502
0.760784 1.12924
0.762783 1.13157
0.764783 1.13203
0.766782 1.1306
0.768782 1.12728
0.770781 1.12209
0.772781 1.11501
0.77478 1.10605
0.776779 1.09521
0.778779 1.08249
0.780778 1.06788
0.782778 1.05139
0.784777 1.03302
0.786777 1.01276
0.788776 0.990627
0.790776 0.966608
0.792775 0.942743
0.794774 0.921072
0.796774 0.901594
0.798773 0.88431
0.800773 0.869219
0.802772 0.856321
0.804772 0.845616
0.806771 0.837105
0.80877 0.830788
0.81077 0.826663
0.812769 0.824732
0.814769 0.824994
0.816768 0.82745
0.818768 0.832099
0.820767 0.838941
0.822766 0.847977
0.824766 0.859206
0.826765 0.872628
0.828765 0.888243
0.830764 0.906052
0.832764 0.926055
0.834763 0.94825
0.836762 0.972639
0.838762 0.999222
0.840761 1.028
0.842761 1.05897
0.84476 1.09213
0.84676 1.12748
0.848759 1.16503
0.850758 1.20214
0.852758 1.23675
0.854757 1.26884
0.856757 1.29841
0.858756 1.32548
0.860756 1.35003
0.862755 1.37206
0.864755 1.39158
0.866754 1.40859
0.868753 1.42308
0.870753 1.43506
0.872752 1.44452
0.874752 1.45147
0.876751 1.45591
0.878751 1.45783
0.88075 1.45724
0.882749 1.45413
0.884749 1.44851
0.886748 1.44038
0.888748 1.42973
0.890747 1.41657
0.892747 1.40089
0.894746 1.3827
0.896745 1.362
0.898745 1.33942
0.900744 1.31923
0.902744 1.30226
0.904743 1.28849
0.906743 1.27793
0.908742 1.27058
0.910741 1.26643
0.912741 1.26549
0.91474 1.26776
0.91674 1.27323
0.918739 1.28191
0.920739 1.2938
0.922738 1.30889
0.924737 1.32719
0.926737 1.3487
0.928736 1.37341
0.930736 1.40133
0.932735 1.43246
0.934735 1.4668
0.936734 1.50434
0.938734 1.54422
0.940733 1.58104
0.942732 1.61386
0.944732 1.6427
0.946731 1.66754
0.948731 1.68838
0.95073 1.70523
0.95273 1.71809
0.954729 1.72696
0.956728 1.73183
0.958728 1.73271
0.960727 1.72959
0.962727 1.72248
0.964726 1.71138
0.966726 1.69629
0.968725 1.67775
0.970724 1.6634
0.972724 1.65564
0.974723 1.65448
0.976723 1.65991
0.978722 1.67195
0.980722 1.69058
0.982721 1.7158
0.98472 1.74763
0.98672 1.78605
0.988719 1.83095
0.990719 1.87264
0.992718 1.90507
0.994718 1.92823
0.996717 1.94213
0.998716 1.94676
