-1 -1.11719
-0.997998 -1.08607
-0.995996 -1.06249
-0.993994 -1.04436
-0.991992 -1.03013
-0.98999 -1.01865
-0.987988 -1.00911
-0.985986 -1.00093
-0.983984 -0.993693
-0.981982 -0.987135
-0.97998 -0.981075
-0.977978 -0.975398
-0.975976 -0.970034
-0.973974 -0.964942
-0.971972 -0.960101
-0.96997 -0.955498
-0.967968 -0.951129
-0.965966 -0.946988
-0.963964 -0.94307
-0.961962 -0.93937
-0.95996 -0.935878
-0.957958 -0.932586
-0.955956 -0.929481
-0.953954 -0.92655
-0.951952 -0.923781
-0.94995 -0.921158
-0.947948 -0.91867
-0.945946 -0.916302
-0.943944 -0.914042
-0.941942 -0.91188
-0.93994 -0.909806
-0.937938 -0.90781
-0.935936 -0.905887
-0.933934 -0.904029
-0.931932 -0.902232
-0.92993 -0.900493
-0.927928 -0.898807
-0.925926 -0.897174
-0.923924 -0.895591
-0.921922 -0.894058
-0.91992 -0.892574
-0.917918 -0.891138
-0.915916 -0.889751
-0.913914 -0.888411
-0.911912 -0.88712
-0.90991 -0.885876
-0.907908 -0.884679
-0.905906 -0.883528
-0.903904 -0.882423
-0.901902 -0.881362
-0.8999 -0.880345
-0.897898 -0.87937
-0.895896 -0.878435
-0.893894 -0.877539
-0.891892 -0.876679
-0.88989 -0.875855
-0.887888 -0.875065
-0.885886 -0.874306
-0.883884 -0.873576
-0.881882 -0.872875
-0.87988 -0.872199
-0.877878 -0.871548
-0.875876 -0.870919
-0.873874 -0.870312
-0.871872 -0.869725
-0.86987 -0.869157
-0.867868 -0.868607
-0.865866 -0.868073
-0.863864 -0.867556
-0.861862 -0.867054
-0.85986 -0.866567
-0.857858 -0.866094
-0.855856 -0.865636
-0.853854 -0.865191
-0.851852 -0.86476
-0.84985 -0.864343
-0.847848 -0.863939
-0.845846 -0.863548
-0.843844 -0.863171
-0.841842 -0.862808
-0.83984 -0.862458
-0.837838 -0.862121
-0.835836 -0.861798
-0.833834 -0.861488
-0.831832 -0.861191
-0.82983 -0.860908
-0.827828 -0.860637
-0.825826 -0.86038
-0.823824 -0.860135
-0.821822 -0.859902
-0.81982 -0.859682
-0.817818 -0.859473
-0.815816 -0.859275
-0.813814 -0.859089
-0.811812 -0.858912
-0.80981 -0.858746
-0.807808 -0.85859
-0.805806 -0.858442
-0.803804 -0.858303
-0.801802 -0.858172
-0.7998 -0.858049
-0.797798 -0.857932
-0.795796 -0.857823
-0.793794 -0.857719
-0.791792 -0.857621
-0.78979 -0.857529
-0.787788 -0.857441
-0.785786 -0.857357
-0.783784 -0.857278
-0.781782 -0.857203
-0.77978 -0.857131
-0.777778 -0.857063
-0.775776 -0.856997
-0.773774 -0.856935
-0.771772 -0.856875
-0.76977 -0.856817
-0.767768 -0.856763
-0.765766 -0.85671
-0.763764 -0.85666
-0.761762 -0.856612
-0.75976 -0.856566
-0.757758 -0.856523
-0.755756 -0.856482
-0.753754 -0.856443
-0.751752 -0.856406
-0.74975 -0.856371
-0.747748 -0.856339
-0.745746 -0.856309
-0.743744 -0.856282
-0.741742 -0.856256
-0.73974 -0.856233
-0.737738 -0.856213
-0.735736 -0.856194
-0.733734 -0.856178
-0.731732 -0.856164
-0.72973 -0.856153
-0.727728 -0.856143
-0.725726 -0.856136
-0.723724 -0.85613
-0.721722 -0.856127
-0.71972 -0.856125
-0.717718 -0.856125
-0.715716 -0.856126
-0.713714 -0.856129
-0.711712 -0.856132
-0.70971 -0.856137
-0.707708 -0.856143
-0.705706 -0.856149
-0.703704 -0.856155
-0.701702 -0.856162
-0.6997 -0.856169
-0.697698 -0.856176
-0.695696 -0.856183
-0.693694 -0.856189
-0.691692 -0.856195
-0.68969 -0.856199
-0.687688 -0.856203
-0.685686 -0.856205
-0.683684 -0.856206
-0.681682 -0.856206
-0.67968 -0.856204
-0.677678 -0.8562
-0.675676 -0.856194
-0.673674 -0.856187
-0.671672 -0.856177
-0.66967 -0.856165
-0.667668 -0.856151
-0.665666 -0.856135
-0.663664 -0.856116
-0.661662 -0.856095
-0.65966 -0.856071
-0.657658 -0.856045
-0.655656 -0.856016
-0.653654 -0.855985
-0.651652 -0.855952
-0.64965 -0.855916
-0.647648 -0.855877
-0.645646 -0.855836
-0.643644 -0.855792
-0.641642 -0.855746
-0.63964 -0.855698
-0.637638 -0.855647
-0.635636 -0.855593
-0.633634 -0.855538
-0.631632 -0.85548
-0.62963 -0.855419
-0.627628 -0.855356
-0.625626 -0.855291
-0.623624 -0.855224
-0.621622 -0.855154
-0.61962 -0.855082
-0.617618 -0.855007
-0.615616 -0.85493
-0.613614 -0.854851
-0.611612 -0.854769
-0.60961 -0.854685
-0.607608 -0.854598
-0.605606 -0.854509
-0.603604 -0.854417
-0.601602 -0.854322
-0.5996 -0.854225
-0.597598 -0.854125
-0.595596 -0.854022
-0.593594 -0.853916
-0.591592 -0.853807
-0.58959 -0.853695
-0.587588 -0.85358
-0.585586 -0.853461
-0.583584 -0.853339
-0.581582 -0.853214
-0.57958 -0.853085
-0.577578 -0.852953
-0.575576 -0.852816
-0.573574 -0.852676
-0.571572 -0.852532
-0.56957 -0.852384
-0.567568 -0.852232
-0.565566 -0.852075
-0.563564 -0.851915
-0.561562 -0.85175
-0.55956 -0.85158
-0.557558 -0.851407
-0.555556 -0.851228
-0.553554 -0.851045
-0.551552 -0.850858
-0.54955 -0.850665
-0.547548 -0.850468
-0.545546 -0.850267
-0.543544 -0.85006
-0.541542 -0.849849
-0.53954 -0.849633
-0.537538 -0.849412
-0.535536 -0.849186
-0.533534 -0.848955
-0.531532 -0.84872
-0.52953 -0.848479
-0.527528 -0.848234
-0.525526 -0.847983
-0.523524 -0.847728
-0.521522 -0.847468
-0.51952 -0.847204
-0.517518 -0.846934
-0.515516 -0.84666
-0.513514 -0.84638
-0.511512 -0.846096
-0.50951 -0.845808
-0.507508 -0.845514
-0.505506 -0.845216
-0.503503 -0.844913
-0.501501 -0.844605
-0.499499 -0.844293
-0.497497 -0.843976
-0.495495 -0.843654
-0.493493 -0.843328
-0.491491 -0.842996
-0.489489 -0.842661
-0.487487 -0.84232
-0.485485 -0.841975
-0.483483 -0.841625
-0.481481 -0.84127
-0.479479 -0.840911
-0.477477 -0.840547
-0.475475 -0.840178
-0.473473 -0.839804
-0.471471 -0.839426
-0.469469 -0.839042
-0.467467 -0.838654
-0.465465 -0.83826
-0.463463 -0.837862
-0.461461 -0.837459
-0.459459 -0.83705
-0.457457 -0.836636
-0.455455 -0.836217
-0.453453 -0.835793
-0.451451 -0.835364
-0.449449 -0.834929
-0.447447 -0.834489
-0.445445 -0.834043
-0.443443 -0.833592
-0.441441 -0.833135
-0.439439 -0.832672
-0.437437 -0.832204
-0.435435 -0.83173
-0.433433 -0.831251
-0.431431 -0.830765
-0.429429 -0.830274
-0.427427 -0.829777
-0.425425 -0.829274
-0.423423 -0.828764
-0.421421 -0.828249
-0.419419 -0.827728
-0.417417 -0.827201
-0.415415 -0.826667
-0.413413 -0.826128
-0.411411 -0.825582
-0.409409 -0.82503
-0.407407 -0.824472
-0.405405 -0.823907
-0.403403 -0.823337
-0.401401 -0.82276
-0.399399 -0.822177
-0.397397 -0.821587
-0.395395 -0.820992
-0.393393 -0.82039
-0.391391 -0.819782
-0.389389 -0.819168
-0.387387 -0.818547
-0.385385 -0.81792
-0.383383 -0.817288
-0.381381 -0.816648
-0.379379 -0.816003
-0.377377 -0.815352
-0.375375 -0.814694
-0.373373 -0.814031
-0.371371 -0.813361
-0.369369 -0.812685
-0.367367 -0.812003
-0.365365 -0.811315
-0.363363 -0.810621
-0.361361 -0.80992
-0.359359 -0.809214
-0.357357 -0.808502
-0.355355 -0.807783
-0.353353 -0.807059
-0.351351 -0.806329
-0.349349 -0.805592
-0.347347 -0.80485
-0.345345 -0.804101
-0.343343 -0.803347
-0.341341 -0.802586
-0.339339 -0.801819
-0.337337 -0.801047
-0.335335 -0.800268
-0.333333 -0.799483
-0.331331 -0.798692
-0.329329 -0.797895
-0.327327 -0.797091
-0.325325 -0.796282
-0.323323 -0.795466
-0.321321 -0.794644
-0.319319 -0.793815
-0.317317 -0.792981
-0.315315 -0.79214
-0.313313 -0.791292
-0.311311 -0.790438
-0.309309 -0.789578
-0.307307 -0.788711
-0.305305 -0.787838
-0.303303 -0.786958
-0.301301 -0.786072
-0.299299 -0.785179
-0.297297 -0.784279
-0.295295 -0.783372
-0.293293 -0.782459
-0.291291 -0.781539
-0.289289 -0.780612
-0.287287 -0.779678
-0.285285 -0.778738
-0.283283 -0.77779
-0.281281 -0.776836
-0.279279 -0.775875
-0.277277 -0.774906
-0.275275 -0.773931
-0.273273 -0.772948
-0.271271 -0.771959
-0.269269 -0.770962
-0.267267 -0.769959
-0.265265 -0.768948
-0.263263 -0.76793
-0.261261 -0.766905
-0.259259 -0.765873
-0.257257 -0.764834
-0.255255 -0.763788
-0.253253 -0.762734
-0.251251 -0.761674
-0.249249 -0.760606
-0.247247 -0.759531
-0.245245 -0.758449
-0.243243 -0.75736
-0.241241 -0.756264
-0.239239 -0.755161
-0.237237 -0.75405
-0.235235 -0.752933
-0.233233 -0.751808
-0.231231 -0.750677
-0.229229 -0.749538
-0.227227 -0.748393
-0.225225 -0.74724
-0.223223 -0.74608
-0.221221 -0.744914
-0.219219 -0.74374
-0.217217 -0.74256
-0.215215 -0.741372
-0.213213 -0.740177
-0.211211 -0.738976
-0.209209 -0.737768
-0.207207 -0.736552
-0.205205 -0.73533
-0.203203 -0.734101
-0.201201 -0.732865
-0.199199 -0.731622
-0.197197 -0.730372
-0.195195 -0.729115
-0.193193 -0.727851
-0.191191 -0.726581
-0.189189 -0.725303
-0.187187 -0.724019
-0.185185 -0.722727
-0.183183 -0.721428
-0.181181 -0.720123
-0.179179 -0.71881
-0.177177 -0.717491
-0.175175 -0.716164
-0.173173 -0.71483
-0.171171 -0.713489
-0.169169 -0.712141
-0.167167 -0.710786
-0.165165 -0.709424
-0.163163 -0.708055
-0.161161 -0.706678
-0.159159 -0.705294
-0.157157 -0.703903
-0.155155 -0.702504
-0.153153 -0.701098
-0.151151 -0.699685
-0.149149 -0.698264
-0.147147 -0.696836
-0.145145 -0.6954
-0.143143 -0.693957
-0.141141 -0.692506
-0.139139 -0.691048
-0.137137 -0.689582
-0.135135 -0.688109
-0.133133 -0.686628
-0.131131 -0.685139
-0.129129 -0.683643
-0.127127 -0.682139
-0.125125 -0.680627
-0.123123 -0.679107
-0.121121 -0.67758
-0.119119 -0.676045
-0.117117 -0.674502
-0.115115 -0.672952
-0.113113 -0.671394
-0.111111 -0.669827
-0.109109 -0.668253
-0.107107 -0.666672
-0.105105 -0.665082
-0.103103 -0.663485
-0.101101 -0.66188
-0.0990991 -0.660267
-0.0970971 -0.658646
-0.0950951 -0.657017
-0.0930931 -0.655381
-0.0910911 -0.653737
-0.0890891 -0.652085
-0.0870871 -0.650425
-0.0850851 -0.648757
-0.0830831 -0.647082
-0.0810811 -0.645399
-0.0790791 -0.643708
-0.0770771 -0.64201
-0.0750751 -0.640304
-0.0730731 -0.63859
-0.0710711 -0.636868
-0.0690691 -0.635139
-0.0670671 -0.633402
-0.0650651 -0.631658
-0.0630631 -0.629905
-0.0610611 -0.628146
-0.0590591 -0.626378
-0.0570571 -0.624603
-0.0550551 -0.62282
-0.0530531 -0.62103
-0.0510511 -0.619232
-0.049049 -0.617427
-0.047047 -0.615614
-0.045045 -0.613793
-0.043043 -0.611965
-0.041041 -0.610129
-0.039039 -0.608285
-0.037037 -0.606434
-0.035035 -0.604576
-0.033033 -0.602709
-0.031031 -0.600835
-0.029029 -0.598954
-0.027027 -0.597064
-0.025025 -0.595167
-0.023023 -0.593262
-0.021021 -0.59135
-0.019019 -0.58943
-0.017017 -0.587502
-0.015015 -0.585566
-0.013013 -0.583622
-0.011011 -0.581671
-0.00900901 -0.579711
-0.00700701 -0.577744
-0.005005 -0.575769
-0.003003 -0.573786
-0.001001 -0.571795
0.001001 -0.569796
0.003003 -0.567789
0.005005 -0.565774
0.00700701 -0.56375
0.00900901 -0.561719
0.011011 -0.559679
0.013013 -0.557632
0.015015 -0.555576
0.017017 -0.553512
0.019019 -0.55144
0.021021 -0.549359
0.023023 -0.54727
0.025025 -0.545173
0.027027 -0.543068
0.029029 -0.540954
0.031031 -0.538832
0.033033 -0.536701
0.035035 -0.534562
0.037037 -0.532415
0.039039 -0.530259
0.041041 -0.528095
0.043043 -0.525922
0.045045 -0.523741
0.047047 -0.521552
0.049049 -0.519354
0.0510511 -0.517148
0.0530531 -0.514933
0.0550551 -0.51271
0.0570571 -0.510478
0.0590591 -0.508239
0.0610611 -0.50599
0.0630631 -0.503733
0.0650651 -0.501468
0.0670671 -0.499195
0.0690691 -0.496913
0.0710711 -0.494622
0.0730731 -0.492324
0.0750751 -0.490016
0.0770771 -0.487701
0.0790791 -0.485377
0.0810811 -0.483045
0.0830831 -0.480705
0.0850851 -0.478356
0.0870871 -0.476
0.0890891 -0.473634
0.0910911 -0.471261
0.0930931 -0.468879
0.0950951 -0.466489
0.0970971 -0.464091
0.0990991 -0.461685
0.101101 -0.45927
0.103103 -0.456847
0.105105 -0.454416
0.107107 -0.451977
0.109109 -0.44953
0.111111 -0.447074
0.113113 -0.44461
0.115115 -0.442138
0.117117 -0.439657
0.119119 -0.437169
0.121121 -0.434672
0.123123 -0.432167
0.125125 -0.429653
0.127127 -0.427131
0.129129 -0.424601
0.131131 -0.422063
0.133133 -0.419516
0.135135 -0.416961
0.137137 -0.414397
0.139139 -0.411825
0.141141 -0.409245
0.143143 -0.406656
0.145145 -0.404058
0.147147 -0.401452
0.149149 -0.398838
0.151151 -0.396215
0.153153 -0.393583
0.155155 -0.390942
0.157157 -0.388293
0.159159 -0.385636
0.161161 -0.382969
0.163163 -0.380294
0.165165 -0.37761
0.167167 -0.374917
0.169169 -0.372215
0.171171 -0.369504
0.173173 -0.366784
0.175175 -0.364056
0.177177 -0.361318
0.179179 -0.358572
0.181181 -0.355817
0.183183 -0.353052
0.185185 -0.350279
0.187187 -0.347496
0.189189 -0.344704
0.191191 -0.341904
0.193193 -0.339094
0.195195 -0.336275
0.197197 -0.333447
0.199199 -0.33061
0.201201 -0.327764
0.203203 -0.324909
0.205205 -0.322044
0.207207 -0.319171
0.209209 -0.316288
0.211211 -0.313396
0.213213 -0.310495
0.215215 -0.307586
0.217217 -0.304667
0.219219 -0.301738
0.221221 -0.298801
0.223223 -0.295855
0.225225 -0.2929
0.227227 -0.289936
0.229229 -0.286962
0.231231 -0.28398
0.233233 -0.280989
0.235235 -0.277989
0.237237 -0.274979
0.239239 -0.271961
0.241241 -0.268934
0.243243 -0.265898
0.245245 -0.262853
0.247247 -0.259799
0.249249 -0.256736
0.251251 -0.253665
0.253253 -0.250584
0.255255 -0.247494
0.257257 -0.244396
0.259259 -0.241289
0.261261 -0.238172
0.263263 -0.235047
0.265265 -0.231913
0.267267 -0.22877
0.269269 -0.225618
0.271271 -0.222457
0.273273 -0.219288
0.275275 -0.216109
0.277277 -0.212921
0.279279 -0.209724
0.281281 -0.206518
0.283283 -0.203303
0.285285 -0.200079
0.287287 -0.196846
0.289289 -0.193604
0.291291 -0.190352
0.293293 -0.187092
0.295295 -0.183822
0.297297 -0.180543
0.299299 -0.177254
0.301301 -0.173956
0.303303 -0.170649
0.305305 -0.167332
0.307307 -0.164006
0.309309 -0.16067
0.311311 -0.157325
0.313313 -0.15397
0.315315 -0.150606
0.317317 -0.147232
0.319319 -0.143848
0.321321 -0.140454
0.323323 -0.137051
0.325325 -0.133638
0.327327 -0.130215
0.329329 -0.126783
0.331331 -0.12334
0.333333 -0.119888
0.335335 -0.116425
0.337337 -0.112953
0.339339 -0.109471
0.341341 -0.105979
0.343343 -0.102477
0.345345 -0.0989646
0.347347 -0.0954426
0.349349 -0.0919105
0.351351 -0.0883685
0.353353 -0.0848164
0.355355 -0.0812544
0.357357 -0.0776823
0.359359 -0.0741003
0.361361 -0.0705082
0.363363 -0.0669062
0.365365 -0.0632942
0.367367 -0.0596723
0.369369 -0.0560404
0.371371 -0.0523985
0.373373 -0.0487467
0.375375 -0.0450851
0.377377 -0.0414135
0.379379 -0.037732
0.381381 -0.0340407
0.383383 -0.0303395
0.385385 -0.0266285
0.387387 -0.0229076
0.389389 -0.0191769
0.391391 -0.0154364
0.393393 -0.0116861
0.395395 -0.00792594
0.397397 -0.00415602
0.399399 -0.000376314
0.401401 0.00341319
0.403403 0.00721248
0.405405 0.0110216
0.407407 0.0148405
0.409409 0.0186692
0.411411 0.0225078
0.413413 0.0263562
0.415415 0.0302144
0.417417 0.0340826
0.419419 0.0379606
0.421421 0.0418486
0.423423 0.0457466
0.425425 0.0496546
0.427427 0.0535726
0.429429 0.0575007
0.431431 0.0614389
0.433433 0.0653873
0.435435 0.0693458
0.437437 0.0733147
0.439439 0.0772938
0.441441 0.0812833
0.443443 0.0852832
0.445445 0.0892935
0.447447 0.0933144
0.449449 0.0973458
0.451451 0.101388
0.453453 0.105441
0.455455 0.109504
0.457457 0.113578
0.459459 0.117663
0.461461 0.121759
0.463463 0.125866
0.465465 0.129984
0.467467 0.134113
0.469469 0.138253
0.471471 0.142404
0.473473 0.146566
0.475475 0.150739
0.477477 0.154924
0.479479 0.15912
0.481481 0.163327
0.483483 0.167545
0.485485 0.171775
0.487487 0.176016
0.489489 0.180268
0.491491 0.184532
0.493493 0.188807
0.495495 0.193093
0.497497 0.197391
0.499499 0.2017
0.501501 0.20602
0.503503 0.210352
0.505506 0.214695
0.507508 0.219049
0.50951 0.223415
0.511512 0.227792
0.513514 0.23218
0.515516 0.236579
0.517518 0.24099
0.51952 0.245412
0.521522 0.249845
0.523524 0.254289
0.525526 0.258745
0.527528 0.263212
0.52953 0.267689
0.531532 0.272178
0.533534 0.276679
0.535536 0.28119
0.537538 0.285712
0.53954 0.290246
0.541542 0.294791
0.543544 0.299347
0.545546 0.303914
0.547548 0.308492
0.54955 0.313082
0.551552 0.317683
0.553554 0.322296
0.555556 0.326919
0.557558 0.331555
0.55956 0.336201
0.561562 0.34086
0.563564 0.34553
0.565566 0.350211
0.567568 0.354905
0.56957 0.35961
0.571572 0.364327
0.573574 0.369057
0.575576 0.373798
0.577578 0.378552
0.57958 0.383317
0.581582 0.388096
0.583584 0.392886
0.585586 0.39769
0.587588 0.402506
0.58959 0.407334
0.591592 0.412176
0.593594 0.41703
0.595596 0.421898
0.597598 0.426778
0.5996 0.431672
0.601602 0.436579
0.603604 0.441499
0.605606 0.446432
0.607608 0.451379
0.60961 0.45634
0.611612 0.461314
0.613614 0.466301
0.615616 0.471303
0.617618 0.476317
0.61962 0.481346
0.621622 0.486388
0.623624 0.491444
0.625626 0.496513
0.627628 0.501596
0.62963 0.506693
0.631632 0.511804
0.633634 0.516928
0.635636 0.522066
0.637638 0.527218
0.63964 0.532383
0.641642 0.537561
0.643644 0.542754
0.645646 0.54796
0.647648 0.553179
0.64965 0.558412
0.651652 0.563659
0.653654 0.568919
0.655656 0.574192
0.657658 0.57948
0.65966 0.58478
0.661662 0.590094
0.663664 0.595422
0.665666 0.600764
0.667668 0.606119
0.66967 0.611488
0.671672 0.61687
0.673674 0.622267
0.675676 0.627677
0.677678 0.633102
0.67968 0.63854
0.681682 0.643993
0.683684 0.64946
0.685686 0.654942
0.687688 0.660439
0.68969 0.66595
0.691692 0.671477
0.693694 0.677018
0.695696 0.682575
0.697698 0.688148
0.6997 0.693736
0.701702 0.69934
0.703704 0.704961
0.705706 0.710597
0.707708 0.71625
0.70971 0.72192
0.711712 0.727607
0.713714 0.73331
0.715716 0.739031
0.717718 0.744769
0.71972 0.750525
0.721722 0.756299
0.723724 0.76209
0.725726 0.767899
0.727728 0.773726
0.72973 0.779571
0.731732 0.785434
0.733734 0.791316
0.735736 0.797216
0.737738 0.803134
0.73974 0.80907
0.741742 0.815025
0.743744 0.820998
0.745746 0.82699
0.747748 0.833
0.74975 0.839028
0.751752 0.845075
0.753754 0.851139
0.755756 0.857222
0.757758 0.863324
0.75976 0.869443
0.761762 0.875581
0.763764 0.881737
0.765766 0.887912
0.767768 0.894105
0.76977 0.900316
0.771772 0.906545
0.773774 0.912794
0.775776 0.919061
0.777778 0.925347
0.77978 0.931652
0.781782 0.937976
0.783784 0.94432
0.785786 0.950683
0.787788 0.957067
0.78979 0.963472
0.791792 0.969897
0.793794 0.976344
0.795796 0.982812
0.797798 0.989302
0.7998 0.995815
0.801802 1.00235
0.803804 1.00891
0.805806 1.0155
0.807808 1.0221
0.80981 1.02874
0.811812 1.0354
0.813814 1.04208
0.815816 1.04879
0.817818 1.05553
0.81982 1.0623
0.821822 1.06909
0.823824 1.07591
0.825826 1.08276
0.827828 1.08964
0.82983 1.09655
0.831832 1.10349
0.833834 1.11045
0.835836 1.11745
0.837838 1.12447
0.83984 1.13153
0.841842 1.13861
0.843844 1.14572
0.845846 1.15287
0.847848 1.16004
0.84985 1.16724
0.851852 1.17447
0.853854 1.18173
0.855856 1.18902
0.857858 1.19634
0.85986 1.20369
0.861862 1.21107
0.863864 1.21848
0.865866 1.22593
0.867868 1.2334
0.86987 1.24091
0.871872 1.24845
0.873874 1.25603
0.875876 1.26364
0.877878 1.27129
0.87988 1.27898
0.881882 1.28671
0.883884 1.29449
0.885886 1.3023
0.887888 1.31016
0.88989 1.31807
0.891892 1.32603
0.893894 1.33404
0.895896 1.3421
0.897898 1.35022
0.8999 1.35839
0.901902 1.36662
0.903904 1.37491
0.905906 1.38327
0.907908 1.39168
0.90991 1.40016
0.911912 1.40869
0.913914 1.4173
0.915916 1.42596
0.917918 1.43469
0.91992 1.44349
0.921922 1.45235
0.923924 1.46127
0.925926 1.47026
0.927928 1.47932
0.92993 1.48844
0.931932 1.49763
0.933934 1.5069
0.935936 1.51625
0.937938 1.52567
0.93994 1.53519
0.941942 1.5448
0.943944 1.55451
0.945946 1.56434
0.947948 1.57429
0.94995 1.58438
0.951952 1.59461
0.953954 1.60501
0.955956 1.61559
0.957958 1.62636
0.95996 1.63733
0.961962 1.64852
0.963964 1.65993
0.965966 1.67158
0.967968 1.68346
0.96997 1.69559
0.971972 1.70797
0.973974 1.7206
0.975976 1.7335
0.977978 1.74669
0.97998 1.7602
0.981982 1.77412
0.983984 1.78855
0.985986 1.80367
0.987988 1.81976
0.98999 1.83722
0.991992 1.85663
0.993994 1.87882
0.995996 1.90492
0.997998 1.93648
1 1.9756
