-0.999526 -1.11174
-0.997525 -1.08126
-0.995524 -1.05533
-0.993523 -1.03696
-0.991521 -1.02464
-0.98952 -1.01603
-0.987519 -1.00881
-0.985518 -1.00155
-0.983517 -0.994269
-0.981516 -0.98712
-0.979515 -0.980245
-0.977514 -0.97379
-0.975513 -0.967891
-0.973512 -0.962561
-0.971511 -0.957733
-0.96951 -0.95334
-0.967509 -0.949314
-0.965508 -0.945587
-0.963507 -0.942092
-0.961506 -0.93876
-0.959505 -0.935543
-0.957504 -0.932433
-0.955503 -0.929429
-0.953502 -0.926533
-0.9515 -0.923742
-0.949499 -0.921059
-0.947498 -0.918482
-0.945497 -0.916011
-0.943496 -0.913646
-0.941495 -0.911387
-0.939494 -0.90923
-0.937493 -0.907169
-0.935492 -0.9052
-0.933491 -0.903317
-0.93149 -0.901516
-0.929489 -0.89979
-0.927488 -0.898135
-0.925487 -0.896546
-0.923486 -0.895017
-0.921485 -0.893543
-0.919484 -0.892121
-0.917483 -0.890745
-0.915482 -0.889417
-0.91348 -0.888134
-0.911479 -0.886895
-0.909478 -0.885698
-0.907477 -0.884543
-0.905476 -0.883429
-0.903475 -0.882354
-0.901474 -0.881316
-0.899473 -0.880315
-0.897472 -0.879349
-0.895471 -0.878417
-0.89347 -0.877518
-0.891469 -0.87665
-0.889468 -0.875814
-0.887467 -0.875007
-0.885466 -0.874229
-0.883465 -0.87348
-0.881464 -0.872757
-0.879463 -0.872061
-0.877462 -0.87139
-0.87546 -0.870743
-0.873459 -0.87012
-0.871458 -0.869519
-0.869457 -0.86894
-0.867456 -0.868381
-0.865455 -0.867842
-0.863454 -0.867322
-0.861453 -0.866821
-0.859452 -0.866337
-0.857451 -0.865871
-0.85545 -0.865422
-0.853449 -0.86499
-0.851448 -0.864573
-0.849447 -0.864173
-0.847446 -0.863787
-0.845445 -0.863417
-0.843444 -0.86306
-0.841443 -0.862718
-0.839442 -0.862389
-0.83744 -0.862073
-0.835439 -0.861769
-0.833438 -0.861478
-0.831437 -0.861198
-0.829436 -0.860929
-0.827435 -0.860671
-0.825434 -0.860424
-0.823433 -0.860187
-0.821432 -0.859961
-0.819431 -0.859744
-0.81743 -0.859537
-0.815429 -0.859339
-0.813428 -0.85915
-0.811427 -0.85897
-0.809426 -0.858798
-0.807425 -0.858634
-0.805424 -0.858478
-0.803423 -0.858329
-0.801422 -0.858188
-0.79942 -0.858053
-0.797419 -0.857925
-0.795418 -0.857804
-0.793417 -0.857688
-0.791416 -0.857579
-0.789415 -0.857475
-0.787414 -0.857378
-0.785413 -0.857285
-0.783412 -0.857198
-0.781411 -0.857116
-0.77941 -0.857039
-0.777409 -0.856966
-0.775408 -0.856899
-0.773407 -0.856835
-0.771406 -0.856776
-0.769405 -0.856721
-0.767404 -0.856669
-0.765403 -0.856621
-0.763402 -0.856577
-0.7614 -0.856536
-0.759399 -0.856498
-0.757398 -0.856463
-0.755397 -0.856431
-0.753396 -0.856402
-0.751395 -0.856375
-0.749394 -0.856351
-0.747393 -0.856329
-0.745392 -0.856309
-0.743391 -0.856291
-0.74139 -0.856275
-0.739389 -0.856261
-0.737388 -0.856249
-0.735387 -0.856239
-0.733386 -0.85623
-0.731385 -0.856222
-0.729384 -0.856216
-0.727383 -0.85621
-0.725382 -0.856206
-0.72338 -0.856203
-0.721379 -0.8562
-0.719378 -0.856198
-0.717377 -0.856197
-0.715376 -0.856196
-0.713375 -0.856195
-0.711374 -0.856195
-0.709373 -0.856194
-0.707372 -0.856194
-0.705371 -0.856194
-0.70337 -0.856194
-0.701369 -0.856193
-0.699368 -0.856193
-0.697367 -0.856192
-0.695366 -0.856191
-0.693365 -0.856189
-0.691364 -0.856187
-0.689363 -0.856184
-0.687362 -0.85618
-0.68536 -0.856175
-0.683359 -0.85617
-0.681358 -0.856164
-0.679357 -0.856156
-0.677356 -0.856148
-0.675355 -0.856138
-0.673354 -0.856127
-0.671353 -0.856114
-0.669352 -0.8561
-0.667351 -0.856085
-0.66535 -0.856068
-0.663349 -0.85605
-0.661348 -0.856029
-0.659347 -0.856007
-0.657346 -0.855984
-0.655345 -0.855958
-0.653344 -0.85593
-0.651343 -0.855901
-0.649342 -0.85587
-0.64734 -0.855836
-0.645339 -0.8558
-0.643338 -0.855762
-0.641337 -0.855722
-0.639336 -0.85568
-0.637335 -0.855635
-0.635334 -0.855588
-0.633333 -0.855538
-0.631332 -0.855486
-0.629331 -0.855431
-0.62733 -0.855373
-0.625329 -0.855313
-0.623328 -0.85525
-0.621327 -0.855184
-0.619326 -0.855115
-0.617325 -0.855044
-0.615324 -0.854969
-0.613323 -0.854892
-0.611322 -0.854811
-0.60932 -0.854728
-0.607319 -0.854641
-0.605318 -0.854551
-0.603317 -0.854458
-0.601316 -0.854362
-0.599315 -0.854263
-0.597314 -0.85416
-0.595313 -0.854053
-0.593312 -0.853944
-0.591311 -0.853831
-0.58931 -0.853714
-0.587309 -0.853594
-0.585308 -0.853471
-0.583307 -0.853343
-0.581306 -0.853212
-0.579305 -0.853078
-0.577304 -0.852939
-0.575303 -0.852797
-0.573302 -0.852651
-0.5713 -0.852502
-0.569299 -0.852348
-0.567298 -0.85219
-0.565297 -0.852029
-0.563296 -0.851863
-0.561295 -0.851694
-0.559294 -0.85152
-0.557293 -0.851343
-0.555292 -0.851161
-0.553291 -0.850975
-0.55129 -0.850785
-0.549289 -0.850591
-0.547288 -0.850392
-0.545287 -0.85019
-0.543286 -0.849983
-0.541285 -0.849771
-0.539284 -0.849555
-0.537283 -0.849335
-0.535282 -0.849111
-0.53328 -0.848882
-0.531279 -0.848648
-0.529278 -0.848411
-0.527277 -0.848168
-0.525276 -0.847921
-0.523275 -0.847669
-0.521274 -0.847413
-0.519273 -0.847152
-0.517272 -0.846886
-0.515271 -0.846616
-0.51327 -0.846341
-0.511269 -0.846061
-0.509268 -0.845776
-0.507267 -0.845487
-0.505266 -0.845192
-0.503265 -0.844893
-0.501264 -0.844589
-0.499263 -0.84428
-0.497262 -0.843967
-0.49526 -0.843648
-0.493259 -0.843324
-0.491258 -0.842995
-0.489257 -0.842661
-0.487256 -0.842323
-0.485255 -0.841979
-0.483254 -0.84163
-0.481253 -0.841275
-0.479252 -0.840916
-0.477251 -0.840552
-0.47525 -0.840182
-0.473249 -0.839807
-0.471248 -0.839427
-0.469247 -0.839041
-0.467246 -0.838651
-0.465245 -0.838255
-0.463244 -0.837853
-0.461243 -0.837447
-0.459242 -0.837035
-0.45724 -0.836617
-0.455239 -0.836194
-0.453238 -0.835766
-0.451237 -0.835332
-0.449236 -0.834893
-0.447235 -0.834449
-0.445234 -0.833998
-0.443233 -0.833543
-0.441232 -0.833082
-0.439231 -0.832615
-0.43723 -0.832142
-0.435229 -0.831664
-0.433228 -0.831181
-0.431227 -0.830692
-0.429226 -0.830197
-0.427225 -0.829696
-0.425224 -0.82919
-0.423223 -0.828678
-0.421222 -0.82816
-0.41922 -0.827637
-0.417219 -0.827108
-0.415218 -0.826573
-0.413217 -0.826032
-0.411216 -0.825485
-0.409215 -0.824933
-0.407214 -0.824375
-0.405213 -0.823811
-0.403212 -0.82324
-0.401211 -0.822664
-0.39921 -0.822083
-0.397209 -0.821495
-0.395208 -0.820901
-0.393207 -0.820301
-0.391206 -0.819696
-0.389205 -0.819084
-0.387204 -0.818466
-0.385203 -0.817842
-0.383202 -0.817213
-0.3812 -0.816577
-0.379199 -0.815935
-0.377198 -0.815287
-0.375197 -0.814633
-0.373196 -0.813973
-0.371195 -0.813306
-0.369194 -0.812634
-0.367193 -0.811955
-0.365192 -0.81127
-0.363191 -0.810579
-0.36119 -0.809882
-0.359189 -0.809178
-0.357188 -0.808469
-0.355187 -0.807753
-0.353186 -0.80703
-0.351185 -0.806302
-0.349184 -0.805567
-0.347183 -0.804826
-0.345182 -0.804078
-0.34318 -0.803324
-0.341179 -0.802564
-0.339178 -0.801798
-0.337177 -0.801025
-0.335176 -0.800245
-0.333175 -0.79946
-0.331174 -0.798668
-0.329173 -0.797869
-0.327172 -0.797064
-0.325171 -0.796253
-0.32317 -0.795435
-0.321169 -0.79461
-0.319168 -0.793779
-0.317167 -0.792942
-0.315166 -0.792098
-0.313165 -0.791248
-0.311164 -0.790391
-0.309163 -0.789527
-0.307162 -0.788657
-0.305161 -0.78778
-0.303159 -0.786897
-0.301158 -0.786007
-0.299157 -0.785111
-0.297156 -0.784207
-0.295155 -0.783298
-0.293154 -0.782381
-0.291153 -0.781458
-0.289152 -0.780528
-0.287151 -0.779592
-0.28515 -0.778649
-0.283149 -0.777699
-0.281148 -0.776742
-0.279147 -0.775779
-0.277146 -0.774809
-0.275145 -0.773832
-0.273144 -0.772848
-0.271143 -0.771858
-0.269142 -0.770861
-0.267141 -0.769857
-0.265139 -0.768846
-0.263138 -0.767828
-0.261137 -0.766804
-0.259136 -0.765772
-0.257135 -0.764734
-0.255134 -0.763689
-0.253133 -0.762637
-0.251132 -0.761579
-0.249131 -0.760513
-0.24713 -0.75944
-0.245129 -0.758361
-0.243128 -0.757274
-0.241127 -0.756181
-0.239126 -0.755081
-0.237125 -0.753973
-0.235124 -0.752859
-0.233123 -0.751738
-0.231122 -0.750609
-0.229121 -0.749474
-0.227119 -0.748332
-0.225118 -0.747183
-0.223117 -0.746026
-0.221116 -0.744863
-0.219115 -0.743692
-0.217114 -0.742515
-0.215113 -0.74133
-0.213112 -0.740139
-0.211111 -0.73894
-0.20911 -0.737734
-0.207109 -0.736521
-0.205108 -0.735301
-0.203107 -0.734074
-0.201106 -0.732839
-0.199105 -0.731598
-0.197104 -0.730349
-0.195103 -0.729093
-0.193102 -0.72783
-0.191101 -0.72656
-0.189099 -0.725283
-0.187098 -0.723998
-0.185097 -0.722706
-0.183096 -0.721407
-0.181095 -0.720101
-0.179094 -0.718787
-0.177093 -0.717466
-0.175092 -0.716138
-0.173091 -0.714803
-0.17109 -0.71346
-0.169089 -0.71211
-0.167088 -0.710753
-0.165087 -0.709389
-0.163086 -0.708017
-0.161085 -0.706638
-0.159084 -0.705251
-0.157083 -0.703857
-0.155082 -0.702456
-0.153081 -0.701047
-0.151079 -0.699631
-0.149078 -0.698208
-0.147077 -0.696777
-0.145076 -0.695339
-0.143075 -0.693894
-0.141074 -0.692441
-0.139073 -0.69098
-0.137072 -0.689513
-0.135071 -0.688037
-0.13307 -0.686555
-0.131069 -0.685064
-0.129068 -0.683567
-0.127067 -0.682062
-0.125066 -0.680549
-0.123065 -0.679029
-0.121064 -0.677501
-0.119063 -0.675966
-0.117062 -0.674424
-0.115061 -0.672873
-0.113059 -0.671316
-0.111058 -0.66975
-0.109057 -0.668178
-0.107056 -0.666597
-0.105055 -0.665009
-0.103054 -0.663414
-0.101053 -0.66181
-0.0990521 -0.6602
-0.097051 -0.658581
-0.09505 -0.656955
-0.0930489 -0.655322
-0.0910479 -0.653681
-0.0890468 -0.652032
-0.0870458 -0.650375
-0.0850447 -0.648711
-0.0830437 -0.647039
-0.0810426 -0.64536
-0.0790416 -0.643673
-0.0770405 -0.641978
-0.0750395 -0.640275
-0.0730384 -0.638565
-0.0710374 -0.636847
-0.0690363 -0.635122
-0.0670353 -0.633388
-0.0650342 -0.631647
-0.0630332 -0.629898
-0.0610321 -0.628141
-0.059031 -0.626377
-0.05703 -0.624605
-0.0550289 -0.622825
-0.0530279 -0.621037
-0.0510268 -0.619242
-0.0490258 -0.617438
-0.0470247 -0.615627
-0.0450237 -0.613808
-0.0430226 -0.611981
-0.0410216 -0.610147
-0.0390205 -0.608304
-0.0370195 -0.606454
-0.0350184 -0.604596
-0.0330174 -0.60273
-0.0310163 -0.600856
-0.0290153 -0.598974
-0.0270142 -0.597084
-0.0250132 -0.595186
-0.0230121 -0.593281
-0.0210111 -0.591367
-0.01901 -0.589446
-0.0170089 -0.587517
-0.0150079 -0.58558
-0.0130068 -0.583634
-0.0110058 -0.581681
-0.00900474 -0.57972
-0.00700368 -0.577751
-0.00500263 -0.575774
-0.00300158 -0.573789
-0.00100053 -0.571796
0.00100053 -0.569795
0.00300158 -0.567786
0.00500263 -0.565769
0.00700368 -0.563744
0.00900474 -0.56171
0.0110058 -0.559669
0.0130068 -0.55762
0.0150079 -0.555563
0.0170089 -0.553497
0.01901 -0.551424
0.0210111 -0.549342
0.0230121 -0.547253
0.0250132 -0.545155
0.0270142 -0.543049
0.0290153 -0.540935
0.0310163 -0.538813
0.0330174 -0.536683
0.0350184 -0.534544
0.0370195 -0.532398
0.0390205 -0.530243
0.0410216 -0.52808
0.0430226 -0.525909
0.0450237 -0.52373
0.0470247 -0.521543
0.0490258 -0.519347
0.0510268 -0.517144
0.0530279 -0.514932
0.0550289 -0.512711
0.05703 -0.510483
0.059031 -0.508246
0.0610321 -0.506001
0.0630332 -0.503748
0.0650342 -0.501487
0.0670353 -0.499217
0.0690363 -0.496939
0.0710374 -0.494653
0.0730384 -0.492358
0.0750395 -0.490055
0.0770405 -0.487744
0.0790416 -0.485425
0.0810426 -0.483097
0.0830437 -0.480761
0.0850447 -0.478416
0.0870458 -0.476063
0.0890468 -0.473702
0.0910479 -0.471332
0.0930489 -0.468955
0.09505 -0.466568
0.097051 -0.464173
0.0990521 -0.46177
0.101053 -0.459359
0.103054 -0.456939
0.105055 -0.45451
0.107056 -0.452073
0.109057 -0.449628
0.111058 -0.447174
0.113059 -0.444712
0.115061 -0.442241
0.117062 -0.439762
0.119063 -0.437275
0.121064 -0.434779
0.123065 -0.432274
0.125066 -0.429761
0.127067 -0.427239
0.129068 -0.424709
0.131069 -0.42217
0.13307 -0.419623
0.135071 -0.417067
0.137072 -0.414503
0.139073 -0.41193
0.141074 -0.409348
0.143075 -0.406758
0.145076 -0.404159
0.147077 -0.401552
0.149078 -0.398936
0.151079 -0.396311
0.153081 -0.393678
0.155082 -0.391036
0.157083 -0.388386
0.159084 -0.385726
0.161085 -0.383058
0.163086 -0.380382
0.165087 -0.377697
0.167088 -0.375003
0.169089 -0.3723
0.17109 -0.369589
0.173091 -0.366869
0.175092 -0.36414
0.177093 -0.361402
0.179094 -0.358656
0.181095 -0.355901
0.183096 -0.353137
0.185097 -0.350364
0.187098 -0.347583
0.189099 -0.344793
0.191101 -0.341994
0.193102 -0.339186
0.195103 -0.336369
0.197104 -0.333544
0.199105 -0.330709
0.201106 -0.327866
0.203107 -0.325014
0.205108 -0.322153
0.207109 -0.319283
0.20911 -0.316405
0.211111 -0.313517
0.213112 -0.310621
0.215113 -0.307715
0.217114 -0.304801
0.219115 -0.301877
0.221116 -0.298945
0.223117 -0.296004
0.225118 -0.293054
0.227119 -0.290094
0.229121 -0.287126
0.231122 -0.284149
0.233123 -0.281163
0.235124 -0.278167
0.237125 -0.275163
0.239126 -0.27215
0.241127 -0.269127
0.243128 -0.266096
0.245129 -0.263055
0.24713 -0.260006
0.249131 -0.256947
0.251132 -0.253879
0.253133 -0.250802
0.255134 -0.247716
0.257135 -0.244621
0.259136 -0.241517
0.261137 -0.238403
0.263138 -0.235281
0.265139 -0.232149
0.267141 -0.229008
0.269142 -0.225858
0.271143 -0.222698
0.273144 -0.21953
0.275145 -0.216352
0.277146 -0.213164
0.279147 -0.209968
0.281148 -0.206762
0.283149 -0.203547
0.28515 -0.200323
0.287151 -0.197089
0.289152 -0.193846
0.291153 -0.190594
0.293154 -0.187333
0.295155 -0.184062
0.297156 -0.180781
0.299157 -0.177492
0.301158 -0.174193
0.303159 -0.170884
0.305161 -0.167566
0.307162 -0.164239
0.309163 -0.160902
0.311164 -0.157556
0.313165 -0.154201
0.315166 -0.150836
0.317167 -0.147461
0.319168 -0.144077
0.321169 -0.140683
0.32317 -0.13728
0.325171 -0.133868
0.327172 -0.130445
0.329173 -0.127014
0.331174 -0.123572
0.333175 -0.120122
0.335176 -0.116661
0.337177 -0.113191
0.339178 -0.109711
0.341179 -0.106222
0.34318 -0.102723
0.345182 -0.0992139
0.347183 -0.0956955
0.349184 -0.0921674
0.351185 -0.0886296
0.353186 -0.085082
0.355187 -0.0815248
0.357188 -0.0779578
0.359189 -0.074381
0.36119 -0.0707944
0.363191 -0.0671981
0.365192 -0.063592
0.367193 -0.059976
0.369194 -0.0563502
0.371195 -0.0527146
0.373196 -0.0490691
0.375197 -0.0454137
0.377198 -0.0417485
0.379199 -0.0380733
0.3812 -0.0343882
0.383202 -0.0306931
0.385203 -0.0269881
0.387204 -0.0232731
0.389205 -0.0195481
0.391206 -0.0158132
0.393207 -0.0120682
0.395208 -0.00831311
0.397209 -0.00454802
0.39921 -0.000772851
0.401211 0.0030124
0.403212 0.00680775
0.405213 0.0106132
0.407214 0.0144288
0.409215 0.0182546
0.411216 0.0220905
0.413217 0.0259365
0.415218 0.0297928
0.417219 0.0336593
0.41922 0.037536
0.421222 0.041423
0.423223 0.0453202
0.425224 0.0492277
0.427225 0.0531456
0.429226 0.0570737
0.431227 0.0610122
0.433228 0.064961
0.435229 0.0689202
0.43723 0.0728898
0.439231 0.0768699
0.441232 0.0808603
0.443233 0.0848613
0.445234 0.0888727
0.447235 0.0928946
0.449236 0.096927
0.451237 0.10097
0.453238 0.105023
0.455239 0.109088
0.45724 0.113162
0.459242 0.117248
0.461243 0.121343
0.463244 0.12545
0.465245 0.129567
0.467246 0.133695
0.469247 0.137834
0.471248 0.141983
0.473249 0.146143
0.47525 0.150314
0.477251 0.154496
0.479252 0.158688
0.481253 0.162892
0.483254 0.167106
0.485255 0.171331
0.487256 0.175567
0.489257 0.179814
0.491258 0.184072
0.493259 0.188341
0.49526 0.192621
0.497262 0.196912
0.499263 0.201214
0.501264 0.205527
0.503265 0.209851
0.505266 0.214187
0.507267 0.218533
0.509268 0.222891
0.511269 0.22726
0.51327 0.23164
0.515271 0.236032
0.517272 0.240434
0.519273 0.244848
0.521274 0.249274
0.523275 0.25371
0.525276 0.258159
0.527277 0.262618
0.529278 0.267089
0.531279 0.271571
0.53328 0.276065
0.535282 0.280571
0.537283 0.285088
0.539284 0.289617
0.541285 0.294157
0.543286 0.298709
0.545287 0.303272
0.547288 0.307848
0.549289 0.312435
0.55129 0.317033
0.553291 0.321644
0.555292 0.326267
0.557293 0.330901
0.559294 0.335547
0.561295 0.340206
0.563296 0.344876
0.565297 0.349558
0.567298 0.354253
0.569299 0.358959
0.5713 0.363677
0.573302 0.368408
0.575303 0.373151
0.577304 0.377906
0.579305 0.382673
0.581306 0.387452
0.583307 0.392244
0.585308 0.397048
0.587309 0.401865
0.58931 0.406694
0.591311 0.411536
0.593312 0.41639
0.595313 0.421256
0.597314 0.426135
0.599315 0.431027
0.601316 0.435932
0.603317 0.440849
0.605318 0.445779
0.607319 0.450722
0.60932 0.455678
0.611322 0.460647
0.613323 0.465628
0.615324 0.470623
0.617325 0.475631
0.619326 0.480652
0.621327 0.485685
0.623328 0.490733
0.625329 0.495793
0.62733 0.500866
0.629331 0.505953
0.631332 0.511053
0.633333 0.516167
0.635334 0.521294
0.637335 0.526435
0.639336 0.531589
0.641337 0.536757
0.643338 0.541938
0.645339 0.547134
0.64734 0.552343
0.649342 0.557566
0.651343 0.562803
0.653344 0.568054
0.655345 0.573319
0.657346 0.578598
0.659347 0.583891
0.661348 0.589199
0.663349 0.59452
0.66535 0.599857
0.667351 0.605207
0.669352 0.610572
0.671353 0.615952
0.673354 0.621346
0.675355 0.626755
0.677356 0.632178
0.679357 0.637616
0.681358 0.643069
0.683359 0.648538
0.68536 0.654021
0.687362 0.659519
0.689363 0.665033
0.691364 0.670561
0.693365 0.676105
0.695366 0.681665
0.697367 0.68724
0.699368 0.692831
0.701369 0.698437
0.70337 0.70406
0.705371 0.709698
0.707372 0.715352
0.709373 0.721022
0.711374 0.726708
0.713375 0.732411
0.715376 0.738129
0.717377 0.743864
0.719378 0.749616
0.721379 0.755384
0.72338 0.761169
0.725382 0.76697
0.727383 0.772788
0.729384 0.778624
0.731385 0.784476
0.733386 0.790346
0.735387 0.796234
0.737388 0.802138
0.739389 0.808061
0.74139 0.814001
0.743391 0.819959
0.745392 0.825935
0.747393 0.831929
0.749394 0.837941
0.751395 0.843972
0.753396 0.850021
0.755397 0.856089
0.757398 0.862175
0.759399 0.868281
0.7614 0.874405
0.763402 0.880548
0.765403 0.886711
0.767404 0.892893
0.769405 0.899095
0.771406 0.905317
0.773407 0.911559
0.775408 0.917821
0.777409 0.924103
0.77941 0.930406
0.781411 0.93673
0.783412 0.943074
0.785413 0.94944
0.787414 0.955827
0.789415 0.962235
0.791416 0.968666
0.793417 0.975118
0.795418 0.981592
0.797419 0.988088
0.79942 0.994607
0.801422 1.00115
0.803423 1.00771
0.805424 1.0143
0.807425 1.02091
0.809426 1.02754
0.811427 1.0342
0.813428 1.04089
0.815429 1.04759
0.81743 1.05433
0.819431 1.06109
0.821432 1.06787
0.823433 1.07468
0.825434 1.08151
0.827435 1.08838
0.829436 1.09527
0.831437 1.10218
0.833438 1.10912
0.835439 1.11609
0.83744 1.12309
0.839442 1.13012
0.841443 1.13718
0.843444 1.14426
0.845445 1.15138
0.847446 1.15852
0.849447 1.1657
0.851448 1.17291
0.853449 1.18015
0.85545 1.18742
0.857451 1.19472
0.859452 1.20206
0.861453 1.20943
0.863454 1.21684
0.865455 1.22427
0.867456 1.23175
0.869457 1.23926
0.871458 1.24681
0.873459 1.25439
0.87546 1.26201
0.877462 1.26967
0.879463 1.27738
0.881464 1.28512
0.883465 1.29291
0.885466 1.30074
0.887467 1.30861
0.889468 1.31653
0.891469 1.32449
0.89347 1.3325
0.895471 1.34056
0.897472 1.34867
0.899473 1.35683
0.901474 1.36503
0.903475 1.3733
0.905476 1.38161
0.907477 1.38998
0.909478 1.39841
0.911479 1.40689
0.91348 1.41543
0.915482 1.42404
0.917483 1.4327
0.919484 1.44143
0.921485 1.45022
0.923486 1.45908
0.925487 1.468
0.927488 1.47701
0.929489 1.4861
0.93149 1.49527
0.933491 1.50454
0.935492 1.5139
0.937493 1.52336
0.939494 1.53294
0.941495 1.54262
0.943496 1.55242
0.945497 1.56235
0.947498 1.5724
0.949499 1.58256
0.9515 1.59286
0.953502 1.60327
0.955503 1.61381
0.957504 1.62447
0.959505 1.63525
0.961506 1.64615
0.963507 1.65719
0.965508 1.6684
0.967509 1.67987
0.96951 1.69165
0.971511 1.70381
0.973512 1.71642
0.975513 1.72955
0.977514 1.74327
0.979515 1.75755
0.981516 1.77228
0.983517 1.78729
0.985518 1.80245
0.987519 1.8176
0.98952 1.83274
0.991521 1.84927
0.993523 1.86954
0.995524 1.89587
0.997525 1.92978
0.999526 1.96825
