-0.999266 -1.10475
-0.997266 -1.10246
-0.995265 -1.0796
-0.993265 -1.03625
-0.991264 -0.99234
-0.989264 -0.963195
-0.987263 -0.948813
-0.985262 -0.949193
-0.983262 -0.964337
-0.981261 -0.993652
-0.979261 -1.02119
-0.97726 -1.03982
-0.97526 -1.04954
-0.973259 -1.05035
-0.971259 -1.04225
-0.969258 -1.02523
-0.967258 -0.9993
-0.965257 -0.964459
-0.963257 -0.922693
-0.961256 -0.886002
-0.959256 -0.856399
-0.957255 -0.833884
-0.955254 -0.818457
-0.953254 -0.810119
-0.951253 -0.808869
-0.949253 -0.814707
-0.947252 -0.827633
-0.945252 -0.847647
-0.943251 -0.87475
-0.941251 -0.908941
-0.93925 -0.944577
-0.93725 -0.974676
-0.935249 -0.999219
-0.933249 -1.0182
-0.931248 -1.03163
-0.929248 -1.0395
-0.927247 -1.04182
-0.925246 -1.03858
-0.923246 -1.02978
-0.921245 -1.01542
-0.919245 -0.995509
-0.917244 -0.970039
-0.915244 -0.939013
-0.913243 -0.90243
-0.911243 -0.86234
-0.909242 -0.82631
-0.907242 -0.795047
-0.905241 -0.768549
-0.903241 -0.746817
-0.90124 -0.729852
-0.89924 -0.717652
-0.897239 -0.710219
-0.895238 -0.707551
-0.893238 -0.709649
-0.891237 -0.716513
-0.889237 -0.728144
-0.887236 -0.74454
-0.885236 -0.765702
-0.883235 -0.79163
-0.881235 -0.822324
-0.879234 -0.857784
-0.877234 -0.896201
-0.875233 -0.931102
-0.873233 -0.961911
-0.871232 -0.988627
-0.869232 -1.01125
-0.867231 -1.02978
-0.86523 -1.04422
-0.86323 -1.05456
-0.861229 -1.06082
-0.859229 -1.06298
-0.857228 -1.06105
-0.855228 -1.05502
-0.853227 -1.0449
-0.851227 -1.0307
-0.849226 -1.01239
-0.847226 -0.989998
-0.845225 -0.96351
-0.843225 -0.93293
-0.841224 -0.898258
-0.839224 -0.859512
-0.837223 -0.82108
-0.835222 -0.786309
-0.833222 -0.755196
-0.831221 -0.727744
-0.829221 -0.703951
-0.82722 -0.683818
-0.82522 -0.667345
-0.823219 -0.654532
-0.821219 -0.645379
-0.819218 -0.639885
-0.817218 -0.638051
-0.815217 -0.639877
-0.813217 -0.645363
-0.811216 -0.654508
-0.809216 -0.667313
-0.807215 -0.683778
-0.805214 -0.703903
-0.803214 -0.727688
-0.801213 -0.755132
-0.799213 -0.786236
-0.797212 -0.821
-0.795212 -0.859418
-0.793211 -0.897741
-0.791211 -0.932767
-0.78921 -0.964496
-0.78721 -0.992927
-0.785209 -1.01806
-0.783209 -1.0399
-0.781208 -1.05844
-0.779208 -1.07368
-0.777207 -1.08563
-0.775206 -1.09427
-0.773206 -1.09962
-0.771205 -1.10168
-0.769205 -1.10043
-0.767204 -1.09589
-0.765204 -1.08806
-0.763203 -1.07692
-0.761203 -1.06249
-0.759202 -1.04476
-0.757202 -1.02373
-0.755201 -0.999405
-0.753201 -0.971784
-0.7512 -0.940865
-0.7492 -0.906648
-0.747199 -0.869135
-0.745198 -0.829775
-0.743198 -0.793115
-0.741197 -0.759484
-0.739197 -0.728883
-0.737196 -0.701311
-0.735196 -0.676769
-0.733195 -0.655256
-0.731195 -0.636773
-0.729194 -0.621319
-0.727194 -0.608895
-0.725193 -0.5995
-0.723193 -0.593135
-0.721192 -0.589799
-0.719192 -0.589493
-0.717191 -0.592216
-0.715191 -0.597969
-0.71319 -0.606751
-0.711189 -0.618563
-0.709189 -0.633404
-0.707188 -0.651275
-0.705188 -0.672175
-0.703187 -0.696105
-0.701187 -0.723064
-0.699186 -0.753053
-0.697186 -0.786071
-0.695185 -0.822118
-0.693185 -0.861151
-0.691184 -0.899611
-0.689184 -0.935256
-0.687183 -0.968087
-0.685183 -0.998102
-0.683182 -1.0253
-0.681181 -1.04969
-0.679181 -1.07126
-0.67718 -1.09001
-0.67518 -1.10595
-0.673179 -1.11908
-0.671179 -1.12939
-0.669178 -1.13688
-0.667178 -1.14156
-0.665177 -1.14343
-0.663177 -1.14248
-0.661176 -1.13871
-0.659176 -1.13214
-0.657175 -1.12274
-0.655175 -1.11053
-0.653174 -1.09551
-0.651173 -1.07767
-0.649173 -1.05701
-0.647172 -1.03354
-0.645172 -1.00726
-0.643171 -0.978157
-0.641171 -0.946242
-0.63917 -0.911512
-0.63717 -0.873967
-0.635169 -0.834392
-0.633169 -0.796869
-0.631168 -0.761984
-0.629168 -0.729736
-0.627167 -0.700126
-0.625167 -0.673154
-0.623166 -0.64882
-0.621165 -0.627123
-0.619165 -0.608064
-0.617164 -0.591643
-0.615164 -0.57786
-0.613163 -0.566714
-0.611163 -0.558206
-0.609162 -0.552336
-0.607162 -0.549104
-0.605161 -0.548509
-0.603161 -0.550552
-0.60116 -0.555233
-0.59916 -0.562552
-0.597159 -0.572509
-0.595159 -0.585103
-0.593158 -0.600335
-0.591157 -0.618205
-0.589157 -0.638712
-0.587156 -0.661857
-0.585156 -0.68764
-0.583155 -0.716061
-0.581155 -0.74712
-0.579154 -0.780816
-0.577154 -0.81715
-0.575153 -0.856104
-0.573153 -0.894716
-0.571152 -0.930821
-0.569152 -0.96442
-0.567151 -0.995512
-0.565151 -1.0241
-0.56315 -1.05018
-0.561149 -1.07375
-0.559149 -1.09481
-0.557148 -1.11337
-0.555148 -1.12942
-0.553147 -1.14297
-0.551147 -1.15401
-0.549146 -1.16254
-0.547146 -1.16857
-0.545145 -1.17209
-0.543145 -1.1731
-0.541144 -1.17161
-0.539144 -1.1676
-0.537143 -1.1611
-0.535143 -1.15208
-0.533142 -1.14056
-0.531141 -1.12654
-0.529141 -1.11
-0.52714 -1.09096
-0.52514 -1.06941
-0.523139 -1.04536
-0.521139 -1.0188
-0.519138 -0.989733
-0.517138 -0.95816
-0.515137 -0.92408
-0.513137 -0.887493
-0.511136 -0.848399
-0.509136 -0.808966
-0.507135 -0.771911
-0.505135 -0.737241
-0.503134 -0.704956
-0.501133 -0.675057
-0.499133 -0.647544
-0.497132 -0.622416
-0.495132 -0.599674
-0.493131 -0.579318
-0.491131 -0.561347
-0.48913 -0.545762
-0.48713 -0.532562
-0.485129 -0.521748
-0.483129 -0.513319
-0.481128 -0.507276
-0.479128 -0.503619
-0.477127 -0.502347
-0.475127 -0.503461
-0.473126 -0.50696
-0.471125 -0.512845
-0.469125 -0.521116
-0.467124 -0.531772
-0.465124 -0.544814
-0.463123 -0.560241
-0.461123 -0.578054
-0.459122 -0.598253
-0.457122 -0.620837
-0.455121 -0.645807
-0.453121 -0.673162
-0.45112 -0.702903
-0.44912 -0.735029
-0.447119 -0.769541
-0.445119 -0.806439
-0.443118 -0.84551
-0.441117 -0.883421
-0.439117 -0.919023
-0.437116 -0.952319
-0.435116 -0.983306
-0.433115 -1.01199
-0.431115 -1.03836
-0.429114 -1.06242
-0.427114 -1.08418
-0.425113 -1.10363
-0.423113 -1.12077
-0.421112 -1.13561
-0.419112 -1.14814
-0.417111 -1.15836
-0.415111 -1.16627
-0.41311 -1.17187
-0.41111 -1.17517
-0.409109 -1.17616
-0.407108 -1.17484
-0.405108 -1.17121
-0.403107 -1.16528
-0.401107 -1.15704
-0.399106 -1.14649
-0.397106 -1.13363
-0.395105 -1.11847
-0.393105 -1.101
-0.391104 -1.08122
-0.389104 -1.05913
-0.387103 -1.03474
-0.385103 -1.00804
-0.383102 -0.979027
-0.381102 -0.94771
-0.379101 -0.914086
-0.3771 -0.878153
-0.3751 -0.839914
-0.373099 -0.799658
-0.371099 -0.760696
-0.369098 -0.723959
-0.367098 -0.689447
-0.365097 -0.657161
-0.363097 -0.6271
-0.361096 -0.599264
-0.359096 -0.573654
-0.357095 -0.550269
-0.355095 -0.529109
-0.353094 -0.510175
-0.351094 -0.493465
-0.349093 -0.478982
-0.347092 -0.466723
-0.345092 -0.45669
-0.343091 -0.448882
-0.341091 -0.443299
-0.33909 -0.439942
-0.33709 -0.43881
-0.335089 -0.439903
-0.333089 -0.443222
-0.331088 -0.448765
-0.329088 -0.456535
-0.327087 -0.466529
-0.325087 -0.478749
-0.323086 -0.493194
-0.321086 -0.509864
-0.319085 -0.52876
-0.317084 -0.549881
-0.315084 -0.573227
-0.313083 -0.598799
-0.311083 -0.626596
-0.309082 -0.656618
-0.307082 -0.688866
-0.305081 -0.723338
-0.303081 -0.760036
-0.30108 -0.798734
-0.29908 -0.836266
-0.297079 -0.871612
-0.295079 -0.904774
-0.293078 -0.935751
-0.291078 -0.964543
-0.289077 -0.991149
-0.287076 -1.01557
-0.285076 -1.03781
-0.283075 -1.05786
-0.281075 -1.07573
-0.279074 -1.09141
-0.277074 -1.1049
-0.275073 -1.11622
-0.273073 -1.12534
-0.271072 -1.13228
-0.269072 -1.13704
-0.267071 -1.13961
-0.265071 -1.14
-0.26307 -1.1382
-0.26107 -1.13422
-0.259069 -1.12805
-0.257068 -1.11969
-0.255068 -1.10915
-0.253067 -1.09643
-0.251067 -1.08152
-0.249066 -1.06443
-0.247066 -1.04515
-0.245065 -1.02369
-0.243065 -1.00004
-0.241064 -0.974204
-0.239064 -0.946185
-0.237063 -0.915981
-0.235063 -0.883592
-0.233062 -0.849018
-0.231062 -0.812259
-0.229061 -0.773315
-0.22706 -0.732526
-0.22506 -0.693082
-0.223059 -0.65577
-0.221059 -0.620591
-0.219058 -0.587544
-0.217058 -0.556629
-0.215057 -0.527846
-0.213057 -0.501196
-0.211056 -0.476678
-0.209056 -0.454292
-0.207055 -0.434039
-0.205055 -0.415917
-0.203054 -0.399928
-0.201054 -0.386072
-0.199053 -0.374347
-0.197052 -0.364755
-0.195052 -0.357295
-0.193051 -0.351968
-0.191051 -0.348772
-0.18905 -0.347709
-0.18705 -0.348778
-0.185049 -0.35198
-0.183049 -0.357313
-0.181048 -0.364779
-0.179048 -0.374378
-0.177047 -0.386108
-0.175047 -0.399971
-0.173046 -0.415966
-0.171046 -0.434093
-0.169045 -0.454353
-0.167044 -0.476745
-0.165044 -0.501269
-0.163043 -0.527925
-0.161043 -0.556714
-0.159042 -0.587635
-0.157042 -0.620688
-0.155041 -0.655873
-0.153041 -0.693191
-0.15104 -0.731265
-0.14904 -0.767298
-0.147039 -0.80121
-0.145039 -0.833
-0.143038 -0.862668
-0.141038 -0.890214
-0.139037 -0.915639
-0.137037 -0.938942
-0.135036 -0.960122
-0.133035 -0.979181
-0.131035 -0.996119
-0.129034 -1.01093
-0.127034 -1.02363
-0.125033 -1.0342
-0.123033 -1.04265
-0.121032 -1.04898
-0.119032 -1.05318
-0.117031 -1.05527
-0.115031 -1.05523
-0.11303 -1.05307
-0.11103 -1.04879
-0.109029 -1.04239
-0.107029 -1.03386
-0.105028 -1.02322
-0.103027 -1.01045
-0.101027 -0.995558
-0.0990264 -0.978546
-0.0970258 -0.959413
-0.0950253 -0.938157
-0.0930248 -0.91478
-0.0910242 -0.889281
-0.0890237 -0.861659
-0.0870232 -0.831917
-0.0850226 -0.800052
-0.0830221 -0.766066
-0.0810216 -0.729957
-0.079021 -0.691727
-0.0770205 -0.651375
-0.07502 -0.610133
-0.0730194 -0.570868
-0.0710189 -0.533697
-0.0690184 -0.498621
-0.0670179 -0.465638
-0.0650173 -0.434749
-0.0630168 -0.405954
-0.0610163 -0.379253
-0.0590157 -0.354646
-0.0570152 -0.332134
-0.0550147 -0.311715
-0.0530141 -0.29339
-0.0510136 -0.27716
-0.0490131 -0.263023
-0.0470125 -0.25098
-0.045012 -0.241032
-0.0430115 -0.233177
-0.0410109 -0.227417
-0.0390104 -0.22375
-0.0370099 -0.222178
-0.0350093 -0.222699
-0.0330088 -0.225315
-0.0310083 -0.230024
-0.0290077 -0.236828
-0.0270072 -0.245726
-0.0250067 -0.256717
-0.0230061 -0.269803
-0.0210056 -0.284983
-0.0190051 -0.302256
-0.0170045 -0.321624
-0.015004 -0.343086
-0.0130035 -0.366642
-0.0110029 -0.392292
-0.0090024 -0.420035
-0.00700187 -0.449873
-0.00500133 -0.481805
-0.0030008 -0.515831
-0.00100027 -0.551951
0.00100027 -0.58964
0.0030008 -0.625743
0.00500133 -0.659737
0.00700187 -0.691621
0.0090024 -0.721395
0.0110029 -0.749059
0.0130035 -0.774613
0.015004 -0.798056
0.0170045 -0.81939
0.0190051 -0.838614
0.0210056 -0.855727
0.0230061 -0.870731
0.0250067 -0.883625
0.0270072 -0.894408
0.0290077 -0.903082
0.0310083 -0.909645
0.0330088 -0.914099
0.0350093 -0.916442
0.0370099 -0.916675
0.0390104 -0.914799
0.0410109 -0.910812
0.0430115 -0.904715
0.045012 -0.896509
0.0470125 -0.886192
0.0490131 -0.873765
0.0510136 -0.859228
0.0530141 -0.842581
0.0550147 -0.823824
0.0570152 -0.802957
0.0590157 -0.77998
0.0610163 -0.754893
0.0630168 -0.727696
0.0650173 -0.698389
0.0670179 -0.666972
0.0690184 -0.633445
0.0710189 -0.597808
0.0730194 -0.560061
0.07502 -0.520203
0.0770205 -0.478353
0.079021 -0.437377
0.0810216 -0.398506
0.0830221 -0.361742
0.0850226 -0.327083
0.0870232 -0.29453
0.0890237 -0.264083
0.0910242 -0.235741
0.0930248 -0.209506
0.0950253 -0.185376
0.0970258 -0.163352
0.0990264 -0.143434
0.101027 -0.125622
0.103027 -0.109915
0.105028 -0.0963143
0.107029 -0.0848193
0.109029 -0.0754303
0.11103 -0.068147
0.11303 -0.0629695
0.115031 -0.0598978
0.117031 -0.058932
0.119032 -0.0600719
0.121032 -0.0633177
0.123033 -0.0686693
0.125033 -0.0761267
0.127034 -0.0856899
0.129034 -0.0973589
0.131035 -0.111134
0.133035 -0.127014
0.135036 -0.145001
0.137037 -0.165093
0.139037 -0.187291
0.141038 -0.211595
0.143038 -0.238005
0.145039 -0.26652
0.147039 -0.297142
0.14904 -0.329869
0.15104 -0.364702
0.153041 -0.401559
0.155041 -0.437644
0.157042 -0.471581
0.159042 -0.503369
0.161043 -0.533009
0.163043 -0.560501
0.165044 -0.585845
0.167044 -0.60904
0.169045 -0.630087
0.171046 -0.648986
0.173046 -0.665737
0.175047 -0.680339
0.177047 -0.692793
0.179048 -0.703099
0.181048 -0.711256
0.183049 -0.717266
0.185049 -0.721126
0.18705 -0.722839
0.18905 -0.722403
0.191051 -0.71982
0.193051 -0.715087
0.195052 -0.708207
0.197052 -0.699178
0.199053 -0.688001
0.201054 -0.674676
0.203054 -0.659202
0.205055 -0.64158
0.207055 -0.62181
0.209056 -0.599892
0.211056 -0.575825
0.213057 -0.54961
0.215057 -0.521247
0.217058 -0.490736
0.219058 -0.458076
0.221059 -0.423268
0.223059 -0.386311
0.22506 -0.347207
0.22706 -0.305954
0.229061 -0.263339
0.231062 -0.222554
0.233062 -0.183939
0.235063 -0.147492
0.237063 -0.113214
0.239064 -0.0811049
0.241064 -0.0511651
0.243065 -0.0233943
0.245065 0.00220754
0.247066 0.0256403
0.249066 0.0469041
0.251067 0.0659989
0.253067 0.0829247
0.255068 0.0976815
0.257068 0.110269
0.259069 0.120688
0.26107 0.128938
0.26307 0.135018
0.265071 0.13893
0.267071 0.140673
0.269072 0.140246
0.271072 0.137651
0.273073 0.132887
0.275073 0.125953
0.277074 0.116851
0.279074 0.10558
0.281075 0.0921393
0.283075 0.0765299
0.285076 0.0587515
0.287076 0.0388041
0.289077 0.0166877
0.291078 -0.00759776
0.293078 -0.0340522
0.295079 -0.0626757
0.297079 -0.0934681
0.29908 -0.12643
0.30108 -0.16156
0.303081 -0.19784
0.305081 -0.232105
0.307082 -0.264129
0.309082 -0.293911
0.311083 -0.321452
0.313083 -0.346751
0.315084 -0.36981
0.317084 -0.390627
0.319085 -0.409202
0.321086 -0.425537
0.323086 -0.43963
0.325087 -0.451481
0.327087 -0.461092
0.329088 -0.468461
0.331088 -0.473588
0.333089 -0.476475
0.335089 -0.47712
0.33709 -0.475524
0.33909 -0.471686
0.341091 -0.465608
0.343091 -0.457287
0.345092 -0.446726
0.347092 -0.433923
0.349093 -0.418879
0.351094 -0.401594
0.353094 -0.382067
0.355095 -0.360299
0.357095 -0.33629
0.359096 -0.310039
0.361096 -0.281547
0.363097 -0.250814
0.365097 -0.21784
0.367098 -0.182624
0.369098 -0.145166
0.371099 -0.105468
0.373099 -0.0635282
0.3751 -0.020279
0.3771 0.0209703
0.379101 0.059928
0.381102 0.0965941
0.383102 0.130969
0.385103 0.163052
0.387103 0.192843
0.389104 0.220343
0.391104 0.245551
0.393105 0.268468
0.395105 0.289093
0.397106 0.307427
0.399106 0.323469
0.401107 0.337219
0.403107 0.348678
0.405108 0.357845
0.407108 0.364721
0.409109 0.369305
0.41111 0.371597
0.41311 0.371598
0.415111 0.369308
0.417111 0.364726
0.419112 0.357852
0.421112 0.348687
0.423113 0.33723
0.425113 0.323481
0.427114 0.307441
0.429114 0.28911
0.431115 0.268487
0.433115 0.245572
0.435116 0.220366
0.437116 0.192868
0.439117 0.163078
0.441117 0.130997
0.443118 0.0966246
0.445119 0.0611075
0.447119 0.0277798
0.44912 -0.00314643
0.45112 -0.031671
0.453121 -0.057794
0.455121 -0.0815154
0.457122 -0.102835
0.459122 -0.121753
0.461123 -0.13827
0.463123 -0.152385
0.465124 -0.164098
0.467124 -0.17341
0.469125 -0.18032
0.471125 -0.184829
0.473126 -0.186936
0.475127 -0.186641
0.477127 -0.183945
0.479128 -0.178847
0.481128 -0.171348
0.483129 -0.161447
0.485129 -0.149144
0.48713 -0.13444
0.48913 -0.117334
0.491131 -0.0978267
0.493131 -0.0759177
0.495132 -0.0516071
0.497132 -0.0248949
0.499133 0.00421891
0.501133 0.0357343
0.503134 0.0696513
0.505135 0.10597
0.507135 0.14469
0.509136 0.185812
0.511136 0.229327
0.513137 0.272519
0.515137 0.31322
0.517138 0.35143
0.519138 0.38715
0.521139 0.420379
0.523139 0.451117
0.52514 0.479365
0.52714 0.505123
0.529141 0.528389
0.531141 0.549166
0.533142 0.567451
0.535143 0.583246
0.537143 0.59655
0.539144 0.607364
0.541144 0.615687
0.543145 0.621519
0.545145 0.624861
0.547146 0.625712
0.549146 0.624073
0.551147 0.619943
0.553147 0.613322
0.555148 0.604211
0.557148 0.592609
0.559149 0.578516
0.561149 0.561933
0.56315 0.542859
0.565151 0.521295
0.567151 0.49724
0.569152 0.470694
0.571152 0.441658
0.573153 0.410131
0.575153 0.376114
0.577154 0.34177
0.579154 0.310063
0.581155 0.281009
0.583155 0.254609
0.585156 0.230862
0.587156 0.20977
0.589157 0.191331
0.591157 0.175546
0.593158 0.162415
0.595159 0.151938
0.597159 0.144114
0.59916 0.138944
0.60116 0.136428
0.603161 0.136565
0.605161 0.139357
0.607162 0.144802
0.609162 0.152901
0.611163 0.163654
0.613163 0.17706
0.615164 0.19312
0.617164 0.211834
0.619165 0.233202
0.621165 0.257223
0.623166 0.283899
0.625167 0.313228
0.627167 0.34521
0.629168 0.379847
0.631168 0.417137
0.633169 0.457081
0.635169 0.499679
0.63717 0.544345
0.63917 0.586997
0.641171 0.626849
0.643171 0.663903
0.645172 0.698157
0.647172 0.729613
0.649173 0.75827
0.651173 0.784127
0.653174 0.807186
0.655175 0.827445
0.657175 0.844906
0.659176 0.859567
0.661176 0.87143
0.663177 0.880494
0.665177 0.886758
0.667178 0.890224
0.669178 0.89089
0.671179 0.888758
0.673179 0.883827
0.67518 0.876096
0.67718 0.865567
0.679181 0.852239
0.681181 0.836111
0.683182 0.817185
0.685183 0.795459
0.687183 0.770935
0.689184 0.743612
0.691184 0.713489
0.693185 0.680568
0.695185 0.647091
0.697186 0.616614
0.699186 0.589183
0.701187 0.564797
0.703187 0.543457
0.705188 0.525162
0.707188 0.509913
0.709189 0.497709
0.711189 0.488551
0.71319 0.482439
0.715191 0.479371
0.717191 0.47935
0.719192 0.482374
0.721192 0.488443
0.723193 0.497558
0.725193 0.509718
0.727194 0.524924
0.729194 0.543175
0.731195 0.564472
0.733195 0.588814
0.735196 0.616202
0.737196 0.646636
0.739197 0.680114
0.741197 0.716639
0.743198 0.756209
0.745198 0.798824
0.747199 0.844155
0.7492 0.887656
0.7512 0.927875
0.753201 0.964813
0.755201 0.99847
0.757202 1.02885
0.759202 1.05594
0.761203 1.07975
0.763203 1.10029
0.765204 1.11754
0.767204 1.13151
0.769205 1.14219
0.771205 1.1496
0.773206 1.15373
0.775206 1.15457
0.777207 1.15213
0.779208 1.14642
0.781208 1.13742
0.783209 1.12514
0.785209 1.10958
0.78721 1.09073
0.78921 1.06861
0.791211 1.0432
0.793211 1.01452
0.795212 0.982549
0.797212 0.950503
0.799213 0.922126
0.801213 0.897425
0.803214 0.8764
0.805214 0.859051
0.807215 0.845378
0.809216 0.83538
0.811216 0.829058
0.813217 0.826413
0.815217 0.827442
0.817218 0.832148
0.819218 0.840529
0.821219 0.852587
0.823219 0.868319
0.82522 0.887728
0.82722 0.910813
0.829221 0.937573
0.831221 0.968009
0.833222 1.00212
0.835222 1.03991
0.837223 1.08137
0.839224 1.12651
0.841224 1.17198
0.843225 1.21339
0.845225 1.25073
0.847226 1.28399
0.849226 1.31317
0.851227 1.33828
0.853227 1.35931
0.855228 1.37626
0.857228 1.38913
0.859229 1.39793
0.861229 1.40266
0.86323 1.4033
0.86523 1.39987
0.867231 1.39237
0.869232 1.38078
0.871232 1.36512
0.873233 1.34539
0.875233 1.32158
0.877234 1.29369
0.879234 1.2623
0.881235 1.23388
0.883235 1.21025
0.885236 1.19139
0.887236 1.17732
0.889237 1.16804
0.891237 1.16353
0.893238 1.1638
0.895238 1.16886
0.897239 1.1787
0.89924 1.19332
0.90124 1.21273
0.903241 1.23691
0.905241 1.26588
0.907242 1.29963
0.909242 1.33816
0.911243 1.38147
0.913243 1.42886
0.915244 1.47276
0.917244 1.51112
0.919245 1.54394
0.921245 1.57122
0.923246 1.59295
0.925246 1.60915
0.927247 1.6198
0.929248 1.62491
0.931248 1.62449
0.933249 1.61852
0.935249 1.60701
0.93725 1.58996
0.93925 1.56737
0.941251 1.53925
0.943251 1.5126
0.945252 1.49306
0.947252 1.48061
0.949253 1.47528
0.951253 1.47704
0.953254 1.48591
0.955254 1.50189
0.957255 1.52497
0.959256 1.55515
0.961256 1.59244
0.963257 1.63683
0.965257 1.68631
0.967258 1.72888
0.969258 1.76256
0.971259 1.78734
0.973259 1.80322
0.97526 1.81021
0.97726 1.80831
0.979261 1.79751
0.981261 1.77781
0.983262 1.75635
0.985262 1.74908
0.987263 1.7566
0.989264 1.77889
0.991264 1.81596
0.993265 1.8678
0.995265 1.91911
0.997266 1.94994
0.999266 1.96022
