-0.989821 -1.01905
-0.98784 -1.01478
-0.985858 -1.01056
-0.983877 -1.00639
-0.981895 -1.00227
-0.979913 -0.9982
-0.977932 -0.994179
-0.97595 -0.990208
-0.973968 -0.986285
-0.971987 -0.982412
-0.970005 -0.978589
-0.968024 -0.974814
-0.966042 -0.97109
-0.96406 -0.967414
-0.962079 -0.963788
-0.960097 -0.960211
-0.958115 -0.956684
-0.956134 -0.953206
-0.954152 -0.949777
-0.952171 -0.946398
-0.950189 -0.943068
-0.948207 -0.939788
-0.946226 -0.936557
-0.944244 -0.933375
-0.942262 -0.930242
-0.940281 -0.927159
-0.938299 -0.924126
-0.936318 -0.921142
-0.934336 -0.918207
-0.932354 -0.915321
-0.930373 -0.912485
-0.928391 -0.909698
-0.926409 -0.906961
-0.924428 -0.904273
-0.922446 -0.901634
-0.920465 -0.899045
-0.918483 -0.896505
-0.916501 -0.894015
-0.91452 -0.891573
-0.912538 -0.889182
-0.910556 -0.886839
-0.908575 -0.884546
-0.906593 -0.882302
-0.904612 -0.880108
-0.90263 -0.877963
-0.900648 -0.875868
-0.898667 -0.873822
-0.896685 -0.871825
-0.894703 -0.869877
-0.892722 -0.867979
-0.89074 -0.866131
-0.888759 -0.864331
-0.886777 -0.862581
-0.884795 -0.860881
-0.882814 -0.85923
-0.880832 -0.857628
-0.87885 -0.856075
-0.876869 -0.854572
-0.874887 -0.853119
-0.872906 -0.851714
-0.870924 -0.850359
-0.868942 -0.849054
-0.866961 -0.847798
-0.864979 -0.846591
-0.862997 -0.845433
-0.861016 -0.844325
-0.859034 -0.843267
-0.857053 -0.842257
-0.855071 -0.841297
-0.853089 -0.840387
-0.851108 -0.839526
-0.849126 -0.838714
-0.847144 -0.837951
-0.845163 -0.837238
-0.843181 -0.836575
-0.8412 -0.83596
-0.839218 -0.835395
-0.837236 -0.83488
-0.835255 -0.834413
-0.833273 -0.833997
-0.831291 -0.833629
-0.82931 -0.833311
-0.827328 -0.833042
-0.825347 -0.832823
-0.823365 -0.832653
-0.821383 -0.832532
-0.819402 -0.832461
-0.81742 -0.832439
-0.815438 -0.832467
-0.813457 -0.832544
-0.811475 -0.83267
-0.809494 -0.832846
-0.807512 -0.833071
-0.80553 -0.833345
-0.803549 -0.833669
-0.801567 -0.834042
-0.799585 -0.834464
-0.797604 -0.834936
-0.795622 -0.835457
-0.793641 -0.836028
-0.791659 -0.836648
-0.789677 -0.837317
-0.787696 -0.838036
-0.785714 -0.838804
-0.783732 -0.839622
-0.781751 -0.840489
-0.779769 -0.841405
-0.777788 -0.84237
-0.775806 -0.843385
-0.773824 -0.84445
-0.771843 -0.845563
-0.769861 -0.846727
-0.767879 -0.847939
-0.765898 -0.849201
-0.763916 -0.850512
-0.761935 -0.851873
-0.759953 -0.853283
-0.757971 -0.854742
-0.75599 -0.856251
-0.754008 -0.856578
-0.752026 -0.856734
-0.750045 -0.856887
-0.748063 -0.857035
-0.746082 -0.857179
-0.7441 -0.857319
-0.742118 -0.857455
-0.740137 -0.857587
-0.738155 -0.857715
-0.736173 -0.857838
-0.734192 -0.857957
-0.73221 -0.858073
-0.730229 -0.858184
-0.728247 -0.858291
-0.726265 -0.858394
-0.724284 -0.858492
-0.722302 -0.858587
-0.720321 -0.858677
-0.718339 -0.858764
-0.716357 -0.858846
-0.714376 -0.858924
-0.712394 -0.858998
-0.710412 -0.859067
-0.708431 -0.859133
-0.706449 -0.859195
-0.704468 -0.859252
-0.702486 -0.859305
-0.700504 -0.859354
-0.698523 -0.859399
-0.696541 -0.85944
-0.694559 -0.859477
-0.692578 -0.859509
-0.690596 -0.859538
-0.688615 -0.859562
-0.686633 -0.859582
-0.684651 -0.859598
-0.68267 -0.85961
-0.680688 -0.859618
-0.678706 -0.859622
-0.676725 -0.859621
-0.674743 -0.859617
-0.672762 -0.859608
-0.67078 -0.859595
-0.668798 -0.859578
-0.666817 -0.859557
-0.664835 -0.859532
-0.662853 -0.859502
-0.660872 -0.859469
-0.65889 -0.859431
-0.656909 -0.859389
-0.654927 -0.859343
-0.652945 -0.859293
-0.650964 -0.859239
-0.648982 -0.859181
-0.647 -0.859118
-0.645019 -0.859052
-0.643037 -0.858981
-0.641056 -0.858906
-0.639074 -0.858827
-0.637092 -0.858744
-0.635111 -0.858657
-0.633129 -0.858565
-0.631147 -0.85847
-0.629166 -0.85837
-0.627184 -0.858266
-0.625203 -0.858158
-0.623221 -0.858046
-0.621239 -0.85793
-0.619258 -0.85781
-0.617276 -0.857685
-0.615294 -0.857557
-0.613313 -0.857424
-0.611331 -0.857287
-0.60935 -0.857146
-0.607368 -0.857001
-0.605386 -0.856852
-0.603405 -0.856698
-0.601423 -0.856541
-0.599441 -0.856379
-0.59746 -0.856214
-0.595478 -0.856044
-0.593497 -0.85587
-0.591515 -0.855691
-0.589533 -0.855509
-0.587552 -0.855323
-0.58557 -0.855132
-0.583588 -0.854937
-0.581607 -0.854739
-0.579625 -0.854536
-0.577644 -0.854329
-0.575662 -0.854117
-0.57368 -0.853902
-0.571699 -0.853682
-0.569717 -0.853459
-0.567735 -0.853231
-0.565754 -0.852999
-0.563772 -0.852763
-0.561791 -0.852523
-0.559809 -0.852279
-0.557827 -0.85203
-0.555846 -0.851778
-0.553864 -0.851521
-0.551882 -0.85126
-0.549901 -0.850995
-0.547919 -0.850726
-0.545938 -0.850453
-0.543956 -0.850176
-0.541974 -0.849894
-0.539993 -0.849609
-0.538011 -0.849319
-0.536029 -0.849025
-0.534048 -0.848727
-0.532066 -0.848425
-0.530085 -0.848119
-0.528103 -0.847808
-0.526121 -0.847494
-0.52414 -0.847175
-0.522158 -0.846852
-0.520176 -0.846525
-0.518195 -0.846194
-0.516213 -0.845859
-0.514232 -0.84552
-0.51225 -0.845176
-0.510268 -0.844829
-0.508287 -0.844477
-0.506305 -0.844121
-0.504323 -0.843761
-0.502342 -0.843397
-0.50036 -0.843029
-0.498379 -0.842656
-0.496397 -0.84228
-0.494415 -0.841899
-0.492434 -0.841514
-0.490452 -0.841125
-0.48847 -0.840732
-0.486489 -0.840335
-0.484507 -0.839934
-0.482526 -0.839528
-0.480544 -0.839119
-0.478562 -0.838705
-0.476581 -0.838287
-0.474599 -0.837865
-0.472617 -0.837439
-0.470636 -0.837009
-0.468654 -0.836575
-0.466673 -0.836136
-0.464691 -0.835693
-0.462709 -0.835247
-0.460728 -0.834796
-0.458746 -0.834341
-0.456764 -0.833882
-0.454783 -0.833418
-0.452801 -0.832951
-0.45082 -0.832479
-0.448838 -0.832004
-0.446856 -0.831524
-0.444875 -0.83104
-0.442893 -0.830552
-0.440911 -0.830059
-0.43893 -0.829563
-0.436948 -0.829063
-0.434967 -0.828558
-0.432985 -0.828049
-0.431003 -0.827536
-0.429022 -0.827019
-0.42704 -0.826498
-0.425058 -0.825973
-0.423077 -0.825443
-0.421095 -0.82491
-0.419114 -0.824372
-0.417132 -0.82383
-0.41515 -0.823285
-0.413169 -0.822734
-0.411187 -0.82218
-0.409205 -0.821622
-0.407224 -0.821059
-0.405242 -0.820493
-0.403261 -0.819922
-0.401279 -0.819347
-0.399297 -0.818768
-0.397316 -0.818185
-0.395334 -0.817598
-0.393352 -0.817006
-0.391371 -0.816411
-0.389389 -0.815811
-0.387408 -0.815207
-0.385426 -0.814599
-0.383444 -0.813987
-0.381463 -0.813371
-0.379481 -0.812751
-0.377499 -0.812126
-0.375518 -0.811498
-0.373536 -0.810865
-0.371555 -0.810228
-0.369573 -0.809587
-0.367591 -0.808942
-0.36561 -0.808293
-0.363628 -0.807639
-0.361646 -0.806982
-0.359665 -0.80632
-0.357683 -0.805655
-0.355702 -0.804985
-0.35372 -0.804311
-0.351738 -0.803632
-0.349757 -0.80295
-0.347775 -0.802264
-0.345793 -0.801573
-0.343812 -0.800878
-0.34183 -0.80018
-0.339849 -0.799477
-0.337867 -0.798769
-0.335885 -0.798058
-0.333904 -0.797343
-0.331922 -0.796623
-0.32994 -0.7959
-0.327959 -0.795172
-0.325977 -0.79444
-0.323996 -0.793704
-0.322014 -0.792964
-0.320032 -0.79222
-0.318051 -0.791471
-0.316069 -0.790719
-0.314087 -0.789962
-0.312106 -0.789201
-0.310124 -0.788436
-0.308143 -0.787667
-0.306161 -0.786894
-0.304179 -0.786116
-0.302198 -0.785335
-0.300216 -0.784549
-0.298234 -0.78376
-0.296253 -0.782966
-0.294271 -0.782168
-0.29229 -0.781366
-0.290308 -0.780559
-0.288326 -0.779749
-0.286345 -0.778934
-0.284363 -0.778116
-0.282381 -0.777293
-0.2804 -0.776421
-0.278418 -0.775519
-0.276437 -0.77461
-0.274455 -0.773693
-0.272473 -0.772768
-0.270492 -0.771835
-0.26851 -0.770894
-0.266528 -0.769945
-0.264547 -0.768989
-0.262565 -0.768025
-0.260584 -0.767053
-0.258602 -0.766073
-0.25662 -0.765085
-0.254639 -0.764089
-0.252657 -0.763086
-0.250675 -0.762074
-0.248694 -0.761055
-0.246712 -0.760028
-0.244731 -0.758993
-0.242749 -0.75795
-0.240767 -0.756899
-0.238786 -0.755841
-0.236804 -0.754774
-0.234823 -0.7537
-0.232841 -0.752618
-0.230859 -0.751528
-0.228878 -0.75043
-0.226896 -0.749325
-0.224914 -0.748211
-0.222933 -0.74709
-0.220951 -0.745961
-0.21897 -0.744824
-0.216988 -0.743679
-0.215006 -0.742526
-0.213025 -0.741365
-0.211043 -0.740197
-0.209061 -0.73902
-0.20708 -0.737836
-0.205098 -0.736644
-0.203117 -0.735444
-0.201135 -0.734237
-0.199153 -0.733021
-0.197172 -0.731797
-0.19519 -0.730566
-0.193208 -0.729327
-0.191227 -0.72808
-0.189245 -0.726825
-0.187264 -0.725562
-0.185282 -0.724292
-0.1833 -0.723013
-0.181319 -0.721727
-0.179337 -0.720433
-0.177355 -0.719131
-0.175374 -0.717821
-0.173392 -0.716503
-0.171411 -0.715178
-0.169429 -0.713844
-0.167447 -0.712503
-0.165466 -0.711154
-0.163484 -0.709797
-0.161502 -0.708432
-0.159521 -0.70706
-0.157539 -0.705679
-0.155558 -0.704291
-0.153576 -0.702894
-0.151594 -0.70149
-0.149613 -0.700078
-0.147631 -0.698659
-0.145649 -0.697231
-0.143668 -0.695796
-0.141686 -0.694352
-0.139705 -0.692901
-0.137723 -0.691442
-0.135741 -0.689975
-0.13376 -0.6885
-0.131778 -0.687018
-0.129796 -0.685527
-0.127815 -0.684029
-0.125833 -0.682523
-0.123852 -0.681009
-0.12187 -0.679487
-0.119888 -0.677957
-0.117907 -0.676419
-0.115925 -0.674874
-0.113943 -0.673321
-0.111962 -0.671759
-0.10998 -0.67019
-0.107999 -0.668613
-0.106017 -0.667029
-0.104035 -0.665436
-0.102054 -0.663836
-0.100072 -0.662227
-0.0980904 -0.660611
-0.0961088 -0.658987
-0.0941272 -0.657355
-0.0921455 -0.655716
-0.0901639 -0.654068
-0.0881823 -0.652413
-0.0862007 -0.65075
-0.084219 -0.649078
-0.0822374 -0.647399
-0.0802558 -0.645713
-0.0782742 -0.644018
-0.0762925 -0.642315
-0.0743109 -0.640605
-0.0723293 -0.638887
-0.0703477 -0.637161
-0.068366 -0.635427
-0.0663844 -0.633685
-0.0644028 -0.631935
-0.0624212 -0.630178
-0.0604395 -0.628412
-0.0584579 -0.626639
-0.0564763 -0.624858
-0.0544947 -0.623069
-0.052513 -0.621272
-0.0505314 -0.619468
-0.0485498 -0.617655
-0.0465682 -0.615835
-0.0445866 -0.614007
-0.0426049 -0.612171
-0.0406233 -0.610327
-0.0386417 -0.608475
-0.0366601 -0.606616
-0.0346784 -0.604748
-0.0326968 -0.602873
-0.0307152 -0.60099
-0.0287336 -0.599099
-0.0267519 -0.5972
-0.0247703 -0.595293
-0.0227887 -0.593378
-0.0208071 -0.591456
-0.0188254 -0.589526
-0.0168438 -0.587588
-0.0148622 -0.585642
-0.0128806 -0.583688
-0.0108989 -0.581726
-0.00891731 -0.579757
-0.00693569 -0.577779
-0.00495406 -0.575794
-0.00297244 -0.573801
-0.000990812 -0.5718
0.000990812 -0.569791
0.00297244 -0.567774
0.00495406 -0.56575
0.00693569 -0.563717
0.00891731 -0.561677
0.0108989 -0.559629
0.0128806 -0.557573
0.0148622 -0.555509
0.0168438 -0.553438
0.0188254 -0.551358
0.0208071 -0.549271
0.0227887 -0.547176
0.0247703 -0.545072
0.0267519 -0.542962
0.0287336 -0.540843
0.0307152 -0.538716
0.0326968 -0.536582
0.0346784 -0.534439
0.0366601 -0.532289
0.0386417 -0.530131
0.0406233 -0.527965
0.0426049 -0.525791
0.0445866 -0.52361
0.0465682 -0.52142
0.0485498 -0.519223
0.0505314 -0.517018
0.052513 -0.514805
0.0544947 -0.512584
0.0564763 -0.510355
0.0584579 -0.508119
0.0604395 -0.505874
0.0624212 -0.503622
0.0644028 -0.501362
0.0663844 -0.499094
0.068366 -0.496818
0.0703477 -0.494534
0.0723293 -0.492243
0.0743109 -0.489943
0.0762925 -0.487636
0.0782742 -0.485321
0.0802558 -0.482998
0.0822374 -0.480667
0.084219 -0.478329
0.0862007 -0.475982
0.0881823 -0.473628
0.0901639 -0.471265
0.0921455 -0.468895
0.0941272 -0.466517
0.0961088 -0.464132
0.0980904 -0.461738
0.100072 -0.459336
0.102054 -0.456927
0.104035 -0.45451
0.106017 -0.452085
0.107999 -0.449652
0.10998 -0.447211
0.111962 -0.444762
0.113943 -0.442306
0.115925 -0.439842
0.117907 -0.437369
0.119888 -0.434889
0.12187 -0.432401
0.123852 -0.429906
0.125833 -0.427402
0.127815 -0.424891
0.129796 -0.422371
0.131778 -0.419844
0.13376 -0.417309
0.135741 -0.414766
0.137723 -0.412216
0.139705 -0.409657
0.141686 -0.407091
0.143668 -0.404516
0.145649 -0.401934
0.147631 -0.399344
0.149613 -0.396746
0.151594 -0.394141
0.153576 -0.391527
0.155558 -0.388906
0.157539 -0.386276
0.159521 -0.383639
0.161502 -0.380994
0.163484 -0.378341
0.165466 -0.375681
0.167447 -0.373012
0.169429 -0.370336
0.171411 -0.367652
0.173392 -0.36496
0.175374 -0.36226
0.177355 -0.359552
0.179337 -0.356836
0.181319 -0.354113
0.1833 -0.351381
0.185282 -0.348642
0.187264 -0.345895
0.189245 -0.34314
0.191227 -0.340377
0.193208 -0.337607
0.19519 -0.334828
0.197172 -0.332042
0.199153 -0.329248
0.201135 -0.326446
0.203117 -0.323636
0.205098 -0.320818
0.20708 -0.317992
0.209061 -0.315159
0.211043 -0.312318
0.213025 -0.309468
0.215006 -0.306611
0.216988 -0.303747
0.21897 -0.300874
0.220951 -0.297993
0.222933 -0.295105
0.224914 -0.292209
0.226896 -0.289304
0.228878 -0.286392
0.230859 -0.283473
0.232841 -0.280545
0.234823 -0.277609
0.236804 -0.274666
0.238786 -0.271715
0.240767 -0.268755
0.242749 -0.265789
0.244731 -0.262814
0.246712 -0.259831
0.248694 -0.25684
0.250675 -0.253842
0.252657 -0.250836
0.254639 -0.247822
0.25662 -0.2448
0.258602 -0.24177
0.260584 -0.238732
0.262565 -0.235687
0.264547 -0.232634
0.266528 -0.229572
0.26851 -0.226503
0.270492 -0.223426
0.272473 -0.220342
0.274455 -0.217249
0.276437 -0.214148
0.278418 -0.21104
0.2804 -0.207924
0.282381 -0.204821
0.284363 -0.201752
0.286345 -0.198672
0.288326 -0.19558
0.290308 -0.192476
0.29229 -0.189361
0.294271 -0.186234
0.296253 -0.183095
0.298234 -0.179945
0.300216 -0.176784
0.302198 -0.173611
0.304179 -0.170426
0.306161 -0.16723
0.308143 -0.164022
0.310124 -0.160802
0.312106 -0.157571
0.314087 -0.154329
0.316069 -0.151075
0.318051 -0.147809
0.320032 -0.144532
0.322014 -0.141243
0.323996 -0.137942
0.325977 -0.13463
0.327959 -0.131307
0.32994 -0.127972
0.331922 -0.124625
0.333904 -0.121266
0.335885 -0.117897
0.337867 -0.114515
0.339849 -0.111122
0.34183 -0.107717
0.343812 -0.104301
0.345793 -0.100873
0.347775 -0.097434
0.349757 -0.093983
0.351738 -0.0905205
0.35372 -0.0870464
0.355702 -0.0835608
0.357683 -0.0800635
0.359665 -0.0765547
0.361646 -0.0730343
0.363628 -0.0695024
0.36561 -0.0659588
0.367591 -0.0624037
0.369573 -0.058837
0.371555 -0.0552588
0.373536 -0.051669
0.375518 -0.0480675
0.377499 -0.0444546
0.379481 -0.04083
0.381463 -0.0371939
0.383444 -0.0335461
0.385426 -0.0298869
0.387408 -0.026216
0.389389 -0.0225336
0.391371 -0.0188395
0.393352 -0.015134
0.395334 -0.0114168
0.397316 -0.00768806
0.399297 -0.00394775
0.401279 -0.000195864
0.403261 0.0035676
0.405242 0.00734263
0.407224 0.0111292
0.409205 0.0149274
0.411187 0.0187372
0.413169 0.0225585
0.41515 0.0263914
0.417132 0.0302359
0.419114 0.034092
0.421095 0.0379596
0.423077 0.0418388
0.425058 0.0457296
0.42704 0.049632
0.429022 0.0535459
0.431003 0.0574714
0.432985 0.0614085
0.434967 0.0653572
0.436948 0.0693174
0.43893 0.0732892
0.440911 0.0772726
0.442893 0.0812676
0.444875 0.0852741
0.446856 0.0892922
0.448838 0.0933219
0.45082 0.0973632
0.452801 0.101416
0.454783 0.10548
0.456764 0.109556
0.458746 0.113644
0.460728 0.117743
0.462709 0.121854
0.464691 0.125976
0.466673 0.13011
0.468654 0.134255
0.470636 0.138412
0.472617 0.142581
0.474599 0.146761
0.476581 0.150953
0.478562 0.155156
0.480544 0.159371
0.482526 0.163598
0.484507 0.167836
0.486489 0.172085
0.48847 0.176346
0.490452 0.180619
0.492434 0.184904
0.494415 0.189199
0.496397 0.193507
0.498379 0.197826
0.50036 0.202157
0.502342 0.206499
0.504323 0.210853
0.506305 0.215218
0.508287 0.219595
0.510268 0.223983
0.51225 0.228384
0.514232 0.232795
0.516213 0.237218
0.518195 0.241653
0.520176 0.2461
0.522158 0.250558
0.52414 0.255027
0.526121 0.259508
0.528103 0.264001
0.530085 0.268505
0.532066 0.273021
0.534048 0.277548
0.536029 0.282087
0.538011 0.286638
0.539993 0.2912
0.541974 0.295774
0.543956 0.300359
0.545938 0.304956
0.547919 0.309564
0.549901 0.314184
0.551882 0.318816
0.553864 0.323459
0.555846 0.328114
0.557827 0.33278
0.559809 0.337458
0.561791 0.342148
0.563772 0.346849
0.565754 0.351561
0.567735 0.356285
0.569717 0.361021
0.571699 0.365769
0.57368 0.370527
0.575662 0.375298
0.577644 0.38008
0.579625 0.384874
0.581607 0.389679
0.583588 0.394496
0.58557 0.399324
0.587552 0.404164
0.589533 0.409015
0.591515 0.413879
0.593497 0.418753
0.595478 0.423639
0.59746 0.428537
0.599441 0.433447
0.601423 0.438368
0.603405 0.4433
0.605386 0.448244
0.607368 0.4532
0.60935 0.458167
0.611331 0.463146
0.613313 0.468137
0.615294 0.473139
0.617276 0.478152
0.619258 0.483177
0.621239 0.488214
0.623221 0.493262
0.625203 0.498322
0.627184 0.503394
0.629166 0.508477
0.631147 0.513571
0.633129 0.518677
0.635111 0.523795
0.637092 0.528924
0.639074 0.534065
0.641056 0.539218
0.643037 0.544382
0.645019 0.549557
0.647 0.554745
0.648982 0.559943
0.650964 0.565154
0.652945 0.570376
0.654927 0.575609
0.656909 0.580854
0.65889 0.586111
0.660872 0.591379
0.662853 0.596659
0.664835 0.60195
0.666817 0.607253
0.668798 0.612568
0.67078 0.617894
0.672762 0.623231
0.674743 0.628581
0.676725 0.633941
0.678706 0.639314
0.680688 0.644698
0.68267 0.650093
0.684651 0.6555
0.686633 0.660919
0.688615 0.666349
0.690596 0.671791
0.692578 0.677245
0.694559 0.68271
0.696541 0.688186
0.698523 0.693674
0.700504 0.699174
0.702486 0.704685
0.704468 0.710208
0.706449 0.715743
0.708431 0.721289
0.710412 0.726846
0.712394 0.732415
0.714376 0.737996
0.716357 0.743588
0.718339 0.749192
0.720321 0.754808
0.722302 0.760435
0.724284 0.766073
0.726265 0.771724
0.728247 0.777385
0.730229 0.783059
0.73221 0.788744
0.734192 0.79444
0.736173 0.800148
0.738155 0.805868
0.740137 0.811599
0.742118 0.817342
0.7441 0.823096
0.746082 0.828862
0.748063 0.83464
0.750045 0.840429
0.752026 0.846229
0.754008 0.852042
0.75599 0.857699
0.757971 0.862191
0.759953 0.866747
0.761935 0.871369
0.763916 0.876055
0.765898 0.880807
0.767879 0.885624
0.769861 0.890506
0.771843 0.895453
0.773824 0.900465
0.775806 0.905543
0.777788 0.910685
0.779769 0.915892
0.781751 0.921165
0.783732 0.926502
0.785714 0.931905
0.787696 0.937373
0.789677 0.942905
0.791659 0.948503
0.793641 0.954166
0.795622 0.959894
0.797604 0.965687
0.799585 0.971546
0.801567 0.977469
0.803549 0.983457
0.80553 0.989511
0.807512 0.995629
0.809494 1.00181
0.811475 1.00806
0.813457 1.01438
0.815438 1.02075
0.81742 1.0272
0.819402 1.03371
0.821383 1.04028
0.823365 1.04692
0.825347 1.05362
0.827328 1.06039
0.82931 1.06723
0.831291 1.07413
0.833273 1.08109
0.835255 1.08812
0.837236 1.09522
0.839218 1.10238
0.8412 1.1096
0.843181 1.11689
0.845163 1.12425
0.847144 1.13167
0.849126 1.13915
0.851108 1.1467
0.853089 1.15432
0.855071 1.162
0.857053 1.16974
0.859034 1.17755
0.861016 1.18543
0.862997 1.19337
0.864979 1.20138
0.866961 1.20945
0.868942 1.21758
0.870924 1.22578
0.872906 1.23405
0.874887 1.24238
0.876869 1.25078
0.87885 1.25924
0.880832 1.26777
0.882814 1.27636
0.884795 1.28501
0.886777 1.29374
0.888759 1.30252
0.89074 1.31137
0.892722 1.32029
0.894703 1.32927
0.896685 1.33832
0.898667 1.34743
0.900648 1.35661
0.90263 1.36585
0.904612 1.37516
0.906593 1.38453
0.908575 1.39397
0.910556 1.40347
0.912538 1.41304
0.91452 1.42267
0.916501 1.43237
0.918483 1.44213
0.920465 1.45196
0.922446 1.46186
0.924428 1.47181
0.926409 1.48184
0.928391 1.49193
0.930373 1.50208
0.932354 1.5123
0.934336 1.52258
0.936318 1.53293
0.938299 1.54334
0.940281 1.55382
0.942262 1.56437
0.944244 1.57498
0.946226 1.58565
0.948207 1.59639
0.950189 1.60719
0.952171 1.61806
0.954152 1.629
0.956134 1.64
0.958115 1.65106
0.960097 1.66219
0.962079 1.67339
0.96406 1.68465
0.966042 1.69597
0.968024 1.70736
0.970005 1.71882
0.971987 1.73034
0.973968 1.74192
0.97595 1.75357
0.977932 1.76529
0.979913 1.77707
0.981895 1.78891
0.983877 1.80082
0.985858 1.8128
0.98784 1.82484
0.989821 1.83695
