-0.989821 -1.01905
-0.98784 -1.01523
-0.985858 -1.01142
-0.983877 -1.00761
-0.981895 -1.0038
-0.979913 -1
-0.977932 -0.996216
-0.97595 -0.99244
-0.973968 -0.988677
-0.971987 -0.98493
-0.970005 -0.9812
-0.968024 -0.977489
-0.966042 -0.973799
-0.96406 -0.970133
-0.962079 -0.966491
-0.960097 -0.962876
-0.958115 -0.959289
-0.956134 -0.955734
-0.954152 -0.952211
-0.952171 -0.948722
-0.950189 -0.94527
-0.948207 -0.941856
-0.946226 -0.938482
-0.944244 -0.935151
-0.942262 -0.931863
-0.940281 -0.928622
-0.938299 -0.925428
-0.936318 -0.922284
-0.934336 -0.919192
-0.932354 -0.916154
-0.930373 -0.913171
-0.928391 -0.910246
-0.926409 -0.90738
-0.924428 -0.904575
-0.922446 -0.901834
-0.920465 -0.899158
-0.918483 -0.896548
-0.916501 -0.894008
-0.91452 -0.891539
-0.912538 -0.889142
-0.910556 -0.88682
-0.908575 -0.884575
-0.906593 -0.882407
-0.904612 -0.880314
-0.90263 -0.878296
-0.900648 -0.876352
-0.898667 -0.87448
-0.896685 -0.872679
-0.894703 -0.870948
-0.892722 -0.869287
-0.89074 -0.867693
-0.888759 -0.866166
-0.886777 -0.864704
-0.884795 -0.863307
-0.882814 -0.861973
-0.880832 -0.860702
-0.87885 -0.859491
-0.876869 -0.85834
-0.874887 -0.857249
-0.872906 -0.856214
-0.870924 -0.855237
-0.868942 -0.854314
-0.866961 -0.853446
-0.864979 -0.852631
-0.862997 -0.851868
-0.861016 -0.851156
-0.859034 -0.850493
-0.857053 -0.84988
-0.855071 -0.849313
-0.853089 -0.848793
-0.851108 -0.848318
-0.849126 -0.847887
-0.847144 -0.847499
-0.845163 -0.847152
-0.843181 -0.846847
-0.8412 -0.84658
-0.839218 -0.846353
-0.837236 -0.846162
-0.835255 -0.846007
-0.833273 -0.845888
-0.831291 -0.845802
-0.82931 -0.845749
-0.827328 -0.845727
-0.825347 -0.845736
-0.823365 -0.845774
-0.821383 -0.84584
-0.819402 -0.845934
-0.81742 -0.846053
-0.815438 -0.846197
-0.813457 -0.846364
-0.811475 -0.846554
-0.809494 -0.846766
-0.807512 -0.846997
-0.80553 -0.847248
-0.803549 -0.847516
-0.801567 -0.847802
-0.799585 -0.848103
-0.797604 -0.848418
-0.795622 -0.848747
-0.793641 -0.849089
-0.791659 -0.849441
-0.789677 -0.849803
-0.787696 -0.850175
-0.785714 -0.850554
-0.783732 -0.850939
-0.781751 -0.85133
-0.779769 -0.851726
-0.777788 -0.852124
-0.775806 -0.852525
-0.773824 -0.852926
-0.771843 -0.853327
-0.769861 -0.853727
-0.767879 -0.854125
-0.765898 -0.854519
-0.763916 -0.854908
-0.761935 -0.855291
-0.759953 -0.855667
-0.757971 -0.856035
-0.75599 -0.856394
-0.754008 -0.856743
-0.752026 -0.857081
-0.750045 -0.857408
-0.748063 -0.857725
-0.746082 -0.858032
-0.7441 -0.858329
-0.742118 -0.858616
-0.740137 -0.858893
-0.738155 -0.85916
-0.736173 -0.859417
-0.734192 -0.859664
-0.73221 -0.859901
-0.730229 -0.860129
-0.728247 -0.860348
-0.726265 -0.860557
-0.724284 -0.860757
-0.722302 -0.860947
-0.720321 -0.861128
-0.718339 -0.8613
-0.716357 -0.861463
-0.714376 -0.861617
-0.712394 -0.861762
-0.710412 -0.861899
-0.708431 -0.862027
-0.706449 -0.862146
-0.704468 -0.862256
-0.702486 -0.862358
-0.700504 -0.862452
-0.698523 -0.862537
-0.696541 -0.862614
-0.694559 -0.862683
-0.692578 -0.862744
-0.690596 -0.862797
-0.688615 -0.862842
-0.686633 -0.862879
-0.684651 -0.862909
-0.68267 -0.862931
-0.680688 -0.862945
-0.678706 -0.862952
-0.676725 -0.862951
-0.674743 -0.862943
-0.672762 -0.862927
-0.67078 -0.862905
-0.668798 -0.862875
-0.666817 -0.862839
-0.664835 -0.862795
-0.662853 -0.862745
-0.660872 -0.862688
-0.65889 -0.862624
-0.656909 -0.862553
-0.654927 -0.862476
-0.652945 -0.862393
-0.650964 -0.862303
-0.648982 -0.862207
-0.647 -0.862105
-0.645019 -0.861996
-0.643037 -0.861882
-0.641056 -0.861761
-0.639074 -0.861635
-0.637092 -0.861503
-0.635111 -0.861365
-0.633129 -0.861222
-0.631147 -0.861072
-0.629166 -0.860918
-0.627184 -0.860758
-0.625203 -0.860593
-0.623221 -0.860422
-0.621239 -0.860246
-0.619258 -0.860066
-0.617276 -0.85988
-0.615294 -0.859689
-0.613313 -0.859494
-0.611331 -0.859294
-0.60935 -0.859089
-0.607368 -0.858879
-0.605386 -0.858665
-0.603405 -0.858447
-0.601423 -0.858224
-0.599441 -0.857997
-0.59746 -0.857765
-0.595478 -0.85753
-0.593497 -0.857291
-0.591515 -0.857047
-0.589533 -0.8568
-0.587552 -0.856549
-0.58557 -0.856294
-0.583588 -0.856036
-0.581607 -0.855774
-0.579625 -0.855509
-0.577644 -0.85524
-0.575662 -0.854968
-0.57368 -0.854693
-0.571699 -0.854414
-0.569717 -0.854133
-0.567735 -0.853848
-0.565754 -0.853561
-0.563772 -0.853271
-0.561791 -0.852978
-0.559809 -0.852682
-0.557827 -0.852384
-0.555846 -0.852083
-0.553864 -0.85178
-0.551882 -0.851475
-0.549901 -0.851167
-0.547919 -0.850858
-0.545938 -0.850546
-0.543956 -0.850232
-0.541974 -0.849916
-0.539993 -0.849598
-0.538011 -0.849279
-0.536029 -0.848958
-0.534048 -0.848634
-0.532066 -0.848309
-0.530085 -0.847982
-0.528103 -0.847653
-0.526121 -0.847322
-0.52414 -0.846988
-0.522158 -0.846653
-0.520176 -0.846315
-0.518195 -0.845975
-0.516213 -0.845633
-0.514232 -0.845289
-0.51225 -0.844942
-0.510268 -0.844592
-0.508287 -0.844241
-0.506305 -0.843886
-0.504323 -0.84353
-0.502342 -0.84317
-0.50036 -0.842809
-0.498379 -0.842444
-0.496397 -0.842077
-0.494415 -0.841707
-0.492434 -0.841334
-0.490452 -0.840958
-0.48847 -0.84058
-0.486489 -0.840198
-0.484507 -0.839814
-0.482526 -0.839426
-0.480544 -0.839036
-0.478562 -0.838642
-0.476581 -0.838246
-0.474599 -0.837846
-0.472617 -0.837443
-0.470636 -0.837037
-0.468654 -0.836627
-0.466673 -0.836214
-0.464691 -0.835798
-0.462709 -0.835378
-0.460728 -0.834955
-0.458746 -0.834528
-0.456764 -0.834098
-0.454783 -0.833664
-0.452801 -0.833227
-0.45082 -0.832785
-0.448838 -0.83234
-0.446856 -0.831892
-0.444875 -0.831439
-0.442893 -0.830983
-0.440911 -0.830523
-0.43893 -0.830059
-0.436948 -0.829591
-0.434967 -0.829118
-0.432985 -0.828642
-0.431003 -0.828162
-0.429022 -0.827677
-0.42704 -0.827189
-0.425058 -0.826696
-0.423077 -0.826199
-0.421095 -0.825697
-0.419114 -0.825191
-0.417132 -0.824681
-0.41515 -0.824166
-0.413169 -0.823647
-0.411187 -0.823123
-0.409205 -0.822595
-0.407224 -0.822062
-0.405242 -0.821525
-0.403261 -0.820982
-0.401279 -0.820435
-0.399297 -0.819883
-0.397316 -0.819327
-0.395334 -0.818765
-0.393352 -0.818199
-0.391371 -0.817628
-0.389389 -0.817051
-0.387408 -0.81647
-0.385426 -0.815883
-0.383444 -0.815292
-0.381463 -0.814695
-0.379481 -0.814093
-0.377499 -0.813485
-0.375518 -0.812873
-0.373536 -0.812255
-0.371555 -0.811632
-0.369573 -0.811003
-0.367591 -0.810369
-0.36561 -0.809729
-0.363628 -0.809084
-0.361646 -0.808433
-0.359665 -0.807776
-0.357683 -0.807114
-0.355702 -0.806446
-0.35372 -0.805773
-0.351738 -0.805093
-0.349757 -0.804408
-0.347775 -0.803717
-0.345793 -0.80302
-0.343812 -0.802316
-0.34183 -0.801607
-0.339849 -0.800892
-0.337867 -0.800171
-0.335885 -0.799443
-0.333904 -0.79871
-0.331922 -0.79797
-0.32994 -0.797224
-0.327959 -0.796471
-0.325977 -0.795712
-0.323996 -0.794947
-0.322014 -0.794175
-0.320032 -0.793397
-0.318051 -0.792612
-0.316069 -0.791821
-0.314087 -0.791023
-0.312106 -0.790219
-0.310124 -0.789407
-0.308143 -0.788589
-0.306161 -0.787764
-0.304179 -0.786933
-0.302198 -0.786094
-0.300216 -0.785249
-0.298234 -0.784397
-0.296253 -0.783537
-0.294271 -0.782671
-0.29229 -0.781797
-0.290308 -0.780917
-0.288326 -0.780029
-0.286345 -0.779134
-0.284363 -0.778231
-0.282381 -0.777322
-0.2804 -0.776405
-0.278418 -0.775481
-0.276437 -0.774549
-0.274455 -0.77361
-0.272473 -0.772664
-0.270492 -0.77171
-0.26851 -0.770749
-0.266528 -0.76978
-0.264547 -0.768805
-0.262565 -0.767821
-0.260584 -0.766831
-0.258602 -0.765833
-0.25662 -0.764827
-0.254639 -0.763814
-0.252657 -0.762794
-0.250675 -0.761766
-0.248694 -0.760731
-0.246712 -0.759689
-0.244731 -0.758639
-0.242749 -0.757582
-0.240767 -0.756517
-0.238786 -0.755445
-0.236804 -0.754365
-0.234823 -0.753278
-0.232841 -0.752184
-0.230859 -0.751082
-0.228878 -0.749972
-0.226896 -0.748856
-0.224914 -0.747731
-0.222933 -0.7466
-0.220951 -0.745461
-0.21897 -0.744314
-0.216988 -0.74316
-0.215006 -0.741998
-0.213025 -0.740829
-0.211043 -0.739653
-0.209061 -0.738469
-0.20708 -0.737277
-0.205098 -0.736078
-0.203117 -0.734872
-0.201135 -0.733658
-0.199153 -0.732436
-0.197172 -0.731207
-0.19519 -0.729971
-0.193208 -0.728727
-0.191227 -0.727475
-0.189245 -0.726216
-0.187264 -0.724949
-0.185282 -0.723675
-0.1833 -0.722394
-0.181319 -0.721105
-0.179337 -0.719808
-0.177355 -0.718504
-0.175374 -0.717192
-0.173392 -0.715873
-0.171411 -0.714546
-0.169429 -0.713211
-0.167447 -0.711869
-0.165466 -0.71052
-0.163484 -0.709163
-0.161502 -0.707798
-0.159521 -0.706426
-0.157539 -0.705046
-0.155558 -0.703659
-0.153576 -0.702264
-0.151594 -0.700861
-0.149613 -0.699451
-0.147631 -0.698033
-0.145649 -0.696608
-0.143668 -0.695175
-0.141686 -0.693734
-0.139705 -0.692286
-0.137723 -0.69083
-0.135741 -0.689367
-0.13376 -0.687896
-0.131778 -0.686417
-0.129796 -0.684931
-0.127815 -0.683437
-0.125833 -0.681935
-0.123852 -0.680426
-0.12187 -0.67891
-0.119888 -0.677385
-0.117907 -0.675853
-0.115925 -0.674313
-0.113943 -0.672766
-0.111962 -0.671211
-0.10998 -0.669648
-0.107999 -0.668078
-0.106017 -0.6665
-0.104035 -0.664914
-0.102054 -0.66332
-0.100072 -0.661719
-0.0980904 -0.660111
-0.0961088 -0.658494
-0.0941272 -0.65687
-0.0921455 -0.655238
-0.0901639 -0.653599
-0.0881823 -0.651951
-0.0862007 -0.650296
-0.084219 -0.648634
-0.0822374 -0.646963
-0.0802558 -0.645285
-0.0782742 -0.6436
-0.0762925 -0.641906
-0.0743109 -0.640205
-0.0723293 -0.638496
-0.0703477 -0.636779
-0.068366 -0.635055
-0.0663844 -0.633322
-0.0644028 -0.631583
-0.0624212 -0.629835
-0.0604395 -0.628079
-0.0584579 -0.626316
-0.0564763 -0.624545
-0.0544947 -0.622767
-0.052513 -0.62098
-0.0505314 -0.619186
-0.0485498 -0.617384
-0.0465682 -0.615574
-0.0445866 -0.613756
-0.0426049 -0.611931
-0.0406233 -0.610098
-0.0386417 -0.608257
-0.0366601 -0.606408
-0.0346784 -0.604552
-0.0326968 -0.602687
-0.0307152 -0.600815
-0.0287336 -0.598935
-0.0267519 -0.597048
-0.0247703 -0.595152
-0.0227887 -0.593249
-0.0208071 -0.591337
-0.0188254 -0.589418
-0.0168438 -0.587491
-0.0148622 -0.585557
-0.0128806 -0.583614
-0.0108989 -0.581664
-0.00891731 -0.579706
-0.00693569 -0.577739
-0.00495406 -0.575766
-0.00297244 -0.573784
-0.000990812 -0.571794
0.000990812 -0.569797
0.00297244 -0.567791
0.00495406 -0.565778
0.00693569 -0.563757
0.00891731 -0.561728
0.0108989 -0.559691
0.0128806 -0.557646
0.0148622 -0.555594
0.0168438 -0.553533
0.0188254 -0.551465
0.0208071 -0.549388
0.0227887 -0.547304
0.0247703 -0.545212
0.0267519 -0.543112
0.0287336 -0.541004
0.0307152 -0.538888
0.0326968 -0.536764
0.0346784 -0.534633
0.0366601 -0.532493
0.0386417 -0.530346
0.0406233 -0.52819
0.0426049 -0.526027
0.0445866 -0.523856
0.0465682 -0.521676
0.0485498 -0.519489
0.0505314 -0.517294
0.052513 -0.515091
0.0544947 -0.51288
0.0564763 -0.510661
0.0584579 -0.508434
0.0604395 -0.506199
0.0624212 -0.503956
0.0644028 -0.501706
0.0663844 -0.499447
0.068366 -0.49718
0.0703477 -0.494906
0.0723293 -0.492623
0.0743109 -0.490332
0.0762925 -0.488034
0.0782742 -0.485727
0.0802558 -0.483412
0.0822374 -0.48109
0.084219 -0.478759
0.0862007 -0.476421
0.0881823 -0.474074
0.0901639 -0.471719
0.0921455 -0.469357
0.0941272 -0.466986
0.0961088 -0.464608
0.0980904 -0.462221
0.100072 -0.459826
0.102054 -0.457424
0.104035 -0.455013
0.106017 -0.452594
0.107999 -0.450167
0.10998 -0.447733
0.111962 -0.44529
0.113943 -0.442839
0.115925 -0.44038
0.117907 -0.437913
0.119888 -0.435438
0.12187 -0.432955
0.123852 -0.430464
0.125833 -0.427965
0.127815 -0.425457
0.129796 -0.422942
0.131778 -0.420419
0.13376 -0.417887
0.135741 -0.415348
0.137723 -0.4128
0.139705 -0.410244
0.141686 -0.407681
0.143668 -0.405109
0.145649 -0.402529
0.147631 -0.399941
0.149613 -0.397345
0.151594 -0.39474
0.153576 -0.392128
0.155558 -0.389507
0.157539 -0.386879
0.159521 -0.384242
0.161502 -0.381597
0.163484 -0.378944
0.165466 -0.376283
0.167447 -0.373614
0.169429 -0.370937
0.171411 -0.368252
0.173392 -0.365558
0.175374 -0.362856
0.177355 -0.360146
0.179337 -0.357428
0.181319 -0.354702
0.1833 -0.351968
0.185282 -0.349226
0.187264 -0.346475
0.189245 -0.343716
0.191227 -0.340949
0.193208 -0.338174
0.19519 -0.335391
0.197172 -0.3326
0.199153 -0.3298
0.201135 -0.326992
0.203117 -0.324176
0.205098 -0.321352
0.20708 -0.31852
0.209061 -0.315679
0.211043 -0.31283
0.213025 -0.309974
0.215006 -0.307108
0.216988 -0.304235
0.21897 -0.301354
0.220951 -0.298464
0.222933 -0.295566
0.224914 -0.29266
0.226896 -0.289745
0.228878 -0.286823
0.230859 -0.283892
0.232841 -0.280953
0.234823 -0.278005
0.236804 -0.27505
0.238786 -0.272086
0.240767 -0.269114
0.242749 -0.266134
0.244731 -0.263145
0.246712 -0.260149
0.248694 -0.257144
0.250675 -0.25413
0.252657 -0.251109
0.254639 -0.248079
0.25662 -0.245041
0.258602 -0.241995
0.260584 -0.23894
0.262565 -0.235877
0.264547 -0.232806
0.266528 -0.229727
0.26851 -0.226639
0.270492 -0.223543
0.272473 -0.220439
0.274455 -0.217326
0.276437 -0.214205
0.278418 -0.211076
0.2804 -0.207938
0.282381 -0.204793
0.284363 -0.201639
0.286345 -0.198476
0.288326 -0.195305
0.290308 -0.192126
0.29229 -0.188938
0.294271 -0.185742
0.296253 -0.182537
0.298234 -0.179323
0.300216 -0.176101
0.302198 -0.17287
0.304179 -0.16963
0.306161 -0.166381
0.308143 -0.163124
0.310124 -0.159857
0.312106 -0.156582
0.314087 -0.153298
0.316069 -0.150005
0.318051 -0.146702
0.320032 -0.143391
0.322014 -0.14007
0.323996 -0.13674
0.325977 -0.133401
0.327959 -0.130053
0.32994 -0.126695
0.331922 -0.123328
0.333904 -0.119951
0.335885 -0.116565
0.337867 -0.11317
0.339849 -0.109765
0.34183 -0.10635
0.343812 -0.102926
0.345793 -0.0994917
0.347775 -0.0960479
0.349757 -0.0925944
0.351738 -0.089131
0.35372 -0.0856578
0.355702 -0.0821746
0.357683 -0.0786815
0.359665 -0.0751784
0.361646 -0.0716653
0.363628 -0.0681421
0.36561 -0.0646087
0.367591 -0.0610652
0.369573 -0.0575114
0.371555 -0.0539474
0.373536 -0.050373
0.375518 -0.0467884
0.377499 -0.0431933
0.379481 -0.0395878
0.381463 -0.0359717
0.383444 -0.0323452
0.385426 -0.0287081
0.387408 -0.0250604
0.389389 -0.021402
0.391371 -0.0177329
0.393352 -0.014053
0.395334 -0.0103624
0.397316 -0.00666091
0.399297 -0.00294855
0.401279 0.000774738
0.403261 0.004509
0.405242 0.00825427
0.407224 0.0120106
0.409205 0.015778
0.411187 0.0195566
0.413169 0.0233464
0.41515 0.0271474
0.417132 0.0309597
0.419114 0.0347833
0.421095 0.0386183
0.423077 0.0424646
0.425058 0.0463225
0.42704 0.0501918
0.429022 0.0540727
0.431003 0.0579652
0.432985 0.0618693
0.434967 0.0657851
0.436948 0.0697126
0.43893 0.0736519
0.440911 0.0776029
0.442893 0.0815659
0.444875 0.0855407
0.446856 0.0895275
0.448838 0.0935262
0.45082 0.097537
0.452801 0.10156
0.454783 0.105595
0.456764 0.109642
0.458746 0.113701
0.460728 0.117773
0.462709 0.121857
0.464691 0.125953
0.466673 0.130062
0.468654 0.134183
0.470636 0.138316
0.472617 0.142462
0.474599 0.146621
0.476581 0.150792
0.478562 0.154976
0.480544 0.159172
0.482526 0.163382
0.484507 0.167604
0.486489 0.171838
0.48847 0.176086
0.490452 0.180347
0.492434 0.18462
0.494415 0.188907
0.496397 0.193207
0.498379 0.197519
0.50036 0.201845
0.502342 0.206184
0.504323 0.210536
0.506305 0.214902
0.508287 0.219281
0.510268 0.223673
0.51225 0.228079
0.514232 0.232498
0.516213 0.23693
0.518195 0.241376
0.520176 0.245836
0.522158 0.250309
0.52414 0.254796
0.526121 0.259296
0.528103 0.263811
0.530085 0.268339
0.532066 0.272881
0.534048 0.277437
0.536029 0.282006
0.538011 0.28659
0.539993 0.291188
0.541974 0.2958
0.543956 0.300426
0.545938 0.305065
0.547919 0.309719
0.549901 0.314386
0.551882 0.319067
0.553864 0.323762
0.555846 0.32847
0.557827 0.333191
0.559809 0.337926
0.561791 0.342674
0.563772 0.347435
0.565754 0.352209
0.567735 0.356997
0.569717 0.361796
0.571699 0.366609
0.57368 0.371435
0.575662 0.376273
0.577644 0.381123
0.579625 0.385986
0.581607 0.390862
0.583588 0.395749
0.58557 0.400649
0.587552 0.405561
0.589533 0.410485
0.591515 0.41542
0.593497 0.420368
0.595478 0.425327
0.59746 0.430298
0.599441 0.43528
0.601423 0.440274
0.603405 0.445279
0.605386 0.450296
0.607368 0.455324
0.60935 0.460362
0.611331 0.465412
0.613313 0.470473
0.615294 0.475544
0.617276 0.480627
0.619258 0.48572
0.621239 0.490823
0.623221 0.495937
0.625203 0.501062
0.627184 0.506196
0.629166 0.511341
0.631147 0.516497
0.633129 0.521662
0.635111 0.526837
0.637092 0.532022
0.639074 0.537216
0.641056 0.542421
0.643037 0.547635
0.645019 0.552858
0.647 0.558091
0.648982 0.563334
0.650964 0.568585
0.652945 0.573846
0.654927 0.579116
0.656909 0.584395
0.65889 0.589682
0.660872 0.594979
0.662853 0.600284
0.664835 0.605598
0.666817 0.61092
0.668798 0.616251
0.67078 0.62159
0.672762 0.626938
0.674743 0.632293
0.676725 0.637657
0.678706 0.643029
0.680688 0.648409
0.68267 0.653796
0.684651 0.659192
0.686633 0.664595
0.688615 0.670005
0.690596 0.675423
0.692578 0.680849
0.694559 0.686281
0.696541 0.691721
0.698523 0.697168
0.700504 0.702622
0.702486 0.708084
0.704468 0.713552
0.706449 0.719026
0.708431 0.724508
0.710412 0.729996
0.712394 0.73549
0.714376 0.740991
0.716357 0.746499
0.718339 0.752012
0.720321 0.757532
0.722302 0.763058
0.724284 0.768589
0.726265 0.774127
0.728247 0.779671
0.730229 0.78522
0.73221 0.790775
0.734192 0.796335
0.736173 0.801901
0.738155 0.807472
0.740137 0.813049
0.742118 0.81863
0.7441 0.824217
0.746082 0.829809
0.748063 0.835406
0.750045 0.841007
0.752026 0.846613
0.754008 0.852224
0.75599 0.85784
0.757971 0.86346
0.759953 0.869086
0.761935 0.87472
0.763916 0.880361
0.765898 0.886012
0.767879 0.891673
0.769861 0.897346
0.771843 0.903032
0.773824 0.908732
0.775806 0.914447
0.777788 0.920178
0.779769 0.925928
0.781751 0.931696
0.783732 0.937484
0.785714 0.943293
0.787696 0.949124
0.789677 0.95498
0.791659 0.960859
0.793641 0.966765
0.795622 0.972698
0.797604 0.978659
0.799585 0.984649
0.801567 0.99067
0.803549 0.996723
0.80553 1.00281
0.807512 1.00893
0.809494 1.01508
0.811475 1.02128
0.813457 1.0275
0.815438 1.03377
0.81742 1.04008
0.819402 1.04643
0.821383 1.05282
0.823365 1.05926
0.825347 1.06574
0.827328 1.07226
0.82931 1.07884
0.831291 1.08546
0.833273 1.09213
0.835255 1.09885
0.837236 1.10563
0.839218 1.11245
0.8412 1.11933
0.843181 1.12627
0.845163 1.13326
0.847144 1.14031
0.849126 1.14742
0.851108 1.15459
0.853089 1.16182
0.855071 1.16912
0.857053 1.17647
0.859034 1.1839
0.861016 1.19138
0.862997 1.19894
0.864979 1.20656
0.866961 1.21426
0.868942 1.22202
0.870924 1.22985
0.872906 1.23776
0.874887 1.24575
0.876869 1.2538
0.87885 1.26194
0.880832 1.27015
0.882814 1.27844
0.884795 1.28682
0.886777 1.29527
0.888759 1.30381
0.89074 1.31243
0.892722 1.32113
0.894703 1.32992
0.896685 1.3388
0.898667 1.34776
0.900648 1.35682
0.90263 1.36597
0.904612 1.37521
0.906593 1.38454
0.908575 1.39396
0.910556 1.40349
0.912538 1.4131
0.91452 1.42281
0.916501 1.43261
0.918483 1.4425
0.920465 1.45247
0.922446 1.46253
0.924428 1.47266
0.926409 1.48288
0.928391 1.49317
0.930373 1.50354
0.932354 1.51397
0.934336 1.52448
0.936318 1.53505
0.938299 1.54568
0.940281 1.55638
0.942262 1.56714
0.944244 1.57795
0.946226 1.58882
0.948207 1.59974
0.950189 1.61071
0.952171 1.62173
0.954152 1.63279
0.956134 1.6439
0.958115 1.65505
0.960097 1.66623
0.962079 1.67745
0.96406 1.68871
0.966042 1.69999
0.968024 1.7113
0.970005 1.72264
0.971987 1.734
0.973968 1.74539
0.97595 1.75679
0.977932 1.76821
0.979913 1.77965
0.981895 1.79109
0.983877 1.80255
0.985858 1.81401
0.98784 1.82548
0.989821 1.83695
