-1 -0.897527
-0.997998 -0.897466
-0.995996 -0.897404
-0.993994 -0.897343
-0.991992 -0.897283
-0.98999 -0.897222
-0.987988 -0.897163
-0.985986 -0.897103
-0.983984 -0.897044
-0.981982 -0.896985
-0.97998 -0.896927
-0.977978 -0.896869
-0.975976 -0.896811
-0.973974 -0.896753
-0.971972 -0.896695
-0.96997 -0.896638
-0.967968 -0.896581
-0.965966 -0.896524
-0.963964 -0.896468
-0.961962 -0.896411
-0.95996 -0.896355
-0.957958 -0.896298
-0.955956 -0.896242
-0.953954 -0.896186
-0.951952 -0.89613
-0.94995 -0.896074
-0.947948 -0.896018
-0.945946 -0.895962
-0.943944 -0.895906
-0.941942 -0.89585
-0.93994 -0.895794
-0.937938 -0.895737
-0.935936 -0.895681
-0.933934 -0.895625
-0.931932 -0.895568
-0.92993 -0.895512
-0.927928 -0.895455
-0.925926 -0.895398
-0.923924 -0.895341
-0.921922 -0.895284
-0.91992 -0.895227
-0.917918 -0.895169
-0.915916 -0.895111
-0.913914 -0.895053
-0.911912 -0.894995
-0.90991 -0.894936
-0.907908 -0.894877
-0.905906 -0.894818
-0.903904 -0.894758
-0.901902 -0.894698
-0.8999 -0.894638
-0.897898 -0.894577
-0.895896 -0.894515
-0.893894 -0.894454
-0.891892 -0.894392
-0.88989 -0.894329
-0.887888 -0.894266
-0.885886 -0.894203
-0.883884 -0.894138
-0.881882 -0.894074
-0.87988 -0.894009
-0.877878 -0.893943
-0.875876 -0.893877
-0.873874 -0.89381
-0.871872 -0.893742
-0.86987 -0.893674
-0.867868 -0.893605
-0.865866 -0.893536
-0.863864 -0.893466
-0.861862 -0.893395
-0.85986 -0.893323
-0.857858 -0.893251
-0.855856 -0.893178
-0.853854 -0.893104
-0.851852 -0.89303
-0.84985 -0.892954
-0.847848 -0.892878
-0.845846 -0.892801
-0.843844 -0.892723
-0.841842 -0.892644
-0.83984 -0.892564
-0.837838 -0.892484
-0.835836 -0.892402
-0.833834 -0.89232
-0.831832 -0.892237
-0.82983 -0.892152
-0.827828 -0.892067
-0.825826 -0.89198
-0.823824 -0.891893
-0.821822 -0.891805
-0.81982 -0.891715
-0.817818 -0.891625
-0.815816 -0.891533
-0.813814 -0.89144
-0.811812 -0.891346
-0.80981 -0.891251
-0.807808 -0.891155
-0.805806 -0.891058
-0.803804 -0.890959
-0.801802 -0.890859
-0.7998 -0.890759
-0.797798 -0.890656
-0.795796 -0.890553
-0.793794 -0.890448
-0.791792 -0.890342
-0.78979 -0.890235
-0.787788 -0.890126
-0.785786 -0.890016
-0.783784 -0.889904
-0.781782 -0.889792
-0.77978 -0.889678
-0.777778 -0.889562
-0.775776 -0.889445
-0.773774 -0.889326
-0.771772 -0.889207
-0.76977 -0.889085
-0.767768 -0.888962
-0.765766 -0.888838
-0.763764 -0.888712
-0.761762 -0.888584
-0.75976 -0.888455
-0.757758 -0.888325
-0.755756 -0.888192
-0.753754 -0.888058
-0.751752 -0.887923
-0.74975 -0.887786
-0.747748 -0.887647
-0.745746 -0.887506
-0.743744 -0.887364
-0.741742 -0.88722
-0.73974 -0.887075
-0.737738 -0.886927
-0.735736 -0.886778
-0.733734 -0.886627
-0.731732 -0.886474
-0.72973 -0.88632
-0.727728 -0.886163
-0.725726 -0.886005
-0.723724 -0.885845
-0.721722 -0.885683
-0.71972 -0.885519
-0.717718 -0.885353
-0.715716 -0.885185
-0.713714 -0.885016
-0.711712 -0.884844
-0.70971 -0.88467
-0.707708 -0.884494
-0.705706 -0.884317
-0.703704 -0.884137
-0.701702 -0.883955
-0.6997 -0.883771
-0.697698 -0.883585
-0.695696 -0.883397
-0.693694 -0.883207
-0.691692 -0.883014
-0.68969 -0.88282
-0.687688 -0.882623
-0.685686 -0.882424
-0.683684 -0.882223
-0.681682 -0.88202
-0.67968 -0.881814
-0.677678 -0.881606
-0.675676 -0.881396
-0.673674 -0.881184
-0.671672 -0.880969
-0.66967 -0.880752
-0.667668 -0.880533
-0.665666 -0.880311
-0.663664 -0.880087
-0.661662 -0.87986
-0.65966 -0.879631
-0.657658 -0.8794
-0.655656 -0.879166
-0.653654 -0.87893
-0.651652 -0.878691
-0.64965 -0.87845
-0.647648 -0.878206
-0.645646 -0.877959
-0.643644 -0.877711
-0.641642 -0.877459
-0.63964 -0.877205
-0.637638 -0.876948
-0.635636 -0.876689
-0.633634 -0.876427
-0.631632 -0.876163
-0.62963 -0.875896
-0.627628 -0.875626
-0.625626 -0.875353
-0.623624 -0.875078
-0.621622 -0.8748
-0.61962 -0.874519
-0.617618 -0.874236
-0.615616 -0.873949
-0.613614 -0.87366
-0.611612 -0.873368
-0.60961 -0.873073
-0.607608 -0.872776
-0.605606 -0.872475
-0.603604 -0.872172
-0.601602 -0.871865
-0.5996 -0.871556
-0.597598 -0.871244
-0.595596 -0.870929
-0.593594 -0.870611
-0.591592 -0.87029
-0.58959 -0.869966
-0.587588 -0.869639
-0.585586 -0.869308
-0.583584 -0.868975
-0.581582 -0.868639
-0.57958 -0.868299
-0.577578 -0.867957
-0.575576 -0.867611
-0.573574 -0.867263
-0.571572 -0.866911
-0.56957 -0.866556
-0.567568 -0.866197
-0.565566 -0.865836
-0.563564 -0.865471
-0.561562 -0.865103
-0.55956 -0.864732
-0.557558 -0.864357
-0.555556 -0.86398
-0.553554 -0.863598
-0.551552 -0.863214
-0.54955 -0.862826
-0.547548 -0.862435
-0.545546 -0.862041
-0.543544 -0.861643
-0.541542 -0.861241
-0.53954 -0.860837
-0.537538 -0.860428
-0.535536 -0.860017
-0.533534 -0.859602
-0.531532 -0.859183
-0.52953 -0.858761
-0.527528 -0.858335
-0.525526 -0.857906
-0.523524 -0.857473
-0.521522 -0.857037
-0.51952 -0.856597
-0.517518 -0.856153
-0.515516 -0.855706
-0.513514 -0.855255
-0.511512 -0.8548
-0.50951 -0.854342
-0.507508 -0.85388
-0.505506 -0.853414
-0.503503 -0.852945
-0.501501 -0.852472
-0.499499 -0.851995
-0.497497 -0.851514
-0.495495 -0.85103
-0.493493 -0.850541
-0.491491 -0.850049
-0.489489 -0.849553
-0.487487 -0.849053
-0.485485 -0.848549
-0.483483 -0.848042
-0.481481 -0.84753
-0.479479 -0.847014
-0.477477 -0.846495
-0.475475 -0.845971
-0.473473 -0.845444
-0.471471 -0.844912
-0.469469 -0.844377
-0.467467 -0.843837
-0.465465 -0.843294
-0.463463 -0.842746
-0.461461 -0.842194
-0.459459 -0.841638
-0.457457 -0.841078
-0.455455 -0.840514
-0.453453 -0.839946
-0.451451 -0.839374
-0.449449 -0.838797
-0.447447 -0.838216
-0.445445 -0.837631
-0.443443 -0.837041
-0.441441 -0.836448
-0.439439 -0.83585
-0.437437 -0.835248
-0.435435 -0.834641
-0.433433 -0.83403
-0.431431 -0.833415
-0.429429 -0.832796
-0.427427 -0.832172
-0.425425 -0.831544
-0.423423 -0.830911
-0.421421 -0.830274
-0.419419 -0.829632
-0.417417 -0.828986
-0.415415 -0.828335
-0.413413 -0.82768
-0.411411 -0.827021
-0.409409 -0.826357
-0.407407 -0.825688
-0.405405 -0.825015
-0.403403 -0.824337
-0.401401 -0.823655
-0.399399 -0.822968
-0.397397 -0.822276
-0.395395 -0.82158
-0.393393 -0.820879
-0.391391 -0.820173
-0.389389 -0.819463
-0.387387 -0.818748
-0.385385 -0.818028
-0.383383 -0.817303
-0.381381 -0.816574
-0.379379 -0.81584
-0.377377 -0.815101
-0.375375 -0.814357
-0.373373 -0.813609
-0.371371 -0.812855
-0.369369 -0.812097
-0.367367 -0.811334
-0.365365 -0.810566
-0.363363 -0.809793
-0.361361 -0.809015
-0.359359 -0.808232
-0.357357 -0.807444
-0.355355 -0.806651
-0.353353 -0.805853
-0.351351 -0.80505
-0.349349 -0.804242
-0.347347 -0.803429
-0.345345 -0.802611
-0.343343 -0.801788
-0.341341 -0.80096
-0.339339 -0.800126
-0.337337 -0.799288
-0.335335 -0.798444
-0.333333 -0.797595
-0.331331 -0.796741
-0.329329 -0.795882
-0.327327 -0.795017
-0.325325 -0.794147
-0.323323 -0.793272
-0.321321 -0.792392
-0.319319 -0.791507
-0.317317 -0.790616
-0.315315 -0.789719
-0.313313 -0.788818
-0.311311 -0.787911
-0.309309 -0.786999
-0.307307 -0.786081
-0.305305 -0.785158
-0.303303 -0.784229
-0.301301 -0.783295
-0.299299 -0.782356
-0.297297 -0.781411
-0.295295 -0.78046
-0.293293 -0.779504
-0.291291 -0.778543
-0.289289 -0.777576
-0.287287 -0.776603
-0.285285 -0.775625
-0.283283 -0.774641
-0.281281 -0.773652
-0.279279 -0.772657
-0.277277 -0.771656
-0.275275 -0.770649
-0.273273 -0.769637
-0.271271 -0.76862
-0.269269 -0.767596
-0.267267 -0.766567
-0.265265 -0.765532
-0.263263 -0.764491
-0.261261 -0.763445
-0.259259 -0.762392
-0.257257 -0.761334
-0.255255 -0.76027
-0.253253 -0.7592
-0.251251 -0.758125
-0.249249 -0.757043
-0.247247 -0.755956
-0.245245 -0.754862
-0.243243 -0.753763
-0.241241 -0.752657
-0.239239 -0.751546
-0.237237 -0.750429
-0.235235 -0.749306
-0.233233 -0.748176
-0.231231 -0.747041
-0.229229 -0.745899
-0.227227 -0.744752
-0.225225 -0.743598
-0.223223 -0.742439
-0.221221 -0.741273
-0.219219 -0.740101
-0.217217 -0.738923
-0.215215 -0.737739
-0.213213 -0.736548
-0.211211 -0.735351
-0.209209 -0.734148
-0.207207 -0.732939
-0.205205 -0.731724
-0.203203 -0.730502
-0.201201 -0.729274
-0.199199 -0.72804
-0.197197 -0.726799
-0.195195 -0.725552
-0.193193 -0.724299
-0.191191 -0.723039
-0.189189 -0.721773
-0.187187 -0.7205
-0.185185 -0.719221
-0.183183 -0.717936
-0.181181 -0.716644
-0.179179 -0.715346
-0.177177 -0.714041
-0.175175 -0.712729
-0.173173 -0.711411
-0.171171 -0.710087
-0.169169 -0.708756
-0.167167 -0.707418
-0.165165 -0.706074
-0.163163 -0.704723
-0.161161 -0.703366
-0.159159 -0.702002
-0.157157 -0.700631
-0.155155 -0.699253
-0.153153 -0.697869
-0.151151 -0.696478
-0.149149 -0.695081
-0.147147 -0.693676
-0.145145 -0.692265
-0.143143 -0.690847
-0.141141 -0.689422
-0.139139 -0.687991
-0.137137 -0.686552
-0.135135 -0.685107
-0.133133 -0.683655
-0.131131 -0.682196
-0.129129 -0.68073
-0.127127 -0.679257
-0.125125 -0.677777
-0.123123 -0.676291
-0.121121 -0.674797
-0.119119 -0.673296
-0.117117 -0.671788
-0.115115 -0.670274
-0.113113 -0.668752
-0.111111 -0.667223
-0.109109 -0.665687
-0.107107 -0.664144
-0.105105 -0.662594
-0.103103 -0.661037
-0.101101 -0.659472
-0.0990991 -0.657901
-0.0970971 -0.656322
-0.0950951 -0.654736
-0.0930931 -0.653143
-0.0910911 -0.651543
-0.0890891 -0.649935
-0.0870871 -0.64832
-0.0850851 -0.646698
-0.0830831 -0.645069
-0.0810811 -0.643432
-0.0790791 -0.641788
-0.0770771 -0.640136
-0.0750751 -0.638478
-0.0730731 -0.636811
-0.0710711 -0.635138
-0.0690691 -0.633457
-0.0670671 -0.631768
-0.0650651 -0.630073
-0.0630631 -0.628369
-0.0610611 -0.626658
-0.0590591 -0.62494
-0.0570571 -0.623214
-0.0550551 -0.621481
-0.0530531 -0.61974
-0.0510511 -0.617992
-0.049049 -0.616235
-0.047047 -0.614472
-0.045045 -0.612701
-0.043043 -0.610922
-0.041041 -0.609135
-0.039039 -0.607341
-0.037037 -0.605539
-0.035035 -0.603729
-0.033033 -0.601912
-0.031031 -0.600087
-0.029029 -0.598254
-0.027027 -0.596413
-0.025025 -0.594565
-0.023023 -0.592709
-0.021021 -0.590845
-0.019019 -0.588973
-0.017017 -0.587093
-0.015015 -0.585206
-0.013013 -0.58331
-0.011011 -0.581407
-0.00900901 -0.579496
-0.00700701 -0.577576
-0.005005 -0.575649
-0.003003 -0.573714
-0.001001 -0.571771
0.001001 -0.56982
0.003003 -0.567861
0.005005 -0.565893
0.00700701 -0.563918
0.00900901 -0.561935
0.011011 -0.559943
0.013013 -0.557944
0.015015 -0.555936
0.017017 -0.55392
0.019019 -0.551896
0.021021 -0.549864
0.023023 -0.547824
0.025025 -0.545775
0.027027 -0.543718
0.029029 -0.541653
0.031031 -0.53958
0.033033 -0.537498
0.035035 -0.535408
0.037037 -0.53331
0.039039 -0.531204
0.041041 -0.529089
0.043043 -0.526966
0.045045 -0.524834
0.047047 -0.522694
0.049049 -0.520546
0.0510511 -0.518389
0.0530531 -0.516223
0.0550551 -0.51405
0.0570571 -0.511867
0.0590591 -0.509677
0.0610611 -0.507477
0.0630631 -0.50527
0.0650651 -0.503053
0.0670671 -0.500828
0.0690691 -0.498595
0.0710711 -0.496353
0.0730731 -0.494102
0.0750751 -0.491843
0.0770771 -0.489575
0.0790791 -0.487298
0.0810811 -0.485013
0.0830831 -0.482718
0.0850851 -0.480416
0.0870871 -0.478104
0.0890891 -0.475784
0.0910911 -0.473455
0.0930931 -0.471117
0.0950951 -0.46877
0.0970971 -0.466415
0.0990991 -0.464051
0.101101 -0.461677
0.103103 -0.459295
0.105105 -0.456904
0.107107 -0.454505
0.109109 -0.452096
0.111111 -0.449678
0.113113 -0.447252
0.115115 -0.444816
0.117117 -0.442371
0.119119 -0.439918
0.121121 -0.437455
0.123123 -0.434983
0.125125 -0.432503
0.127127 -0.430013
0.129129 -0.427514
0.131131 -0.425006
0.133133 -0.422489
0.135135 -0.419963
0.137137 -0.417427
0.139139 -0.414882
0.141141 -0.412329
0.143143 -0.409766
0.145145 -0.407193
0.147147 -0.404612
0.149149 -0.402021
0.151151 -0.399421
0.153153 -0.396812
0.155155 -0.394193
0.157157 -0.391565
0.159159 -0.388928
0.161161 -0.386281
0.163163 -0.383625
0.165165 -0.38096
0.167167 -0.378285
0.169169 -0.3756
0.171171 -0.372907
0.173173 -0.370203
0.175175 -0.367491
0.177177 -0.364768
0.179179 -0.362037
0.181181 -0.359295
0.183183 -0.356545
0.185185 -0.353784
0.187187 -0.351014
0.189189 -0.348235
0.191191 -0.345446
0.193193 -0.342647
0.195195 -0.339838
0.197197 -0.33702
0.199199 -0.334192
0.201201 -0.331355
0.203203 -0.328508
0.205205 -0.325651
0.207207 -0.322784
0.209209 -0.319907
0.211211 -0.317021
0.213213 -0.314125
0.215215 -0.311219
0.217217 -0.308303
0.219219 -0.305378
0.221221 -0.302442
0.223223 -0.299497
0.225225 -0.296541
0.227227 -0.293576
0.229229 -0.290601
0.231231 -0.287616
0.233233 -0.284621
0.235235 -0.281616
0.237237 -0.278601
0.239239 -0.275576
0.241241 -0.272541
0.243243 -0.269495
0.245245 -0.26644
0.247247 -0.263375
0.249249 -0.260299
0.251251 -0.257214
0.253253 -0.254118
0.255255 -0.251012
0.257257 -0.247896
0.259259 -0.24477
0.261261 -0.241633
0.263263 -0.238486
0.265265 -0.235329
0.267267 -0.232162
0.269269 -0.228985
0.271271 -0.225797
0.273273 -0.222599
0.275275 -0.21939
0.277277 -0.216171
0.279279 -0.212942
0.281281 -0.209703
0.283283 -0.206453
0.285285 -0.203192
0.287287 -0.199922
0.289289 -0.19664
0.291291 -0.193349
0.293293 -0.190047
0.295295 -0.186734
0.297297 -0.183411
0.299299 -0.180077
0.301301 -0.176733
0.303303 -0.173378
0.305305 -0.170012
0.307307 -0.166636
0.309309 -0.16325
0.311311 -0.159852
0.313313 -0.156444
0.315315 -0.153026
0.317317 -0.149596
0.319319 -0.146156
0.321321 -0.142706
0.323323 -0.139244
0.325325 -0.135772
0.327327 -0.132289
0.329329 -0.128795
0.331331 -0.125291
0.333333 -0.121775
0.335335 -0.118249
0.337337 -0.114712
0.339339 -0.111164
0.341341 -0.107605
0.343343 -0.104035
0.345345 -0.100455
0.347347 -0.0968631
0.349349 -0.0932606
0.351351 -0.089647
0.353353 -0.0860225
0.355355 -0.0823869
0.357357 -0.0787403
0.359359 -0.0750827
0.361361 -0.071414
0.363363 -0.0677343
0.365365 -0.0640434
0.367367 -0.0603415
0.369369 -0.0566284
0.371371 -0.0529041
0.373373 -0.0491687
0.375375 -0.0454222
0.377377 -0.0416644
0.379379 -0.0378954
0.381381 -0.0341152
0.383383 -0.0303238
0.385385 -0.0265211
0.387387 -0.0227071
0.389389 -0.0188818
0.391391 -0.0150452
0.393393 -0.0111972
0.395395 -0.00733797
0.397397 -0.00346732
0.399399 0.000414701
0.401401 0.00430812
0.403403 0.00821296
0.405405 0.0121292
0.407407 0.016057
0.409409 0.0199961
0.411411 0.0239468
0.413413 0.027909
0.415415 0.0318827
0.417417 0.0358679
0.419419 0.0398646
0.421421 0.043873
0.423423 0.0478929
0.425425 0.0519244
0.427427 0.0559676
0.429429 0.0600223
0.431431 0.0640888
0.433433 0.0681669
0.435435 0.0722567
0.437437 0.0763581
0.439439 0.0804714
0.441441 0.0845963
0.443443 0.088733
0.445445 0.0928815
0.447447 0.0970417
0.449449 0.101214
0.451451 0.105398
0.453453 0.109593
0.455455 0.113801
0.457457 0.11802
0.459459 0.122252
0.461461 0.126495
0.463463 0.13075
0.465465 0.135017
0.467467 0.139296
0.469469 0.143587
0.471471 0.14789
0.473473 0.152206
0.475475 0.156533
0.477477 0.160872
0.479479 0.165223
0.481481 0.169586
0.483483 0.173961
0.485485 0.178349
0.487487 0.182749
0.489489 0.18716
0.491491 0.191584
0.493493 0.19602
0.495495 0.200468
0.497497 0.204929
0.499499 0.209402
0.501501 0.213887
0.503503 0.218384
0.505506 0.222893
0.507508 0.227415
0.50951 0.231949
0.511512 0.236496
0.513514 0.241054
0.515516 0.245625
0.517518 0.250209
0.51952 0.254805
0.521522 0.259413
0.523524 0.264034
0.525526 0.268667
0.527528 0.273313
0.52953 0.277971
0.531532 0.282642
0.533534 0.287325
0.535536 0.292021
0.537538 0.296729
0.53954 0.30145
0.541542 0.306183
0.543544 0.310929
0.545546 0.315688
0.547548 0.320459
0.54955 0.325243
0.551552 0.33004
0.553554 0.334849
0.555556 0.339671
0.557558 0.344506
0.55956 0.349353
0.561562 0.354213
0.563564 0.359086
0.565566 0.363972
0.567568 0.368871
0.56957 0.373782
0.571572 0.378706
0.573574 0.383643
0.575576 0.388593
0.577578 0.393556
0.57958 0.398532
0.581582 0.40352
0.583584 0.408522
0.585586 0.413537
0.587588 0.418564
0.58959 0.423605
0.591592 0.428658
0.593594 0.433725
0.595596 0.438804
0.597598 0.443897
0.5996 0.449003
0.601602 0.454122
0.603604 0.459254
0.605606 0.464399
0.607608 0.469557
0.60961 0.474728
0.611612 0.479913
0.613614 0.485111
0.615616 0.490322
0.617618 0.495546
0.61962 0.500783
0.621622 0.506034
0.623624 0.511298
0.625626 0.516575
0.627628 0.521866
0.62963 0.52717
0.631632 0.532487
0.633634 0.537818
0.635636 0.543162
0.637638 0.548519
0.63964 0.55389
0.641642 0.559274
0.643644 0.564672
0.645646 0.570083
0.647648 0.575508
0.64965 0.580946
0.651652 0.586398
0.653654 0.591863
0.655656 0.597342
0.657658 0.602834
0.65966 0.60834
0.661662 0.61386
0.663664 0.619393
0.665666 0.62494
0.667668 0.6305
0.66967 0.636074
0.671672 0.641662
0.673674 0.647264
0.675676 0.652879
0.677678 0.658508
0.67968 0.66415
0.681682 0.669807
0.683684 0.675477
0.685686 0.681161
0.687688 0.686859
0.68969 0.692571
0.691692 0.698296
0.693694 0.704036
0.695696 0.709789
0.697698 0.715557
0.6997 0.721338
0.701702 0.727133
0.703704 0.732942
0.705706 0.738765
0.707708 0.744602
0.70971 0.750453
0.711712 0.756318
0.713714 0.762197
0.715716 0.768091
0.717718 0.773998
0.71972 0.779919
0.721722 0.785855
0.723724 0.791804
0.725726 0.797768
0.727728 0.803746
0.72973 0.809738
0.731732 0.815744
0.733734 0.821765
0.735736 0.8278
0.737738 0.833849
0.73974 0.839912
0.741742 0.845989
0.743744 0.852081
0.745746 0.858187
0.747748 0.864308
0.74975 0.870443
0.751752 0.876592
0.753754 0.882755
0.755756 0.888933
0.757758 0.895126
0.75976 0.901332
0.761762 0.907554
0.763764 0.913789
0.765766 0.92004
0.767768 0.926304
0.76977 0.932583
0.771772 0.938877
0.773774 0.945185
0.775776 0.951508
0.777778 0.957846
0.77978 0.964198
0.781782 0.970565
0.783784 0.976946
0.785786 0.983342
0.787788 0.989752
0.78979 0.996178
0.791792 1.00262
0.793794 1.00907
0.795796 1.01554
0.797798 1.02203
0.7998 1.02853
0.801802 1.03504
0.803804 1.04157
0.805806 1.04811
0.807808 1.05467
0.80981 1.06124
0.811812 1.06783
0.813814 1.07443
0.815816 1.08105
0.817818 1.08768
0.81982 1.09433
0.821822 1.10099
0.823824 1.10767
0.825826 1.11436
0.827828 1.12107
0.82983 1.12779
0.831832 1.13453
0.833834 1.14128
0.835836 1.14805
0.837838 1.15484
0.83984 1.16163
0.841842 1.16845
0.843844 1.17528
0.845846 1.18212
0.847848 1.18898
0.84985 1.19585
0.851852 1.20274
0.853854 1.20964
0.855856 1.21656
0.857858 1.2235
0.85986 1.23045
0.861862 1.23741
0.863864 1.24439
0.865866 1.25139
0.867868 1.2584
0.86987 1.26543
0.871872 1.27247
0.873874 1.27953
0.875876 1.2866
0.877878 1.29369
0.87988 1.30079
0.881882 1.30791
0.883884 1.31505
0.885886 1.3222
0.887888 1.32936
0.88989 1.33654
0.891892 1.34374
0.893894 1.35095
0.895896 1.35818
0.897898 1.36543
0.8999 1.37268
0.901902 1.37996
0.903904 1.38725
0.905906 1.39456
0.907908 1.40188
0.90991 1.40922
0.911912 1.41657
0.913914 1.42394
0.915916 1.43132
0.917918 1.43872
0.91992 1.44614
0.921922 1.45357
0.923924 1.46102
0.925926 1.46848
0.927928 1.47596
0.92993 1.48346
0.931932 1.49097
0.933934 1.4985
0.935936 1.50604
0.937938 1.5136
0.93994 1.52118
0.941942 1.52877
0.943944 1.53637
0.945946 1.544
0.947948 1.55164
0.94995 1.55929
0.951952 1.56696
0.953954 1.57465
0.955956 1.58235
0.957958 1.59007
0.95996 1.59781
0.961962 1.60556
0.963964 1.61333
0.965966 1.62111
0.967968 1.62891
0.96997 1.63673
0.971972 1.64456
0.973974 1.65241
0.975976 1.66028
0.977978 1.66816
0.97998 1.67606
0.981982 1.68397
0.983984 1.6919
0.985986 1.69985
0.987988 1.70781
0.98999 1.71579
0.991992 1.72379
0.993994 1.7318
0.995996 1.73983
0.997998 1.74787
1 1.75593
