-0.92388 -0.89534
-0.92203 -0.895073
-0.92018 -0.894805
-0.918331 -0.894537
-0.916481 -0.89427
-0.914631 -0.894002
-0.912782 -0.893735
-0.910932 -0.893467
-0.909083 -0.8932
-0.907233 -0.892932
-0.905383 -0.892664
-0.903534 -0.892397
-0.901684 -0.892129
-0.899835 -0.891862
-0.897985 -0.891594
-0.896135 -0.891327
-0.894286 -0.891059
-0.892436 -0.890791
-0.890587 -0.890524
-0.888737 -0.890256
-0.886887 -0.889989
-0.885038 -0.889721
-0.883188 -0.889454
-0.881339 -0.889186
-0.879489 -0.888918
-0.877639 -0.888651
-0.87579 -0.888383
-0.87394 -0.888116
-0.87209 -0.887848
-0.870241 -0.887581
-0.868391 -0.887313
-0.866542 -0.887045
-0.864692 -0.886778
-0.862842 -0.88651
-0.860993 -0.886243
-0.859143 -0.885975
-0.857294 -0.885708
-0.855444 -0.88544
-0.853594 -0.885172
-0.851745 -0.884905
-0.849895 -0.884637
-0.848046 -0.88437
-0.846196 -0.884102
-0.844346 -0.883835
-0.842497 -0.883567
-0.840647 -0.883299
-0.838798 -0.883032
-0.836948 -0.882764
-0.835098 -0.882497
-0.833249 -0.882229
-0.831399 -0.881962
-0.829549 -0.881694
-0.8277 -0.881426
-0.82585 -0.881159
-0.824001 -0.880891
-0.822151 -0.880624
-0.820301 -0.880356
-0.818452 -0.880089
-0.816602 -0.879821
-0.814753 -0.879553
-0.812903 -0.879286
-0.811053 -0.879018
-0.809204 -0.878751
-0.807354 -0.878483
-0.805505 -0.878216
-0.803655 -0.877948
-0.801805 -0.87768
-0.799956 -0.877413
-0.798106 -0.877145
-0.796257 -0.876878
-0.794407 -0.87661
-0.792557 -0.876343
-0.790708 -0.876075
-0.788858 -0.875807
-0.787008 -0.87554
-0.785159 -0.875272
-0.783309 -0.875005
-0.78146 -0.874737
-0.77961 -0.87447
-0.77776 -0.874202
-0.775911 -0.873934
-0.774061 -0.873667
-0.772212 -0.873399
-0.770362 -0.873132
-0.768512 -0.872864
-0.766663 -0.872597
-0.764813 -0.872329
-0.762964 -0.872061
-0.761114 -0.871794
-0.759264 -0.871526
-0.757415 -0.871259
-0.755565 -0.870991
-0.753716 -0.870724
-0.751866 -0.870456
-0.750016 -0.870188
-0.748167 -0.869921
-0.746317 -0.869653
-0.744467 -0.869386
-0.742618 -0.869118
-0.740768 -0.868851
-0.738919 -0.868583
-0.737069 -0.868315
-0.735219 -0.868048
-0.73337 -0.86778
-0.73152 -0.867513
-0.729671 -0.867245
-0.727821 -0.866978
-0.725971 -0.86671
-0.724122 -0.866443
-0.722272 -0.866175
-0.720423 -0.865907
-0.718573 -0.86564
-0.716723 -0.865372
-0.714874 -0.865105
-0.713024 -0.864837
-0.711175 -0.86457
-0.709325 -0.864302
-0.707475 -0.864034
-0.705626 -0.863767
-0.703776 -0.863499
-0.701926 -0.863232
-0.700077 -0.862964
-0.698227 -0.862697
-0.696378 -0.862429
-0.694528 -0.862161
-0.692678 -0.861894
-0.690829 -0.861626
-0.688979 -0.861359
-0.68713 -0.861091
-0.68528 -0.860824
-0.68343 -0.860556
-0.681581 -0.860288
-0.679731 -0.860021
-0.677882 -0.859753
-0.676032 -0.859486
-0.674182 -0.859218
-0.672333 -0.858951
-0.670483 -0.858683
-0.668634 -0.858415
-0.666784 -0.858148
-0.664934 -0.85788
-0.663085 -0.857613
-0.661235 -0.857345
-0.659385 -0.857078
-0.657536 -0.85681
-0.655686 -0.856542
-0.653837 -0.856275
-0.651987 -0.856007
-0.650137 -0.85574
-0.648288 -0.855472
-0.646438 -0.855205
-0.644589 -0.854937
-0.642739 -0.854669
-0.640889 -0.854402
-0.63904 -0.854134
-0.63719 -0.853867
-0.635341 -0.853599
-0.633491 -0.853332
-0.631641 -0.853064
-0.629792 -0.852796
-0.627942 -0.852529
-0.626093 -0.852261
-0.624243 -0.851994
-0.622393 -0.851726
-0.620544 -0.851459
-0.618694 -0.851191
-0.616844 -0.850923
-0.614995 -0.850656
-0.613145 -0.850388
-0.611296 -0.850121
-0.609446 -0.849853
-0.607596 -0.849586
-0.605747 -0.849318
-0.603897 -0.84905
-0.602048 -0.848783
-0.600198 -0.848515
-0.598348 -0.848248
-0.596499 -0.84798
-0.594649 -0.847713
-0.5928 -0.847445
-0.59095 -0.847177
-0.5891 -0.84691
-0.587251 -0.846642
-0.585401 -0.846375
-0.583552 -0.846107
-0.581702 -0.84584
-0.579852 -0.845572
-0.578003 -0.845304
-0.576153 -0.845037
-0.574303 -0.844769
-0.572454 -0.844502
-0.570604 -0.844234
-0.568755 -0.843967
-0.566905 -0.843699
-0.565055 -0.843431
-0.563206 -0.843164
-0.561356 -0.842896
-0.559507 -0.842629
-0.557657 -0.842361
-0.555807 -0.842094
-0.553958 -0.841826
-0.552108 -0.841558
-0.550259 -0.841291
-0.548409 -0.841023
-0.546559 -0.840756
-0.54471 -0.840488
-0.54286 -0.840221
-0.541011 -0.839953
-0.539161 -0.839685
-0.537311 -0.839418
-0.535462 -0.83915
-0.533612 -0.838883
-0.531762 -0.838615
-0.529913 -0.838348
-0.528063 -0.83808
-0.526214 -0.837812
-0.524364 -0.837545
-0.522514 -0.837277
-0.520665 -0.83701
-0.518815 -0.836742
-0.516966 -0.836475
-0.515116 -0.836207
-0.513266 -0.835939
-0.511417 -0.835672
-0.509567 -0.835404
-0.507718 -0.835137
-0.505868 -0.834869
-0.504018 -0.834602
-0.502169 -0.834334
-0.500319 -0.834066
-0.49847 -0.833799
-0.49662 -0.833531
-0.49477 -0.833264
-0.492921 -0.832996
-0.491071 -0.832729
-0.489221 -0.832461
-0.487372 -0.832193
-0.485522 -0.831926
-0.483673 -0.831658
-0.481823 -0.831391
-0.479973 -0.831123
-0.478124 -0.830856
-0.476274 -0.830588
-0.474425 -0.83032
-0.472575 -0.830053
-0.470725 -0.829785
-0.468876 -0.829518
-0.467026 -0.82925
-0.465177 -0.828983
-0.463327 -0.828715
-0.461477 -0.828447
-0.459628 -0.82818
-0.457778 -0.827912
-0.455929 -0.827645
-0.454079 -0.827377
-0.452229 -0.82711
-0.45038 -0.826842
-0.44853 -0.826574
-0.44668 -0.826307
-0.444831 -0.826039
-0.442981 -0.825772
-0.441132 -0.825504
-0.439282 -0.825237
-0.437432 -0.824969
-0.435583 -0.824701
-0.433733 -0.824434
-0.431884 -0.824166
-0.430034 -0.823899
-0.428184 -0.823631
-0.426335 -0.823364
-0.424485 -0.823096
-0.422636 -0.822828
-0.420786 -0.822561
-0.418936 -0.822293
-0.417087 -0.822026
-0.415237 -0.821758
-0.413388 -0.821491
-0.411538 -0.821223
-0.409688 -0.820955
-0.407839 -0.820688
-0.405989 -0.82042
-0.404139 -0.820153
-0.40229 -0.819885
-0.40044 -0.819618
-0.398591 -0.81935
-0.396741 -0.819082
-0.394891 -0.818815
-0.393042 -0.818547
-0.391192 -0.81828
-0.389343 -0.818012
-0.387493 -0.817745
-0.385643 -0.817477
-0.383794 -0.817209
-0.381944 -0.81629
-0.380095 -0.814392
-0.378245 -0.812494
-0.376395 -0.810596
-0.374546 -0.808698
-0.372696 -0.8068
-0.370847 -0.804902
-0.368997 -0.803004
-0.367147 -0.801106
-0.365298 -0.799208
-0.363448 -0.79731
-0.361598 -0.795412
-0.359749 -0.793514
-0.357899 -0.791616
-0.35605 -0.789718
-0.3542 -0.78782
-0.35235 -0.785922
-0.350501 -0.784024
-0.348651 -0.782126
-0.346802 -0.780228
-0.344952 -0.77833
-0.343102 -0.776432
-0.341253 -0.774534
-0.339403 -0.772636
-0.337554 -0.770738
-0.335704 -0.76884
-0.333854 -0.766942
-0.332005 -0.765044
-0.330155 -0.763146
-0.328306 -0.761248
-0.326456 -0.75935
-0.324606 -0.757452
-0.322757 -0.755554
-0.320907 -0.753656
-0.319057 -0.751758
-0.317208 -0.74986
-0.315358 -0.747962
-0.313509 -0.746064
-0.311659 -0.744166
-0.309809 -0.742268
-0.30796 -0.74037
-0.30611 -0.738472
-0.304261 -0.736573
-0.302411 -0.734675
-0.300561 -0.732777
-0.298712 -0.730879
-0.296862 -0.728981
-0.295013 -0.727083
-0.293163 -0.725185
-0.291313 -0.723287
-0.289464 -0.721389
-0.287614 -0.719491
-0.285765 -0.717593
-0.283915 -0.715695
-0.282065 -0.713797
-0.280216 -0.711899
-0.278366 -0.710001
-0.276516 -0.708103
-0.274667 -0.706205
-0.272817 -0.704307
-0.270968 -0.702409
-0.269118 -0.700511
-0.267268 -0.698613
-0.265419 -0.696715
-0.263569 -0.694817
-0.26172 -0.692919
-0.25987 -0.691021
-0.25802 -0.689123
-0.256171 -0.687225
-0.254321 -0.685327
-0.252472 -0.683429
-0.250622 -0.681531
-0.248772 -0.679633
-0.246923 -0.677735
-0.245073 -0.675837
-0.243224 -0.673939
-0.241374 -0.672041
-0.239524 -0.670143
-0.237675 -0.668245
-0.235825 -0.666347
-0.233975 -0.664449
-0.232126 -0.662551
-0.230276 -0.660653
-0.228427 -0.658755
-0.226577 -0.656857
-0.224727 -0.654959
-0.222878 -0.653061
-0.221028 -0.651163
-0.219179 -0.649265
-0.217329 -0.647367
-0.215479 -0.645469
-0.21363 -0.643571
-0.21178 -0.641673
-0.209931 -0.639775
-0.208081 -0.637877
-0.206231 -0.635979
-0.204382 -0.634081
-0.202532 -0.632183
-0.200683 -0.630285
-0.198833 -0.628387
-0.196983 -0.626489
-0.195134 -0.624591
-0.193284 -0.622692
-0.191434 -0.620794
-0.189585 -0.618896
-0.187735 -0.616998
-0.185886 -0.6151
-0.184036 -0.613202
-0.182186 -0.611304
-0.180337 -0.609406
-0.178487 -0.607508
-0.176638 -0.60561
-0.174788 -0.603712
-0.172938 -0.601814
-0.171089 -0.599916
-0.169239 -0.598018
-0.16739 -0.59612
-0.16554 -0.594222
-0.16369 -0.592324
-0.161841 -0.590426
-0.159991 -0.588528
-0.158142 -0.58663
-0.156292 -0.584732
-0.154442 -0.582834
-0.152593 -0.580936
-0.150743 -0.579038
-0.148893 -0.57714
-0.147044 -0.575242
-0.145194 -0.573344
-0.143345 -0.571446
-0.141495 -0.569548
-0.139645 -0.56765
-0.137796 -0.565752
-0.135946 -0.563854
-0.134097 -0.561956
-0.132247 -0.560058
-0.130397 -0.55816
-0.128548 -0.556262
-0.126698 -0.554364
-0.124849 -0.552466
-0.122999 -0.550568
-0.121149 -0.54867
-0.1193 -0.546772
-0.11745 -0.544874
-0.115601 -0.542976
-0.113751 -0.541078
-0.111901 -0.53918
-0.110052 -0.537282
-0.108202 -0.535384
-0.106352 -0.533486
-0.104503 -0.531588
-0.102653 -0.52969
-0.100804 -0.527792
-0.0989541 -0.525894
-0.0971045 -0.523996
-0.0952548 -0.522098
-0.0934052 -0.5202
-0.0915556 -0.518302
-0.089706 -0.516404
-0.0878564 -0.514506
-0.0860068 -0.512608
-0.0841572 -0.510709
-0.0823076 -0.508811
-0.080458 -0.506913
-0.0786084 -0.505015
-0.0767588 -0.503117
-0.0749092 -0.501219
-0.0730595 -0.499321
-0.0712099 -0.497423
-0.0693603 -0.495525
-0.0675107 -0.493627
-0.0656611 -0.491729
-0.0638115 -0.489831
-0.0619619 -0.487933
-0.0601123 -0.486035
-0.0582627 -0.484137
-0.0564131 -0.482239
-0.0545635 -0.480341
-0.0527138 -0.478443
-0.0508642 -0.476545
-0.0490146 -0.474647
-0.047165 -0.472749
-0.0453154 -0.470851
-0.0434658 -0.468953
-0.0416162 -0.467055
-0.0397666 -0.465157
-0.037917 -0.463259
-0.0360674 -0.461361
-0.0342178 -0.459463
-0.0323682 -0.457565
-0.0305185 -0.455667
-0.0286689 -0.453769
-0.0268193 -0.451871
-0.0249697 -0.449973
-0.0231201 -0.448075
-0.0212705 -0.446177
-0.0194209 -0.444279
-0.0175713 -0.442381
-0.0157217 -0.440483
-0.0138721 -0.438585
-0.0120225 -0.436687
-0.0101728 -0.434789
-0.00832324 -0.432891
-0.00647363 -0.430993
-0.00462402 -0.429095
-0.00277441 -0.427197
-0.000924804 -0.425299
0.000924804 -0.423401
0.00277441 -0.421503
0.00462402 -0.419605
0.00647363 -0.417707
0.00832324 -0.415809
0.0101728 -0.413911
0.0120225 -0.412013
0.0138721 -0.410115
0.0157217 -0.408217
0.0175713 -0.406319
0.0194209 -0.404421
0.0212705 -0.402523
0.0231201 -0.400625
0.0249697 -0.398726
0.0268193 -0.396828
0.0286689 -0.39493
0.0305185 -0.393032
0.0323682 -0.391134
0.0342178 -0.389236
0.0360674 -0.387338
0.037917 -0.38544
0.0397666 -0.383542
0.0416162 -0.381644
0.0434658 -0.379746
0.0453154 -0.377848
0.047165 -0.37595
0.0490146 -0.374052
0.0508642 -0.372154
0.0527138 -0.370256
0.0545635 -0.368358
0.0564131 -0.36646
0.0582627 -0.364562
0.0601123 -0.362664
0.0619619 -0.360766
0.0638115 -0.358868
0.0656611 -0.35697
0.0675107 -0.355072
0.0693603 -0.353174
0.0712099 -0.351276
0.0730595 -0.349378
0.0749092 -0.34748
0.0767588 -0.345582
0.0786084 -0.343684
0.080458 -0.341786
0.0823076 -0.339888
0.0841572 -0.33799
0.0860068 -0.336092
0.0878564 -0.334194
0.089706 -0.332296
0.0915556 -0.330398
0.0934052 -0.3285
0.0952548 -0.326602
0.0971045 -0.324704
0.0989541 -0.322806
0.100804 -0.320908
0.102653 -0.31901
0.104503 -0.317112
0.106352 -0.315214
0.108202 -0.313316
0.110052 -0.311418
0.111901 -0.30952
0.113751 -0.307622
0.115601 -0.305724
0.11745 -0.303826
0.1193 -0.301928
0.121149 -0.30003
0.122999 -0.298132
0.124849 -0.296234
0.126698 -0.294336
0.128548 -0.292438
0.130397 -0.29054
0.132247 -0.288642
0.134097 -0.286743
0.135946 -0.284845
0.137796 -0.282947
0.139645 -0.281049
0.141495 -0.279151
0.143345 -0.277253
0.145194 -0.275355
0.147044 -0.273457
0.148893 -0.271559
0.150743 -0.269661
0.152593 -0.267763
0.154442 -0.265865
0.156292 -0.263967
0.158142 -0.262069
0.159991 -0.260171
0.161841 -0.258273
0.16369 -0.256375
0.16554 -0.254477
0.16739 -0.252579
0.169239 -0.250681
0.171089 -0.248783
0.172938 -0.246885
0.174788 -0.244987
0.176638 -0.243089
0.178487 -0.241191
0.180337 -0.239293
0.182186 -0.237395
0.184036 -0.235497
0.185886 -0.233599
0.187735 -0.231701
0.189585 -0.229803
0.191434 -0.227905
0.193284 -0.226007
0.195134 -0.224109
0.196983 -0.222211
0.198833 -0.220313
0.200683 -0.218415
0.202532 -0.216517
0.204382 -0.214619
0.206231 -0.212721
0.208081 -0.210823
0.209931 -0.208925
0.21178 -0.207027
0.21363 -0.205129
0.215479 -0.203231
0.217329 -0.201333
0.219179 -0.199435
0.221028 -0.197537
0.222878 -0.195639
0.224727 -0.193741
0.226577 -0.191843
0.228427 -0.189945
0.230276 -0.188047
0.232126 -0.186149
0.233975 -0.184251
0.235825 -0.182353
0.237675 -0.180455
0.239524 -0.178557
0.241374 -0.176659
0.243224 -0.17476
0.245073 -0.172862
0.246923 -0.170964
0.248772 -0.169066
0.250622 -0.167168
0.252472 -0.16527
0.254321 -0.163372
0.256171 -0.161474
0.25802 -0.159576
0.25987 -0.157678
0.26172 -0.15578
0.263569 -0.153882
0.265419 -0.151984
0.267268 -0.150086
0.269118 -0.148188
0.270968 -0.14629
0.272817 -0.144392
0.274667 -0.142494
0.276516 -0.140596
0.278366 -0.138698
0.280216 -0.1368
0.282065 -0.134902
0.283915 -0.133004
0.285765 -0.131106
0.287614 -0.129208
0.289464 -0.12731
0.291313 -0.125412
0.293163 -0.123514
0.295013 -0.121616
0.296862 -0.119718
0.298712 -0.11782
0.300561 -0.115922
0.302411 -0.114024
0.304261 -0.112126
0.30611 -0.110228
0.30796 -0.10833
0.309809 -0.106432
0.311659 -0.104534
0.313509 -0.102636
0.315358 -0.100738
0.317208 -0.0988398
0.319057 -0.0969418
0.320907 -0.0950438
0.322757 -0.0931458
0.324606 -0.0912478
0.326456 -0.0893497
0.328306 -0.0874517
0.330155 -0.0855537
0.332005 -0.0836557
0.333854 -0.0817577
0.335704 -0.0798597
0.337554 -0.0779616
0.339403 -0.0760636
0.341253 -0.0741656
0.343102 -0.0722676
0.344952 -0.0703696
0.346802 -0.0684716
0.348651 -0.0665735
0.350501 -0.0646755
0.35235 -0.0627775
0.3542 -0.0608795
0.35605 -0.0589815
0.357899 -0.0570835
0.359749 -0.0551854
0.361598 -0.0532874
0.363448 -0.0513894
0.365298 -0.0494914
0.367147 -0.0475934
0.368997 -0.0456953
0.370847 -0.0437973
0.372696 -0.0418993
0.374546 -0.0400013
0.376395 -0.0381033
0.378245 -0.0362053
0.380095 -0.0343072
0.381944 -0.0324092
0.383794 -0.0285885
0.385643 -0.0234877
0.387493 -0.0183868
0.389343 -0.013286
0.391192 -0.00818516
0.393042 -0.00308433
0.394891 0.0020165
0.396741 0.00711734
0.398591 0.0122182
0.40044 0.017319
0.40229 0.0224198
0.404139 0.0275207
0.405989 0.0326215
0.407839 0.0377223
0.409688 0.0428232
0.411538 0.047924
0.413388 0.0530248
0.415237 0.0581256
0.417087 0.0632265
0.418936 0.0683273
0.420786 0.0734281
0.422636 0.078529
0.424485 0.0836298
0.426335 0.0887306
0.428184 0.0938315
0.430034 0.0989323
0.431884 0.104033
0.433733 0.109134
0.435583 0.114235
0.437432 0.119336
0.439282 0.124436
0.441132 0.129537
0.442981 0.134638
0.444831 0.139739
0.44668 0.14484
0.44853 0.149941
0.45038 0.155041
0.452229 0.160142
0.454079 0.165243
0.455929 0.170344
0.457778 0.175445
0.459628 0.180546
0.461477 0.185646
0.463327 0.190747
0.465177 0.195848
0.467026 0.200949
0.468876 0.20605
0.470725 0.211151
0.472575 0.216251
0.474425 0.221352
0.476274 0.226453
0.478124 0.231554
0.479973 0.236655
0.481823 0.241756
0.483673 0.246856
0.485522 0.251957
0.487372 0.257058
0.489221 0.262159
0.491071 0.26726
0.492921 0.272361
0.49477 0.277461
0.49662 0.282562
0.49847 0.287663
0.500319 0.292764
0.502169 0.297865
0.504018 0.302966
0.505868 0.308066
0.507718 0.313167
0.509567 0.318268
0.511417 0.323369
0.513266 0.32847
0.515116 0.333571
0.516966 0.338671
0.518815 0.343772
0.520665 0.348873
0.522514 0.353974
0.524364 0.359075
0.526214 0.364176
0.528063 0.369276
0.529913 0.374377
0.531762 0.379478
0.533612 0.384579
0.535462 0.38968
0.537311 0.394781
0.539161 0.399881
0.541011 0.404982
0.54286 0.410083
0.54471 0.415184
0.546559 0.420285
0.548409 0.425386
0.550259 0.430486
0.552108 0.435587
0.553958 0.440688
0.555807 0.445789
0.557657 0.45089
0.559507 0.45599
0.561356 0.461091
0.563206 0.466192
0.565055 0.471293
0.566905 0.476394
0.568755 0.481495
0.570604 0.486595
0.572454 0.491696
0.574303 0.496797
0.576153 0.501898
0.578003 0.506999
0.579852 0.5121
0.581702 0.5172
0.583552 0.522301
0.585401 0.527402
0.587251 0.532503
0.5891 0.537604
0.59095 0.542705
0.5928 0.547805
0.594649 0.552906
0.596499 0.558007
0.598348 0.563108
0.600198 0.568209
0.602048 0.57331
0.603897 0.57841
0.605747 0.583511
0.607596 0.588612
0.609446 0.593713
0.611296 0.598814
0.613145 0.603915
0.614995 0.609015
0.616844 0.614116
0.618694 0.619217
0.620544 0.624318
0.622393 0.629419
0.624243 0.63452
0.626093 0.63962
0.627942 0.644721
0.629792 0.649822
0.631641 0.654923
0.633491 0.660024
0.635341 0.665125
0.63719 0.670225
0.63904 0.675326
0.640889 0.680427
0.642739 0.685528
0.644589 0.690629
0.646438 0.69573
0.648288 0.70083
0.650137 0.705931
0.651987 0.711032
0.653837 0.716133
0.655686 0.721234
0.657536 0.726335
0.659385 0.731435
0.661235 0.736536
0.663085 0.741637
0.664934 0.746738
0.666784 0.751839
0.668634 0.75694
0.670483 0.76204
0.672333 0.767141
0.674182 0.772242
0.676032 0.777343
0.677882 0.782444
0.679731 0.787545
0.681581 0.792645
0.68343 0.797746
0.68528 0.802847
0.68713 0.807948
0.688979 0.813049
0.690829 0.81815
0.692678 0.82325
0.694528 0.828351
0.696378 0.833452
0.698227 0.838553
0.700077 0.843654
0.701926 0.848755
0.703776 0.853855
0.705626 0.858956
0.707475 0.864057
0.709325 0.869158
0.711175 0.874259
0.713024 0.879359
0.714874 0.88446
0.716723 0.889561
0.718573 0.894662
0.720423 0.899763
0.722272 0.904864
0.724122 0.909964
0.725971 0.915065
0.727821 0.920166
0.729671 0.925267
0.73152 0.930368
0.73337 0.935469
0.735219 0.940569
0.737069 0.94567
0.738919 0.950771
0.740768 0.955872
0.742618 0.960973
0.744467 0.966074
0.746317 0.971174
0.748167 0.976275
0.750016 0.981376
0.751866 0.986477
0.753716 0.991578
0.755565 0.996679
0.757415 1.00178
0.759264 1.00688
0.761114 1.01198
0.762964 1.01708
0.764813 1.02218
0.766663 1.02728
0.768512 1.03238
0.770362 1.03749
0.772212 1.04259
0.774061 1.04769
0.775911 1.05279
0.77776 1.05789
0.77961 1.06299
0.78146 1.06809
0.783309 1.07319
0.785159 1.07829
0.787008 1.08339
0.788858 1.08849
0.790708 1.09359
0.792557 1.0987
0.794407 1.1038
0.796257 1.1089
0.798106 1.114
0.799956 1.1191
0.801805 1.1242
0.803655 1.1293
0.805505 1.1344
0.807354 1.1395
0.809204 1.1446
0.811053 1.1497
0.812903 1.1548
0.814753 1.15991
0.816602 1.16501
0.818452 1.17011
0.820301 1.17521
0.822151 1.18031
0.824001 1.18541
0.82585 1.19051
0.8277 1.19561
0.829549 1.20071
0.831399 1.20581
0.833249 1.21091
0.835098 1.21601
0.836948 1.22112
0.838798 1.22622
0.840647 1.23132
0.842497 1.23642
0.844346 1.24152
0.846196 1.24662
0.848046 1.25172
0.849895 1.25682
0.851745 1.26192
0.853594 1.26702
0.855444 1.27212
0.857294 1.27722
0.859143 1.28233
0.860993 1.28743
0.862842 1.29253
0.864692 1.29763
0.866542 1.30273
0.868391 1.30783
0.870241 1.31293
0.87209 1.31803
0.87394 1.32313
0.87579 1.32823
0.877639 1.33333
0.879489 1.33843
0.881339 1.34354
0.883188 1.34864
0.885038 1.35374
0.886887 1.35884
0.888737 1.36394
0.890587 1.36904
0.892436 1.37414
0.894286 1.37924
0.896135 1.38434
0.897985 1.38944
0.899835 1.39454
0.901684 1.39964
0.903534 1.40475
0.905383 1.40985
0.907233 1.41495
0.909083 1.42005
0.910932 1.42515
0.912782 1.43025
0.914631 1.43535
0.916481 1.44045
0.918331 1.44555
0.92018 1.45065
0.92203 1.45575
0.92388 1.46085
