-1 -1.12198
-0.997998 -1.08498
-0.995996 -1.06031
-0.993994 -1.04299
-0.991992 -1.02997
-0.98999 -1.01944
-0.987988 -1.01036
-0.985986 -1.00219
-0.983984 -0.994652
-0.981982 -0.987637
-0.97998 -0.981094
-0.977978 -0.975003
-0.975976 -0.96935
-0.973974 -0.964114
-0.971972 -0.959265
-0.96997 -0.954768
-0.967968 -0.950584
-0.965966 -0.946672
-0.963964 -0.942993
-0.961962 -0.939515
-0.95996 -0.936208
-0.957958 -0.93305
-0.955956 -0.930023
-0.953954 -0.927116
-0.951952 -0.924319
-0.94995 -0.921628
-0.947948 -0.91904
-0.945946 -0.916553
-0.943944 -0.914167
-0.941942 -0.91188
-0.93994 -0.909691
-0.937938 -0.907599
-0.935936 -0.9056
-0.933934 -0.903691
-0.931932 -0.901867
-0.92993 -0.900124
-0.927928 -0.898456
-0.925926 -0.896859
-0.923924 -0.895326
-0.921922 -0.893853
-0.91992 -0.892435
-0.917918 -0.891067
-0.915916 -0.889746
-0.913914 -0.888468
-0.911912 -0.88723
-0.90991 -0.886031
-0.907908 -0.884869
-0.905906 -0.883741
-0.903904 -0.882649
-0.901902 -0.881591
-0.8999 -0.880566
-0.897898 -0.879576
-0.895896 -0.878618
-0.893894 -0.877695
-0.891892 -0.876804
-0.88989 -0.875947
-0.887888 -0.875122
-0.885886 -0.874329
-0.883884 -0.873568
-0.881882 -0.872838
-0.87988 -0.872137
-0.877878 -0.871464
-0.875876 -0.870819
-0.873874 -0.870199
-0.871872 -0.869604
-0.86987 -0.869032
-0.867868 -0.868482
-0.865866 -0.867952
-0.863864 -0.867442
-0.861862 -0.866949
-0.85986 -0.866473
-0.857858 -0.866014
-0.855856 -0.865569
-0.853854 -0.865138
-0.851852 -0.864722
-0.84985 -0.864318
-0.847848 -0.863927
-0.845846 -0.863549
-0.843844 -0.863183
-0.841842 -0.862829
-0.83984 -0.862488
-0.837838 -0.862158
-0.835836 -0.861841
-0.833834 -0.861536
-0.831832 -0.861242
-0.82983 -0.860961
-0.827828 -0.860692
-0.825826 -0.860435
-0.823824 -0.86019
-0.821822 -0.859957
-0.81982 -0.859735
-0.817818 -0.859524
-0.815816 -0.859324
-0.813814 -0.859135
-0.811812 -0.858956
-0.80981 -0.858787
-0.807808 -0.858627
-0.805806 -0.858476
-0.803804 -0.858333
-0.801802 -0.858198
-0.7998 -0.858071
-0.797798 -0.85795
-0.795796 -0.857835
-0.793794 -0.857727
-0.791792 -0.857624
-0.78979 -0.857526
-0.787788 -0.857433
-0.785786 -0.857344
-0.783784 -0.857259
-0.781782 -0.857178
-0.77978 -0.857101
-0.777778 -0.857027
-0.775776 -0.856957
-0.773774 -0.856889
-0.771772 -0.856825
-0.76977 -0.856764
-0.767768 -0.856706
-0.765766 -0.856652
-0.763764 -0.8566
-0.761762 -0.856552
-0.75976 -0.856506
-0.757758 -0.856464
-0.755756 -0.856425
-0.753754 -0.856389
-0.751752 -0.856356
-0.74975 -0.856327
-0.747748 -0.8563
-0.745746 -0.856277
-0.743744 -0.856256
-0.741742 -0.856239
-0.73974 -0.856224
-0.737738 -0.856212
-0.735736 -0.856203
-0.733734 -0.856195
-0.731732 -0.85619
-0.72973 -0.856187
-0.727728 -0.856186
-0.725726 -0.856186
-0.723724 -0.856187
-0.721722 -0.85619
-0.71972 -0.856193
-0.717718 -0.856197
-0.715716 -0.856202
-0.713714 -0.856206
-0.711712 -0.856211
-0.70971 -0.856215
-0.707708 -0.85622
-0.705706 -0.856223
-0.703704 -0.856226
-0.701702 -0.856228
-0.6997 -0.856229
-0.697698 -0.856229
-0.695696 -0.856228
-0.693694 -0.856225
-0.691692 -0.856222
-0.68969 -0.856217
-0.687688 -0.85621
-0.685686 -0.856203
-0.683684 -0.856194
-0.681682 -0.856183
-0.67968 -0.856172
-0.677678 -0.856159
-0.675676 -0.856144
-0.673674 -0.856129
-0.671672 -0.856112
-0.66967 -0.856094
-0.667668 -0.856074
-0.665666 -0.856054
-0.663664 -0.856032
-0.661662 -0.856009
-0.65966 -0.855984
-0.657658 -0.855959
-0.655656 -0.855932
-0.653654 -0.855904
-0.651652 -0.855874
-0.64965 -0.855843
-0.647648 -0.855811
-0.645646 -0.855776
-0.643644 -0.855741
-0.641642 -0.855703
-0.63964 -0.855664
-0.637638 -0.855622
-0.635636 -0.855578
-0.633634 -0.855533
-0.631632 -0.855484
-0.62963 -0.855434
-0.627628 -0.855381
-0.625626 -0.855325
-0.623624 -0.855266
-0.621622 -0.855204
-0.61962 -0.85514
-0.617618 -0.855072
-0.615616 -0.855001
-0.613614 -0.854926
-0.611612 -0.854848
-0.60961 -0.854767
-0.607608 -0.854682
-0.605606 -0.854594
-0.603604 -0.854501
-0.601602 -0.854405
-0.5996 -0.854306
-0.597598 -0.854202
-0.595596 -0.854095
-0.593594 -0.853984
-0.591592 -0.853869
-0.58959 -0.85375
-0.587588 -0.853628
-0.585586 -0.853501
-0.583584 -0.853371
-0.581582 -0.853237
-0.57958 -0.8531
-0.577578 -0.852958
-0.575576 -0.852813
-0.573574 -0.852664
-0.571572 -0.852512
-0.56957 -0.852356
-0.567568 -0.852196
-0.565566 -0.852032
-0.563564 -0.851865
-0.561562 -0.851694
-0.55956 -0.851519
-0.557558 -0.851341
-0.555556 -0.851159
-0.553554 -0.850973
-0.551552 -0.850784
-0.54955 -0.85059
-0.547548 -0.850393
-0.545546 -0.850192
-0.543544 -0.849987
-0.541542 -0.849778
-0.53954 -0.849565
-0.537538 -0.849348
-0.535536 -0.849126
-0.533534 -0.8489
-0.531532 -0.84867
-0.52953 -0.848436
-0.527528 -0.848197
-0.525526 -0.847953
-0.523524 -0.847705
-0.521522 -0.847452
-0.51952 -0.847195
-0.517518 -0.846932
-0.515516 -0.846665
-0.513514 -0.846392
-0.511512 -0.846115
-0.50951 -0.845832
-0.507508 -0.845545
-0.505506 -0.845252
-0.503503 -0.844954
-0.501501 -0.844651
-0.499499 -0.844342
-0.497497 -0.844028
-0.495495 -0.843709
-0.493493 -0.843385
-0.491491 -0.843055
-0.489489 -0.84272
-0.487487 -0.84238
-0.485485 -0.842035
-0.483483 -0.841684
-0.481481 -0.841327
-0.479479 -0.840966
-0.477477 -0.840599
-0.475475 -0.840227
-0.473473 -0.83985
-0.471471 -0.839467
-0.469469 -0.83908
-0.467467 -0.838687
-0.465465 -0.838289
-0.463463 -0.837885
-0.461461 -0.837477
-0.459459 -0.837063
-0.457457 -0.836644
-0.455455 -0.836221
-0.453453 -0.835791
-0.451451 -0.835357
-0.449449 -0.834918
-0.447447 -0.834473
-0.445445 -0.834023
-0.443443 -0.833568
-0.441441 -0.833108
-0.439439 -0.832642
-0.437437 -0.832171
-0.435435 -0.831695
-0.433433 -0.831214
-0.431431 -0.830726
-0.429429 -0.830234
-0.427427 -0.829736
-0.425425 -0.829232
-0.423423 -0.828723
-0.421421 -0.828208
-0.419419 -0.827688
-0.417417 -0.827161
-0.415415 -0.826629
-0.413413 -0.826091
-0.411411 -0.825547
-0.409409 -0.824997
-0.407407 -0.824441
-0.405405 -0.823879
-0.403403 -0.823311
-0.401401 -0.822737
-0.399399 -0.822157
-0.397397 -0.821571
-0.395395 -0.820978
-0.393393 -0.820379
-0.391391 -0.819774
-0.389389 -0.819163
-0.387387 -0.818545
-0.385385 -0.817921
-0.383383 -0.817291
-0.381381 -0.816654
-0.379379 -0.816011
-0.377377 -0.815362
-0.375375 -0.814707
-0.373373 -0.814045
-0.371371 -0.813377
-0.369369 -0.812702
-0.367367 -0.812021
-0.365365 -0.811335
-0.363363 -0.810641
-0.361361 -0.809942
-0.359359 -0.809236
-0.357357 -0.808524
-0.355355 -0.807806
-0.353353 -0.807082
-0.351351 -0.806352
-0.349349 -0.805615
-0.347347 -0.804872
-0.345345 -0.804124
-0.343343 -0.803369
-0.341341 -0.802607
-0.339339 -0.80184
-0.337337 -0.801067
-0.335335 -0.800287
-0.333333 -0.799501
-0.331331 -0.798709
-0.329329 -0.797911
-0.327327 -0.797107
-0.325325 -0.796296
-0.323323 -0.795479
-0.321321 -0.794656
-0.319319 -0.793827
-0.317317 -0.792991
-0.315315 -0.792149
-0.313313 -0.7913
-0.311311 -0.790445
-0.309309 -0.789584
-0.307307 -0.788716
-0.305305 -0.787842
-0.303303 -0.786961
-0.301301 -0.786073
-0.299299 -0.785179
-0.297297 -0.784278
-0.295295 -0.78337
-0.293293 -0.782455
-0.291291 -0.781534
-0.289289 -0.780606
-0.287287 -0.779671
-0.285285 -0.778729
-0.283283 -0.77778
-0.281281 -0.776825
-0.279279 -0.775862
-0.277277 -0.774892
-0.275275 -0.773916
-0.273273 -0.772932
-0.271271 -0.771942
-0.269269 -0.770944
-0.267267 -0.769939
-0.265265 -0.768928
-0.263263 -0.767909
-0.261261 -0.766883
-0.259259 -0.765851
-0.257257 -0.764811
-0.255255 -0.763764
-0.253253 -0.76271
-0.251251 -0.761649
-0.249249 -0.760582
-0.247247 -0.759507
-0.245245 -0.758425
-0.243243 -0.757336
-0.241241 -0.756241
-0.239239 -0.755138
-0.237237 -0.754029
-0.235235 -0.752913
-0.233233 -0.751789
-0.231231 -0.750659
-0.229229 -0.749522
-0.227227 -0.748379
-0.225225 -0.747228
-0.223223 -0.74607
-0.221221 -0.744906
-0.219219 -0.743735
-0.217217 -0.742557
-0.215215 -0.741372
-0.213213 -0.74018
-0.211211 -0.738981
-0.209209 -0.737775
-0.207207 -0.736563
-0.205205 -0.735343
-0.203203 -0.734117
-0.201201 -0.732883
-0.199199 -0.731643
-0.197197 -0.730395
-0.195195 -0.729141
-0.193193 -0.727879
-0.191191 -0.726611
-0.189189 -0.725335
-0.187187 -0.724052
-0.185185 -0.722762
-0.183183 -0.721464
-0.181181 -0.72016
-0.179179 -0.718848
-0.177177 -0.717528
-0.175175 -0.716202
-0.173173 -0.714868
-0.171171 -0.713527
-0.169169 -0.712178
-0.167167 -0.710822
-0.165165 -0.709458
-0.163163 -0.708087
-0.161161 -0.706708
-0.159159 -0.705322
-0.157157 -0.703928
-0.155155 -0.702527
-0.153153 -0.701118
-0.151151 -0.699701
-0.149149 -0.698277
-0.147147 -0.696845
-0.145145 -0.695406
-0.143143 -0.693959
-0.141141 -0.692505
-0.139139 -0.691043
-0.137137 -0.689573
-0.135135 -0.688096
-0.133133 -0.686611
-0.131131 -0.685119
-0.129129 -0.683619
-0.127127 -0.682111
-0.125125 -0.680596
-0.123123 -0.679074
-0.121121 -0.677544
-0.119119 -0.676006
-0.117117 -0.674461
-0.115115 -0.672908
-0.113113 -0.671348
-0.111111 -0.669781
-0.109109 -0.668206
-0.107107 -0.666624
-0.105105 -0.665034
-0.103103 -0.663437
-0.101101 -0.661832
-0.0990991 -0.66022
-0.0970971 -0.658601
-0.0950951 -0.656974
-0.0930931 -0.655339
-0.0910911 -0.653698
-0.0890891 -0.652048
-0.0870871 -0.650392
-0.0850851 -0.648727
-0.0830831 -0.647056
-0.0810811 -0.645377
-0.0790791 -0.64369
-0.0770771 -0.641996
-0.0750751 -0.640294
-0.0730731 -0.638585
-0.0710711 -0.636868
-0.0690691 -0.635143
-0.0670671 -0.633411
-0.0650651 -0.631671
-0.0630631 -0.629923
-0.0610611 -0.628167
-0.0590591 -0.626404
-0.0570571 -0.624633
-0.0550551 -0.622854
-0.0530531 -0.621068
-0.0510511 -0.619273
-0.049049 -0.61747
-0.047047 -0.61566
-0.045045 -0.613841
-0.043043 -0.612015
-0.041041 -0.610181
-0.039039 -0.608338
-0.037037 -0.606488
-0.035035 -0.604629
-0.033033 -0.602763
-0.031031 -0.600888
-0.029029 -0.599005
-0.027027 -0.597114
-0.025025 -0.595215
-0.023023 -0.593308
-0.021021 -0.591393
-0.019019 -0.58947
-0.017017 -0.587539
-0.015015 -0.585599
-0.013013 -0.583652
-0.011011 -0.581696
-0.00900901 -0.579733
-0.00700701 -0.577761
-0.005005 -0.575781
-0.003003 -0.573793
-0.001001 -0.571797
0.001001 -0.569793
0.003003 -0.567781
0.005005 -0.565762
0.00700701 -0.563734
0.00900901 -0.561698
0.011011 -0.559654
0.013013 -0.557602
0.015015 -0.555542
0.017017 -0.553475
0.019019 -0.551399
0.021021 -0.549316
0.023023 -0.547224
0.025025 -0.545125
0.027027 -0.543017
0.029029 -0.540902
0.031031 -0.538779
0.033033 -0.536648
0.035035 -0.534509
0.037037 -0.532361
0.039039 -0.530206
0.041041 -0.528043
0.043043 -0.525872
0.045045 -0.523693
0.047047 -0.521506
0.049049 -0.519311
0.0510511 -0.517107
0.0530531 -0.514896
0.0550551 -0.512676
0.0570571 -0.510449
0.0590591 -0.508213
0.0610611 -0.505968
0.0630631 -0.503716
0.0650651 -0.501455
0.0670671 -0.499186
0.0690691 -0.496909
0.0710711 -0.494623
0.0730731 -0.492329
0.0750751 -0.490026
0.0770771 -0.487715
0.0790791 -0.485396
0.0810811 -0.483068
0.0830831 -0.480731
0.0850851 -0.478386
0.0870871 -0.476033
0.0890891 -0.473671
0.0910911 -0.4713
0.0930931 -0.468921
0.0950951 -0.466533
0.0970971 -0.464136
0.0990991 -0.461731
0.101101 -0.459318
0.103103 -0.456895
0.105105 -0.454465
0.107107 -0.452025
0.109109 -0.449577
0.111111 -0.44712
0.113113 -0.444655
0.115115 -0.442181
0.117117 -0.439699
0.119119 -0.437208
0.121121 -0.434708
0.123123 -0.4322
0.125125 -0.429684
0.127127 -0.427159
0.129129 -0.424625
0.131131 -0.422083
0.133133 -0.419533
0.135135 -0.416974
0.137137 -0.414406
0.139139 -0.411831
0.141141 -0.409246
0.143143 -0.406653
0.145145 -0.404052
0.147147 -0.401443
0.149149 -0.398825
0.151151 -0.396198
0.153153 -0.393563
0.155155 -0.39092
0.157157 -0.388268
0.159159 -0.385608
0.161161 -0.382939
0.163163 -0.380261
0.165165 -0.377576
0.167167 -0.374881
0.169169 -0.372178
0.171171 -0.369467
0.173173 -0.366747
0.175175 -0.364018
0.177177 -0.361281
0.179179 -0.358535
0.181181 -0.35578
0.183183 -0.353016
0.185185 -0.350244
0.187187 -0.347463
0.189189 -0.344673
0.191191 -0.341874
0.193193 -0.339066
0.195195 -0.33625
0.197197 -0.333424
0.199199 -0.330589
0.201201 -0.327746
0.203203 -0.324893
0.205205 -0.322031
0.207207 -0.31916
0.209209 -0.31628
0.211211 -0.313391
0.213213 -0.310493
0.215215 -0.307586
0.217217 -0.30467
0.219219 -0.301744
0.221221 -0.298809
0.223223 -0.295865
0.225225 -0.292912
0.227227 -0.28995
0.229229 -0.286978
0.231231 -0.283998
0.233233 -0.281008
0.235235 -0.278009
0.237237 -0.275001
0.239239 -0.271983
0.241241 -0.268957
0.243243 -0.265922
0.245245 -0.262877
0.247247 -0.259823
0.249249 -0.256761
0.251251 -0.253689
0.253253 -0.250608
0.255255 -0.247518
0.257257 -0.244419
0.259259 -0.241311
0.261261 -0.238194
0.263263 -0.235069
0.265265 -0.231934
0.267267 -0.22879
0.269269 -0.225637
0.271271 -0.222475
0.273273 -0.219304
0.275275 -0.216124
0.277277 -0.212935
0.279279 -0.209737
0.281281 -0.20653
0.283283 -0.203313
0.285285 -0.200088
0.287287 -0.196854
0.289289 -0.19361
0.291291 -0.190357
0.293293 -0.187095
0.295295 -0.183824
0.297297 -0.180544
0.299299 -0.177254
0.301301 -0.173955
0.303303 -0.170646
0.305305 -0.167328
0.307307 -0.164001
0.309309 -0.160664
0.311311 -0.157318
0.313313 -0.153962
0.315315 -0.150596
0.317317 -0.147221
0.319319 -0.143836
0.321321 -0.140442
0.323323 -0.137037
0.325325 -0.133623
0.327327 -0.130199
0.329329 -0.126766
0.331331 -0.123322
0.333333 -0.119869
0.335335 -0.116406
0.337337 -0.112933
0.339339 -0.10945
0.341341 -0.105957
0.343343 -0.102455
0.345345 -0.0989422
0.347347 -0.0954198
0.349349 -0.0918875
0.351351 -0.0883454
0.353353 -0.0847933
0.355355 -0.0812314
0.357357 -0.0776597
0.359359 -0.0740781
0.361361 -0.0704867
0.363363 -0.0668854
0.365365 -0.0632744
0.367367 -0.0596536
0.369369 -0.056023
0.371371 -0.0523827
0.373373 -0.0487326
0.375375 -0.0450728
0.377377 -0.0414033
0.379379 -0.037724
0.381381 -0.034035
0.383383 -0.0303363
0.385385 -0.0266279
0.387387 -0.0229097
0.389389 -0.0191818
0.391391 -0.0154442
0.393393 -0.0116968
0.395395 -0.00793959
0.397397 -0.00417262
0.399399 -0.000395816
0.401401 0.00339084
0.403403 0.00718737
0.405405 0.0109938
0.407407 0.0148102
0.409409 0.0186366
0.411411 0.0224731
0.413413 0.0263196
0.415415 0.0301763
0.417417 0.0340431
0.419419 0.0379201
0.421421 0.0418075
0.423423 0.0457051
0.425425 0.0496131
0.427427 0.0535316
0.429429 0.0574605
0.431431 0.0613999
0.433433 0.0653499
0.435435 0.0693105
0.437437 0.0732818
0.439439 0.0772637
0.441441 0.0812563
0.443443 0.0852597
0.445445 0.0892739
0.447447 0.0932989
0.449449 0.0973347
0.451451 0.101381
0.453453 0.105439
0.455455 0.109507
0.457457 0.113586
0.459459 0.117677
0.461461 0.121778
0.463463 0.125889
0.465465 0.130012
0.467467 0.134146
0.469469 0.13829
0.471471 0.142445
0.473473 0.146611
0.475475 0.150788
0.477477 0.154976
0.479479 0.159174
0.481481 0.163384
0.483483 0.167604
0.485485 0.171834
0.487487 0.176076
0.489489 0.180328
0.491491 0.184591
0.493493 0.188864
0.495495 0.193148
0.497497 0.197443
0.499499 0.201749
0.501501 0.206066
0.503503 0.210393
0.505506 0.214731
0.507508 0.21908
0.50951 0.223439
0.511512 0.22781
0.513514 0.232192
0.515516 0.236584
0.517518 0.240988
0.51952 0.245403
0.521522 0.249829
0.523524 0.254266
0.525526 0.258715
0.527528 0.263175
0.52953 0.267646
0.531532 0.272129
0.533534 0.276624
0.535536 0.28113
0.537538 0.285648
0.53954 0.290178
0.541542 0.29472
0.543544 0.299274
0.545546 0.303839
0.547548 0.308417
0.54955 0.313007
0.551552 0.317609
0.553554 0.322224
0.555556 0.32685
0.557558 0.331489
0.55956 0.33614
0.561562 0.340804
0.563564 0.34548
0.565566 0.350168
0.567568 0.354869
0.56957 0.359582
0.571572 0.364307
0.573574 0.369045
0.575576 0.373795
0.577578 0.378557
0.57958 0.383332
0.581582 0.388119
0.583584 0.392918
0.585586 0.39773
0.587588 0.402553
0.58959 0.407389
0.591592 0.412238
0.593594 0.417098
0.595596 0.421971
0.597598 0.426855
0.5996 0.431752
0.601602 0.436662
0.603604 0.441583
0.605606 0.446517
0.607608 0.451463
0.60961 0.456422
0.611612 0.461393
0.613614 0.466377
0.615616 0.471373
0.617618 0.476382
0.61962 0.481404
0.621622 0.486439
0.623624 0.491486
0.625626 0.496547
0.627628 0.501621
0.62963 0.506708
0.631632 0.511809
0.633634 0.516923
0.635636 0.522051
0.637638 0.527193
0.63964 0.532349
0.641642 0.537518
0.643644 0.542702
0.645646 0.5479
0.647648 0.553113
0.64965 0.55834
0.651652 0.563581
0.653654 0.568837
0.655656 0.574108
0.657658 0.579393
0.65966 0.584694
0.661662 0.590008
0.663664 0.595338
0.665666 0.600683
0.667668 0.606042
0.66967 0.611416
0.671672 0.616805
0.673674 0.622208
0.675676 0.627627
0.677678 0.63306
0.67968 0.638508
0.681682 0.64397
0.683684 0.649448
0.685686 0.65494
0.687688 0.660446
0.68969 0.665968
0.691692 0.671504
0.693694 0.677054
0.695696 0.68262
0.697698 0.6882
0.6997 0.693795
0.701702 0.699406
0.703704 0.705031
0.705706 0.710671
0.707708 0.716327
0.70971 0.721999
0.711712 0.727685
0.713714 0.733388
0.715716 0.739107
0.717718 0.744842
0.71972 0.750594
0.721722 0.756362
0.723724 0.762147
0.725726 0.767949
0.727728 0.773768
0.72973 0.779605
0.731732 0.78546
0.733734 0.791333
0.735736 0.797224
0.737738 0.803133
0.73974 0.809061
0.741742 0.815008
0.743744 0.820973
0.745746 0.826958
0.747748 0.832961
0.74975 0.838983
0.751752 0.845025
0.753754 0.851086
0.755756 0.857166
0.757758 0.863265
0.75976 0.869383
0.761762 0.875521
0.763764 0.881678
0.765766 0.887853
0.767768 0.894049
0.76977 0.900263
0.771772 0.906496
0.773774 0.912748
0.775776 0.91902
0.777778 0.925311
0.77978 0.931621
0.781782 0.937951
0.783784 0.9443
0.785786 0.95067
0.787788 0.957059
0.78979 0.963469
0.791792 0.9699
0.793794 0.976351
0.795796 0.982825
0.797798 0.98932
0.7998 0.995837
0.801802 1.00238
0.803804 1.00894
0.805806 1.01553
0.807808 1.02214
0.80981 1.02878
0.811812 1.03544
0.813814 1.04213
0.815816 1.04884
0.817818 1.05558
0.81982 1.06235
0.821822 1.06915
0.823824 1.07597
0.825826 1.08282
0.827828 1.0897
0.82983 1.0966
0.831832 1.10354
0.833834 1.1105
0.835836 1.11749
0.837838 1.12451
0.83984 1.13156
0.841842 1.13863
0.843844 1.14574
0.845846 1.15287
0.847848 1.16003
0.84985 1.16721
0.851852 1.17443
0.853854 1.18168
0.855856 1.18895
0.857858 1.19626
0.85986 1.2036
0.861862 1.21097
0.863864 1.21837
0.865866 1.22581
0.867868 1.23328
0.86987 1.24079
0.871872 1.24833
0.873874 1.25592
0.875876 1.26354
0.877878 1.27121
0.87988 1.27892
0.881882 1.28668
0.883884 1.29448
0.885886 1.30232
0.887888 1.31022
0.88989 1.31816
0.891892 1.32615
0.893894 1.33419
0.895896 1.34228
0.897898 1.35042
0.8999 1.35861
0.901902 1.36685
0.903904 1.37514
0.905906 1.38348
0.907908 1.39187
0.90991 1.40031
0.911912 1.4088
0.913914 1.41735
0.915916 1.42596
0.917918 1.43462
0.91992 1.44335
0.921922 1.45214
0.923924 1.461
0.925926 1.46994
0.927928 1.47896
0.92993 1.48807
0.931932 1.49727
0.933934 1.50656
0.935936 1.51596
0.937938 1.52546
0.93994 1.53507
0.941942 1.5448
0.943944 1.55463
0.945946 1.56459
0.947948 1.57466
0.94995 1.58484
0.951952 1.59515
0.953954 1.60558
0.955956 1.61613
0.957958 1.62682
0.95996 1.63766
0.961962 1.64866
0.963964 1.65985
0.965966 1.67126
0.967968 1.68292
0.96997 1.69486
0.971972 1.70713
0.973974 1.71977
0.975976 1.73282
0.977978 1.74629
0.97998 1.76022
0.981982 1.77462
0.983984 1.78951
0.985986 1.80493
0.987988 1.82101
0.98999 1.83801
0.991992 1.85648
0.993994 1.87745
0.995996 1.90273
0.997998 1.93539
1 1.98039
