-0.989821 -1.01905
-0.98784 -1.02662
-0.985858 -1.03364
-0.983877 -1.04011
-0.981895 -1.04603
-0.979913 -1.05139
-0.977932 -1.05621
-0.97595 -1.06048
-0.973968 -1.0642
-0.971987 -1.06736
-0.970005 -1.06998
-0.968024 -1.07204
-0.966042 -1.07356
-0.96406 -1.07452
-0.962079 -1.07493
-0.960097 -1.0748
-0.958115 -1.07411
-0.956134 -1.07287
-0.954152 -1.07108
-0.952171 -1.06874
-0.950189 -1.06585
-0.948207 -1.06241
-0.946226 -1.05842
-0.944244 -1.05388
-0.942262 -1.04879
-0.940281 -1.04314
-0.938299 -1.03695
-0.936318 -1.03021
-0.934336 -1.02291
-0.932354 -1.01507
-0.930373 -1.00667
-0.928391 -0.997726
-0.926409 -0.988229
-0.924428 -0.978182
-0.922446 -0.967585
-0.920465 -0.956436
-0.918483 -0.944738
-0.916501 -0.932488
-0.91452 -0.919688
-0.912538 -0.906338
-0.910556 -0.892437
-0.908575 -0.878115
-0.906593 -0.864056
-0.904612 -0.850359
-0.90263 -0.837024
-0.900648 -0.824051
-0.898667 -0.81144
-0.896685 -0.799191
-0.894703 -0.787304
-0.892722 -0.775779
-0.89074 -0.764616
-0.888759 -0.753815
-0.886777 -0.743376
-0.884795 -0.733299
-0.882814 -0.723584
-0.880832 -0.714231
-0.87885 -0.70524
-0.876869 -0.696611
-0.874887 -0.688344
-0.872906 -0.680438
-0.870924 -0.672895
-0.868942 -0.665714
-0.866961 -0.658895
-0.864979 -0.652438
-0.862997 -0.646343
-0.861016 -0.64061
-0.859034 -0.635239
-0.857053 -0.63023
-0.855071 -0.625583
-0.853089 -0.621298
-0.851108 -0.617375
-0.849126 -0.613814
-0.847144 -0.610615
-0.845163 -0.607778
-0.843181 -0.605303
-0.8412 -0.60319
-0.839218 -0.601439
-0.837236 -0.60005
-0.835255 -0.599023
-0.833273 -0.598358
-0.831291 -0.598055
-0.82931 -0.598114
-0.827328 -0.598535
-0.825347 -0.599318
-0.823365 -0.600463
-0.821383 -0.60197
-0.819402 -0.603839
-0.81742 -0.60607
-0.815438 -0.608663
-0.813457 -0.611618
-0.811475 -0.614935
-0.809494 -0.618614
-0.807512 -0.622655
-0.80553 -0.627058
-0.803549 -0.631822
-0.801567 -0.636949
-0.799585 -0.642438
-0.797604 -0.648289
-0.795622 -0.654502
-0.793641 -0.661077
-0.791659 -0.668014
-0.789677 -0.675313
-0.787696 -0.682974
-0.785714 -0.690997
-0.783732 -0.699382
-0.781751 -0.708129
-0.779769 -0.717238
-0.777788 -0.726709
-0.775806 -0.736542
-0.773824 -0.746737
-0.771843 -0.757294
-0.769861 -0.768213
-0.767879 -0.779494
-0.765898 -0.791137
-0.763916 -0.803142
-0.761935 -0.815509
-0.759953 -0.828238
-0.757971 -0.841329
-0.75599 -0.854782
-0.754008 -0.868359
-0.752026 -0.881688
-0.750045 -0.894764
-0.748063 -0.907586
-0.746082 -0.920156
-0.7441 -0.932472
-0.742118 -0.944535
-0.740137 -0.956345
-0.738155 -0.967901
-0.736173 -0.979205
-0.734192 -0.990256
-0.73221 -1.00105
-0.730229 -1.0116
-0.728247 -1.02189
-0.726265 -1.03193
-0.724284 -1.04171
-0.722302 -1.05124
-0.720321 -1.06052
-0.718339 -1.06955
-0.716357 -1.07832
-0.714376 -1.08684
-0.712394 -1.0951
-0.710412 -1.10312
-0.708431 -1.11088
-0.706449 -1.11838
-0.704468 -1.12563
-0.702486 -1.13263
-0.700504 -1.13938
-0.698523 -1.14588
-0.696541 -1.15212
-0.694559 -1.1581
-0.692578 -1.16384
-0.690596 -1.16932
-0.688615 -1.17455
-0.686633 -1.17952
-0.684651 -1.18424
-0.68267 -1.18871
-0.680688 -1.19293
-0.678706 -1.19689
-0.676725 -1.2006
-0.674743 -1.20406
-0.672762 -1.20726
-0.67078 -1.21021
-0.668798 -1.2129
-0.666817 -1.21535
-0.664835 -1.21754
-0.662853 -1.21947
-0.660872 -1.22116
-0.65889 -1.22259
-0.656909 -1.22377
-0.654927 -1.22469
-0.652945 -1.22536
-0.650964 -1.22578
-0.648982 -1.22595
-0.647 -1.22586
-0.645019 -1.22552
-0.643037 -1.22492
-0.641056 -1.22408
-0.639074 -1.22297
-0.637092 -1.22162
-0.635111 -1.22001
-0.633129 -1.21815
-0.631147 -1.21604
-0.629166 -1.21367
-0.627184 -1.21105
-0.625203 -1.20818
-0.623221 -1.20506
-0.621239 -1.20168
-0.619258 -1.19804
-0.617276 -1.19416
-0.615294 -1.19002
-0.613313 -1.18563
-0.611331 -1.18098
-0.60935 -1.17609
-0.607368 -1.17094
-0.605386 -1.16553
-0.603405 -1.15987
-0.601423 -1.15396
-0.599441 -1.1478
-0.59746 -1.14138
-0.595478 -1.13471
-0.593497 -1.12779
-0.591515 -1.12061
-0.589533 -1.11318
-0.587552 -1.1055
-0.58557 -1.09757
-0.583588 -1.08938
-0.581607 -1.08093
-0.579625 -1.07224
-0.577644 -1.06329
-0.575662 -1.05409
-0.57368 -1.04463
-0.571699 -1.03493
-0.569717 -1.02497
-0.567735 -1.01475
-0.565754 -1.00428
-0.563772 -0.993565
-0.561791 -0.982591
-0.559809 -0.971364
-0.557827 -0.959885
-0.555846 -0.948152
-0.553864 -0.936166
-0.551882 -0.923926
-0.549901 -0.911434
-0.547919 -0.898688
-0.545938 -0.88569
-0.543956 -0.872438
-0.541974 -0.858933
-0.539993 -0.845199
-0.538011 -0.831565
-0.536029 -0.818133
-0.534048 -0.804905
-0.532066 -0.791879
-0.530085 -0.779056
-0.528103 -0.766435
-0.526121 -0.754017
-0.52414 -0.741803
-0.522158 -0.72979
-0.520176 -0.717981
-0.518195 -0.706374
-0.516213 -0.69497
-0.514232 -0.683769
-0.51225 -0.672771
-0.510268 -0.661975
-0.508287 -0.651382
-0.506305 -0.640992
-0.504323 -0.630805
-0.502342 -0.62082
-0.50036 -0.611039
-0.498379 -0.60146
-0.496397 -0.592083
-0.494415 -0.58291
-0.492434 -0.573939
-0.490452 -0.565171
-0.48847 -0.556606
-0.486489 -0.548243
-0.484507 -0.540083
-0.482526 -0.532126
-0.480544 -0.524372
-0.478562 -0.516821
-0.476581 -0.509472
-0.474599 -0.502326
-0.472617 -0.495383
-0.470636 -0.488642
-0.468654 -0.482105
-0.466673 -0.47577
-0.464691 -0.469638
-0.462709 -0.463708
-0.460728 -0.457981
-0.458746 -0.452458
-0.456764 -0.447136
-0.454783 -0.442018
-0.452801 -0.437102
-0.45082 -0.43239
-0.448838 -0.427879
-0.446856 -0.423572
-0.444875 -0.419468
-0.442893 -0.415566
-0.440911 -0.411867
-0.43893 -0.40837
-0.436948 -0.405077
-0.434967 -0.401986
-0.432985 -0.399098
-0.431003 -0.396413
-0.429022 -0.39393
-0.42704 -0.39165
-0.425058 -0.389573
-0.423077 -0.387699
-0.421095 -0.386028
-0.419114 -0.384559
-0.417132 -0.383293
-0.41515 -0.38223
-0.413169 -0.381369
-0.411187 -0.380712
-0.409205 -0.380257
-0.407224 -0.380004
-0.405242 -0.379955
-0.403261 -0.380108
-0.401279 -0.380464
-0.399297 -0.381023
-0.397316 -0.381785
-0.395334 -0.382749
-0.393352 -0.383916
-0.391371 -0.385286
-0.389389 -0.386859
-0.387408 -0.388634
-0.385426 -0.390613
-0.383444 -0.392793
-0.381463 -0.395177
-0.379481 -0.397764
-0.377499 -0.400553
-0.375518 -0.403545
-0.373536 -0.406739
-0.371555 -0.410137
-0.369573 -0.413737
-0.367591 -0.41754
-0.36561 -0.421546
-0.363628 -0.425754
-0.361646 -0.430166
-0.359665 -0.43478
-0.357683 -0.439596
-0.355702 -0.444616
-0.35372 -0.449838
-0.351738 -0.455263
-0.349757 -0.460891
-0.347775 -0.466722
-0.345793 -0.472755
-0.343812 -0.478991
-0.34183 -0.48543
-0.339849 -0.492072
-0.337867 -0.498916
-0.335885 -0.505963
-0.333904 -0.513213
-0.331922 -0.520666
-0.32994 -0.528321
-0.327959 -0.536179
-0.325977 -0.54424
-0.323996 -0.552504
-0.322014 -0.56097
-0.320032 -0.569639
-0.318051 -0.578511
-0.316069 -0.587586
-0.314087 -0.596863
-0.312106 -0.606344
-0.310124 -0.616027
-0.308143 -0.625912
-0.306161 -0.636001
-0.304179 -0.646292
-0.302198 -0.656786
-0.300216 -0.667483
-0.298234 -0.678382
-0.296253 -0.689485
-0.294271 -0.70079
-0.29229 -0.712297
-0.290308 -0.724008
-0.288326 -0.735921
-0.286345 -0.748037
-0.284363 -0.760356
-0.282381 -0.772878
-0.2804 -0.785511
-0.278418 -0.797967
-0.276437 -0.810225
-0.274455 -0.822283
-0.272473 -0.834142
-0.270492 -0.845803
-0.26851 -0.857265
-0.266528 -0.868527
-0.264547 -0.879591
-0.262565 -0.890456
-0.260584 -0.901122
-0.258602 -0.911589
-0.25662 -0.921857
-0.254639 -0.931926
-0.252657 -0.941796
-0.250675 -0.951468
-0.248694 -0.96094
-0.246712 -0.970214
-0.244731 -0.979288
-0.242749 -0.988164
-0.240767 -0.996841
-0.238786 -1.00532
-0.236804 -1.0136
-0.234823 -1.02168
-0.232841 -1.02956
-0.230859 -1.03724
-0.228878 -1.04472
-0.226896 -1.05201
-0.224914 -1.05909
-0.222933 -1.06598
-0.220951 -1.07267
-0.21897 -1.07916
-0.216988 -1.08545
-0.215006 -1.09154
-0.213025 -1.09743
-0.211043 -1.10312
-0.209061 -1.10862
-0.20708 -1.11391
-0.205098 -1.11901
-0.203117 -1.12391
-0.201135 -1.12861
-0.199153 -1.13311
-0.197172 -1.13741
-0.19519 -1.14151
-0.193208 -1.14541
-0.191227 -1.14911
-0.189245 -1.15262
-0.187264 -1.15593
-0.185282 -1.15903
-0.1833 -1.16194
-0.181319 -1.16465
-0.179337 -1.16716
-0.177355 -1.16947
-0.175374 -1.17159
-0.173392 -1.1735
-0.171411 -1.17521
-0.169429 -1.17673
-0.167447 -1.17805
-0.165466 -1.17917
-0.163484 -1.18009
-0.161502 -1.18081
-0.159521 -1.18133
-0.157539 -1.18165
-0.155558 -1.18177
-0.153576 -1.1817
-0.151594 -1.18142
-0.149613 -1.18095
-0.147631 -1.18028
-0.145649 -1.17941
-0.143668 -1.17834
-0.141686 -1.17707
-0.139705 -1.1756
-0.137723 -1.17393
-0.135741 -1.17207
-0.13376 -1.17
-0.131778 -1.16774
-0.129796 -1.16528
-0.127815 -1.16262
-0.125833 -1.15976
-0.123852 -1.1567
-0.12187 -1.15344
-0.119888 -1.14998
-0.117907 -1.14633
-0.115925 -1.14247
-0.113943 -1.13842
-0.111962 -1.13417
-0.10998 -1.12972
-0.107999 -1.12507
-0.106017 -1.12022
-0.104035 -1.11517
-0.102054 -1.10992
-0.100072 -1.10448
-0.0980904 -1.09883
-0.0961088 -1.09299
-0.0941272 -1.08694
-0.0921455 -1.0807
-0.0901639 -1.07426
-0.0881823 -1.06762
-0.0862007 -1.06078
-0.084219 -1.05375
-0.0822374 -1.04651
-0.0802558 -1.03908
-0.0782742 -1.03144
-0.0762925 -1.02361
-0.0743109 -1.01558
-0.0723293 -1.00735
-0.0703477 -0.998918
-0.068366 -0.990289
-0.0663844 -0.981462
-0.0644028 -0.972435
-0.0624212 -0.96321
-0.0604395 -0.953786
-0.0584579 -0.944163
-0.0564763 -0.934341
-0.0544947 -0.92432
-0.052513 -0.9141
-0.0505314 -0.903681
-0.0485498 -0.893064
-0.0465682 -0.882247
-0.0445866 -0.871232
-0.0426049 -0.860017
-0.0406233 -0.848604
-0.0386417 -0.836992
-0.0366601 -0.825181
-0.0346784 -0.813171
-0.0326968 -0.800962
-0.0307152 -0.788554
-0.0287336 -0.775947
-0.0267519 -0.763141
-0.0247703 -0.750137
-0.0227887 -0.736933
-0.0208071 -0.723531
-0.0188254 -0.70993
-0.0168438 -0.696129
-0.0148622 -0.68213
-0.0128806 -0.667932
-0.0108989 -0.653535
-0.00891731 -0.638939
-0.00693569 -0.624145
-0.00495406 -0.609151
-0.00297244 -0.593958
-0.000990812 -0.578567
0.000990812 -0.563024
0.00297244 -0.547617
0.00495406 -0.532393
0.00693569 -0.517352
0.00891731 -0.502494
0.0108989 -0.48782
0.0128806 -0.473329
0.0148622 -0.459021
0.0168438 -0.444896
0.0188254 -0.430954
0.0208071 -0.417196
0.0227887 -0.403621
0.0247703 -0.390229
0.0267519 -0.37702
0.0287336 -0.363994
0.0307152 -0.351152
0.0326968 -0.338493
0.0346784 -0.326017
0.0366601 -0.313724
0.0386417 -0.301615
0.0406233 -0.289688
0.0426049 -0.277945
0.0445866 -0.266385
0.0465682 -0.255008
0.0485498 -0.243815
0.0505314 -0.232805
0.052513 -0.221977
0.0544947 -0.211334
0.0564763 -0.200873
0.0584579 -0.190595
0.0604395 -0.180501
0.0624212 -0.17059
0.0644028 -0.160862
0.0663844 -0.151317
0.068366 -0.141956
0.0703477 -0.132778
0.0723293 -0.123782
0.0743109 -0.114971
0.0762925 -0.106342
0.0782742 -0.0978965
0.0802558 -0.0896342
0.0822374 -0.0815552
0.084219 -0.0736593
0.0862007 -0.0659467
0.0881823 -0.0584173
0.0901639 -0.051071
0.0921455 -0.043908
0.0941272 -0.0369282
0.0961088 -0.0301315
0.0980904 -0.0235181
0.100072 -0.0170879
0.102054 -0.0108409
0.104035 -0.00477712
0.106017 0.00110348
0.107999 0.00680087
0.10998 0.0123151
0.111962 0.017646
0.113943 0.0227938
0.115925 0.0277584
0.117907 0.0325398
0.119888 0.0371379
0.12187 0.0415529
0.123852 0.0457846
0.125833 0.0498332
0.127815 0.0536985
0.129796 0.0573807
0.131778 0.0608796
0.13376 0.0641953
0.135741 0.0673279
0.137723 0.0702772
0.139705 0.0730433
0.141686 0.0756262
0.143668 0.0780259
0.145649 0.0802424
0.147631 0.0822757
0.149613 0.0841258
0.151594 0.0857927
0.153576 0.0872764
0.155558 0.0885769
0.157539 0.0896942
0.159521 0.0906282
0.161502 0.0913791
0.163484 0.0919468
0.165466 0.0923312
0.167447 0.0925325
0.169429 0.0925505
0.171411 0.0923854
0.173392 0.092037
0.175374 0.0915055
0.177355 0.0907907
0.179337 0.0898927
0.181319 0.0888115
0.1833 0.0875472
0.185282 0.0860996
0.187264 0.0844688
0.189245 0.0826548
0.191227 0.0806576
0.193208 0.0784772
0.19519 0.0761136
0.197172 0.0735668
0.199153 0.0708367
0.201135 0.0679235
0.203117 0.0648271
0.205098 0.0615475
0.20708 0.0580846
0.209061 0.0544386
0.211043 0.0506093
0.213025 0.0465969
0.215006 0.0424012
0.216988 0.0380224
0.21897 0.0334603
0.220951 0.028715
0.222933 0.0237866
0.224914 0.0186749
0.226896 0.01338
0.228878 0.00790192
0.230859 0.00224063
0.232841 -0.00360387
0.234823 -0.00963157
0.236804 -0.0158425
0.238786 -0.0222366
0.240767 -0.0288139
0.242749 -0.0355744
0.244731 -0.0425181
0.246712 -0.0496451
0.248694 -0.0569552
0.250675 -0.0644485
0.252657 -0.0721251
0.254639 -0.0799848
0.25662 -0.0880278
0.258602 -0.0962539
0.260584 -0.104663
0.262565 -0.113256
0.264547 -0.122032
0.266528 -0.130991
0.26851 -0.140133
0.270492 -0.149458
0.272473 -0.158967
0.274455 -0.168659
0.276437 -0.178534
0.278418 -0.188592
0.2804 -0.198833
0.282381 -0.209236
0.284363 -0.219512
0.286345 -0.229569
0.288326 -0.239407
0.290308 -0.249027
0.29229 -0.258429
0.294271 -0.267612
0.296253 -0.276577
0.298234 -0.285323
0.300216 -0.29385
0.302198 -0.30216
0.304179 -0.31025
0.306161 -0.318123
0.308143 -0.325777
0.310124 -0.333212
0.312106 -0.340429
0.314087 -0.347427
0.316069 -0.354207
0.318051 -0.360769
0.320032 -0.367112
0.322014 -0.373237
0.323996 -0.379143
0.325977 -0.38483
0.327959 -0.3903
0.32994 -0.39555
0.331922 -0.400583
0.333904 -0.405396
0.335885 -0.409992
0.337867 -0.414369
0.339849 -0.418527
0.34183 -0.422467
0.343812 -0.426188
0.345793 -0.429691
0.347775 -0.432976
0.349757 -0.436042
0.351738 -0.43889
0.35372 -0.441519
0.355702 -0.443929
0.357683 -0.446122
0.359665 -0.448095
0.361646 -0.449851
0.363628 -0.451388
0.36561 -0.452706
0.367591 -0.453806
0.369573 -0.454687
0.371555 -0.45535
0.373536 -0.455795
0.375518 -0.456021
0.377499 -0.456028
0.379481 -0.455817
0.381463 -0.455388
0.383444 -0.45474
0.385426 -0.453874
0.387408 -0.452789
0.389389 -0.451486
0.391371 -0.449964
0.393352 -0.448224
0.395334 -0.446265
0.397316 -0.444088
0.399297 -0.441693
0.401279 -0.439079
0.403261 -0.436246
0.405242 -0.433195
0.407224 -0.429926
0.409205 -0.426438
0.411187 -0.422731
0.413169 -0.418807
0.41515 -0.414663
0.417132 -0.410302
0.419114 -0.405721
0.421095 -0.400923
0.423077 -0.395906
0.425058 -0.39067
0.42704 -0.385216
0.429022 -0.379543
0.431003 -0.373652
0.432985 -0.367543
0.434967 -0.361215
0.436948 -0.354668
0.43893 -0.347904
0.440911 -0.34092
0.442893 -0.333718
0.444875 -0.326298
0.446856 -0.318659
0.448838 -0.310802
0.45082 -0.302727
0.452801 -0.294432
0.454783 -0.28592
0.456764 -0.277189
0.458746 -0.268239
0.460728 -0.259071
0.462709 -0.249685
0.464691 -0.24008
0.466673 -0.230256
0.468654 -0.220215
0.470636 -0.209954
0.472617 -0.199475
0.474599 -0.188778
0.476581 -0.177862
0.478562 -0.166728
0.480544 -0.155376
0.482526 -0.143804
0.484507 -0.132015
0.486489 -0.120007
0.48847 -0.10778
0.490452 -0.0953353
0.492434 -0.0826719
0.494415 -0.0697899
0.496397 -0.0566896
0.498379 -0.0433707
0.50036 -0.0298334
0.502342 -0.0160776
0.504323 -0.00210339
0.506305 0.0120893
0.508287 0.0265005
0.510268 0.0411301
0.51225 0.0559782
0.514232 0.0710448
0.516213 0.0863298
0.518195 0.101833
0.520176 0.117555
0.522158 0.133496
0.52414 0.149655
0.526121 0.166032
0.528103 0.182628
0.530085 0.199442
0.532066 0.216475
0.534048 0.233726
0.536029 0.251196
0.538011 0.268884
0.539993 0.286791
0.541974 0.304812
0.543956 0.322621
0.545938 0.340193
0.547919 0.357527
0.549901 0.374623
0.551882 0.391482
0.553864 0.408104
0.555846 0.424488
0.557827 0.440635
0.559809 0.456544
0.561791 0.472216
0.563772 0.48765
0.565754 0.502847
0.567735 0.517807
0.569717 0.532529
0.571699 0.547013
0.57368 0.56126
0.575662 0.57527
0.577644 0.589042
0.579625 0.602577
0.581607 0.615875
0.583588 0.628935
0.58557 0.641757
0.587552 0.654342
0.589533 0.66669
0.591515 0.6788
0.593497 0.690673
0.595478 0.702308
0.59746 0.713706
0.599441 0.724867
0.601423 0.73579
0.603405 0.746475
0.605386 0.756923
0.607368 0.767134
0.60935 0.777107
0.611331 0.786843
0.613313 0.796341
0.615294 0.805602
0.617276 0.814626
0.619258 0.823412
0.621239 0.83196
0.623221 0.840271
0.625203 0.848345
0.627184 0.856181
0.629166 0.86378
0.631147 0.871142
0.633129 0.878266
0.635111 0.885152
0.637092 0.891801
0.639074 0.898213
0.641056 0.904387
0.643037 0.910324
0.645019 0.916023
0.647 0.921485
0.648982 0.926709
0.650964 0.931696
0.652945 0.936446
0.654927 0.940958
0.656909 0.945232
0.65889 0.949269
0.660872 0.953069
0.662853 0.956632
0.664835 0.959956
0.666817 0.963044
0.668798 0.965894
0.67078 0.968506
0.672762 0.970881
0.674743 0.973019
0.676725 0.974919
0.678706 0.976582
0.680688 0.978007
0.68267 0.979195
0.684651 0.980146
0.686633 0.980859
0.688615 0.981334
0.690596 0.981572
0.692578 0.981573
0.694559 0.981336
0.696541 0.980862
0.698523 0.98015
0.700504 0.979201
0.702486 0.978015
0.704468 0.976591
0.706449 0.974929
0.708431 0.973031
0.710412 0.970894
0.712394 0.968521
0.714376 0.965909
0.716357 0.963061
0.718339 0.959975
0.720321 0.956651
0.722302 0.95309
0.724284 0.949292
0.726265 0.945256
0.728247 0.940983
0.730229 0.936472
0.73221 0.931724
0.734192 0.926738
0.736173 0.921515
0.738155 0.916055
0.740137 0.910357
0.742118 0.904422
0.7441 0.898249
0.746082 0.891838
0.748063 0.885191
0.750045 0.878306
0.752026 0.871183
0.754008 0.863823
0.75599 0.85623
0.757971 0.848777
0.759953 0.841702
0.761935 0.835005
0.763916 0.828685
0.765898 0.822743
0.767879 0.817179
0.769861 0.811993
0.771843 0.807184
0.773824 0.802753
0.775806 0.798699
0.777788 0.795024
0.779769 0.791726
0.781751 0.788805
0.783732 0.786263
0.785714 0.784098
0.787696 0.782311
0.789677 0.780901
0.791659 0.77987
0.793641 0.779216
0.795622 0.778939
0.797604 0.779041
0.799585 0.77952
0.801567 0.780376
0.803549 0.781611
0.80553 0.783223
0.807512 0.785213
0.809494 0.787581
0.811475 0.790326
0.813457 0.793449
0.815438 0.79695
0.81742 0.800828
0.819402 0.805084
0.821383 0.809718
0.823365 0.81473
0.825347 0.820119
0.827328 0.825886
0.82931 0.832031
0.831291 0.838553
0.833273 0.845453
0.835255 0.852731
0.837236 0.860387
0.839218 0.86842
0.8412 0.876831
0.843181 0.88562
0.845163 0.894786
0.847144 0.90433
0.849126 0.914252
0.851108 0.924551
0.853089 0.935228
0.855071 0.946283
0.857053 0.957716
0.859034 0.969526
0.861016 0.981714
0.862997 0.99428
0.864979 1.00722
0.866961 1.02054
0.868942 1.03424
0.870924 1.04832
0.872906 1.06277
0.874887 1.07761
0.876869 1.09282
0.87885 1.1084
0.880832 1.12437
0.882814 1.14071
0.884795 1.15743
0.886777 1.17453
0.888759 1.19201
0.89074 1.20986
0.892722 1.22809
0.894703 1.2467
0.896685 1.26569
0.898667 1.28505
0.900648 1.30479
0.90263 1.32491
0.904612 1.34541
0.906593 1.36629
0.908575 1.38754
0.910556 1.40907
0.912538 1.4302
0.91452 1.45079
0.916501 1.47084
0.918483 1.49037
0.920465 1.50935
0.922446 1.52781
0.924428 1.54572
0.926409 1.56311
0.928391 1.57995
0.930373 1.59627
0.932354 1.61204
0.934336 1.62729
0.936318 1.642
0.938299 1.65617
0.940281 1.66981
0.942262 1.68291
0.944244 1.69548
0.946226 1.70751
0.948207 1.71901
0.950189 1.72998
0.952171 1.74041
0.954152 1.7503
0.956134 1.75966
0.958115 1.76849
0.960097 1.77678
0.962079 1.78453
0.96406 1.79175
0.966042 1.79844
0.968024 1.80459
0.970005 1.8102
0.971987 1.81529
0.973968 1.81983
0.97595 1.82384
0.977932 1.82732
0.979913 1.83026
0.981895 1.83267
0.983877 1.83454
0.985858 1.83588
0.98784 1.83668
0.989821 1.83695
