-1 -1.12198
-0.997998 -1.08498
-0.995996 -1.06031
-0.993994 -1.04299
-0.991992 -1.02997
-0.98999 -1.01944
-0.987988 -1.01036
-0.985986 -1.00219
-0.983984 -0.994652
-0.981982 -0.987637
-0.97998 -0.981094
-0.977978 -0.975003
-0.975976 -0.96935
-0.973974 -0.964114
-0.971972 -0.959265
-0.96997 -0.954768
-0.967968 -0.950584
-0.965966 -0.946672
-0.963964 -0.942993
-0.961962 -0.939515
-0.95996 -0.936208
-0.957958 -0.93305
-0.955956 -0.930023
-0.953954 -0.927116
-0.951952 -0.924319
-0.94995 -0.921628
-0.947948 -0.91904
-0.945946 -0.916553
-0.943944 -0.914167
-0.941942 -0.91188
-0.93994 -0.909691
-0.937938 -0.907599
-0.935936 -0.9056
-0.933934 -0.903691
-0.931932 -0.901867
-0.92993 -0.900124
-0.927928 -0.898456
-0.925926 -0.896859
-0.923924 -0.895326
-0.921922 -0.893853
-0.91992 -0.892435
-0.917918 -0.891067
-0.915916 -0.889746
-0.913914 -0.888468
-0.911912 -0.88723
-0.90991 -0.886031
-0.907908 -0.884869
-0.905906 -0.883741
-0.903904 -0.882649
-0.901902 -0.881591
-0.8999 -0.880566
-0.897898 -0.879576
-0.895896 -0.878618
-0.893894 -0.877695
-0.891892 -0.876804
-0.88989 -0.875947
-0.887888 -0.875122
-0.885886 -0.874329
-0.883884 -0.873568
-0.881882 -0.872838
-0.87988 -0.872137
-0.877878 -0.871464
-0.875876 -0.870819
-0.873874 -0.870199
-0.871872 -0.869604
-0.86987 -0.869032
-0.867868 -0.868482
-0.865866 -0.867952
-0.863864 -0.867442
-0.861862 -0.866949
-0.85986 -0.866473
-0.857858 -0.866014
-0.855856 -0.865569
-0.853854 -0.865138
-0.851852 -0.864722
-0.84985 -0.864318
-0.847848 -0.863927
-0.845846 -0.863549
-0.843844 -0.863183
-0.841842 -0.862829
-0.83984 -0.862488
-0.837838 -0.862158
-0.835836 -0.861841
-0.833834 -0.861536
-0.831832 -0.861242
-0.82983 -0.860961
-0.827828 -0.860692
-0.825826 -0.860435
-0.823824 -0.86019
-0.821822 -0.859957
-0.81982 -0.859735
-0.817818 -0.859524
-0.815816 -0.859324
-0.813814 -0.859135
-0.811812 -0.858956
-0.80981 -0.858787
-0.807808 -0.858627
-0.805806 -0.858476
-0.803804 -0.858333
-0.801802 -0.858198
-0.7998 -0.858071
-0.797798 -0.85795
-0.795796 -0.857835
-0.793794 -0.857727
-0.791792 -0.857624
-0.78979 -0.857526
-0.787788 -0.857433
-0.785786 -0.857344
-0.783784 -0.857259
-0.781782 -0.857178
-0.77978 -0.857101
-0.777778 -0.857027
-0.775776 -0.856957
-0.773774 -0.856889
-0.771772 -0.856825
-0.76977 -0.856764
-0.767768 -0.856706
-0.765766 -0.856652
-0.763764 -0.8566
-0.761762 -0.856552
-0.75976 -0.856506
-0.757758 -0.856464
-0.755756 -0.856425
-0.753754 -0.856389
-0.751752 -0.856356
-0.74975 -0.856327
-0.747748 -0.8563
-0.745746 -0.856277
-0.743744 -0.856256
-0.741742 -0.856239
-0.73974 -0.856224
-0.737738 -0.856212
-0.735736 -0.856203
-0.733734 -0.856195
-0.731732 -0.85619
-0.72973 -0.856187
-0.727728 -0.856186
-0.725726 -0.856186
-0.723724 -0.856187
-0.721722 -0.85619
-0.71972 -0.856193
-0.717718 -0.856197
-0.715716 -0.856202
-0.713714 -0.856206
-0.711712 -0.856211
-0.70971 -0.856215
-0.707708 -0.85622
-0.705706 -0.856223
-0.703704 -0.856226
-0.701702 -0.856228
-0.6997 -0.856229
-0.697698 -0.856229
-0.695696 -0.856228
-0.693694 -0.856225
-0.691692 -0.856222
-0.68969 -0.856217
-0.687688 -0.85621
-0.685686 -0.856203
-0.683684 -0.856194
-0.681682 -0.856183
-0.67968 -0.856172
-0.677678 -0.856159
-0.675676 -0.856144
-0.673674 -0.856129
-0.671672 -0.856112
-0.66967 -0.856094
-0.667668 -0.856074
-0.665666 -0.856054
-0.663664 -0.856032
-0.661662 -0.856009
-0.65966 -0.855984
-0.657658 -0.855959
-0.655656 -0.855932
-0.653654 -0.855904
-0.651652 -0.855874
-0.64965 -0.855843
-0.647648 -0.855811
-0.645646 -0.855776
-0.643644 -0.855741
-0.641642 -0.855703
-0.63964 -0.855664
-0.637638 -0.855622
-0.635636 -0.855578
-0.633634 -0.855533
-0.631632 -0.855484
-0.62963 -0.855434
-0.627628 -0.855381
-0.625626 -0.855325
-0.623624 -0.855266
-0.621622 -0.855204
-0.61962 -0.85514
-0.617618 -0.855072
-0.615616 -0.855001
-0.613614 -0.854926
-0.611612 -0.854848
-0.60961 -0.854767
-0.607608 -0.854682
-0.605606 -0.854594
-0.603604 -0.854501
-0.601602 -0.854405
-0.5996 -0.854306
-0.597598 -0.854202
-0.595596 -0.854095
-0.593594 -0.853984
-0.591592 -0.853869
-0.58959 -0.85375
-0.587588 -0.853628
-0.585586 -0.853501
-0.583584 -0.853371
-0.581582 -0.853237
-0.57958 -0.8531
-0.577578 -0.852958
-0.575576 -0.852813
-0.573574 -0.852664
-0.571572 -0.852512
-0.56957 -0.852356
-0.567568 -0.852196
-0.565566 -0.852032
-0.563564 -0.851865
-0.561562 -0.851694
-0.55956 -0.851519
-0.557558 -0.851341
-0.555556 -0.851159
-0.553554 -0.850973
-0.551552 -0.850784
-0.54955 -0.85059
-0.547548 -0.850393
-0.545546 -0.850192
-0.543544 -0.849987
-0.541542 -0.849778
-0.53954 -0.849565
-0.537538 -0.849348
-0.535536 -0.849126
-0.533534 -0.8489
-0.531532 -0.84867
-0.52953 -0.848436
-0.527528 -0.848197
-0.525526 -0.847953
-0.523524 -0.847705
-0.521522 -0.847452
-0.51952 -0.847195
-0.517518 -0.846932
-0.515516 -0.846665
-0.513514 -0.846392
-0.511512 -0.846115
-0.50951 -0.845832
-0.507508 -0.845545
-0.505506 -0.845252
-0.503503 -0.844954
-0.501501 -0.844651
-0.499499 -0.844342
-0.497497 -0.844028
-0.495495 -0.843709
-0.493493 -0.843385
-0.491491 -0.843055
-0.489489 -0.84272
-0.487487 -0.84238
-0.485485 -0.842035
-0.483483 -0.841684
-0.481481 -0.841327
-0.479479 -0.840966
-0.477477 -0.840599
-0.475475 -0.840227
-0.473473 -0.83985
-0.471471 -0.839467
-0.469469 -0.83908
-0.467467 -0.838687
-0.465465 -0.838289
-0.463463 -0.837885
-0.461461 -0.837477
-0.459459 -0.837063
-0.457457 -0.836644
-0.455455 -0.836221
-0.453453 -0.835791
-0.451451 -0.835357
-0.449449 -0.834918
-0.447447 -0.834473
-0.445445 -0.834023
-0.443443 -0.833568
-0.441441 -0.833108
-0.439439 -0.832642
-0.437437 -0.832171
-0.435435 -0.831695
-0.433433 -0.831214
-0.431431 -0.830726
-0.429429 -0.830234
-0.427427 -0.829736
-0.425425 -0.829232
-0.423423 -0.828723
-0.421421 -0.828208
-0.419419 -0.827688
-0.417417 -0.827161
-0.415415 -0.826629
-0.413413 -0.826091
-0.411411 -0.825547
-0.409409 -0.824997
-0.407407 -0.824441
-0.405405 -0.823879
-0.403403 -0.823311
-0.401401 -0.822737
-0.399399 -0.822157
-0.397397 -0.821571
-0.395395 -0.820978
-0.393393 -0.820379
-0.391391 -0.819774
-0.389389 -0.819163
-0.387387 -0.818545
-0.385385 -0.817921
-0.383383 -0.817291
-0.381381 -0.816654
-0.379379 -0.816011
-0.377377 -0.815362
-0.375375 -0.814707
-0.373373 -0.814045
-0.371371 -0.813377
-0.369369 -0.812702
-0.367367 -0.812022
-0.365365 -0.811335
-0.363363 -0.810641
-0.361361 -0.809942
-0.359359 -0.809236
-0.357357 -0.808524
-0.355355 -0.807806
-0.353353 -0.807082
-0.351351 -0.806352
-0.349349 -0.805615
-0.347347 -0.804873
-0.345345 -0.804124
-0.343343 -0.803369
-0.341341 -0.802607
-0.339339 -0.80184
-0.337337 -0.801067
-0.335335 -0.800287
-0.333333 -0.799501
-0.331331 -0.798709
-0.329329 -0.797911
-0.327327 -0.797107
-0.325325 -0.796296
-0.323323 -0.79548
-0.321321 -0.794656
-0.319319 -0.793827
-0.317317 -0.792991
-0.315315 -0.792149
-0.313313 -0.791301
-0.311311 -0.790446
-0.309309 -0.789584
-0.307307 -0.788716
-0.305305 -0.787842
-0.303303 -0.786961
-0.301301 -0.786073
-0.299299 -0.785179
-0.297297 -0.784278
-0.295295 -0.78337
-0.293293 -0.782456
-0.291291 -0.781534
-0.289289 -0.780606
-0.287287 -0.779671
-0.285285 -0.77873
-0.283283 -0.777781
-0.281281 -0.776825
-0.279279 -0.775862
-0.277277 -0.774893
-0.275275 -0.773916
-0.273273 -0.772933
-0.271271 -0.771942
-0.269269 -0.770945
-0.267267 -0.76994
-0.265265 -0.768928
-0.263263 -0.76791
-0.261261 -0.766884
-0.259259 -0.765851
-0.257257 -0.764811
-0.255255 -0.763765
-0.253253 -0.762711
-0.251251 -0.76165
-0.249249 -0.760582
-0.247247 -0.759508
-0.245245 -0.758426
-0.243243 -0.757337
-0.241241 -0.756242
-0.239239 -0.755139
-0.237237 -0.75403
-0.235235 -0.752914
-0.233233 -0.751791
-0.231231 -0.750661
-0.229229 -0.749524
-0.227227 -0.74838
-0.225225 -0.747229
-0.223223 -0.746072
-0.221221 -0.744908
-0.219219 -0.743736
-0.217217 -0.742558
-0.215215 -0.741373
-0.213213 -0.740182
-0.211211 -0.738983
-0.209209 -0.737777
-0.207207 -0.736565
-0.205205 -0.735346
-0.203203 -0.734119
-0.201201 -0.732886
-0.199199 -0.731646
-0.197197 -0.730398
-0.195195 -0.729144
-0.193193 -0.727882
-0.191191 -0.726614
-0.189189 -0.725338
-0.187187 -0.724055
-0.185185 -0.722765
-0.183183 -0.721468
-0.181181 -0.720164
-0.179179 -0.718852
-0.177177 -0.717533
-0.175175 -0.716207
-0.173173 -0.714873
-0.171171 -0.713532
-0.169169 -0.712183
-0.167167 -0.710827
-0.165165 -0.709464
-0.163163 -0.708093
-0.161161 -0.706714
-0.159159 -0.705329
-0.157157 -0.703935
-0.155155 -0.702534
-0.153153 -0.701125
-0.151151 -0.699709
-0.149149 -0.698286
-0.147147 -0.696854
-0.145145 -0.695415
-0.143143 -0.693969
-0.141141 -0.692515
-0.139139 -0.691053
-0.137137 -0.689584
-0.135135 -0.688107
-0.133133 -0.686623
-0.131131 -0.685131
-0.129129 -0.683631
-0.127127 -0.682124
-0.125125 -0.68061
-0.123123 -0.679088
-0.121121 -0.677558
-0.119119 -0.676021
-0.117117 -0.674477
-0.115115 -0.672925
-0.113113 -0.671366
-0.111111 -0.669799
-0.109109 -0.668225
-0.107107 -0.666643
-0.105105 -0.665054
-0.103103 -0.663458
-0.101101 -0.661854
-0.0990991 -0.660243
-0.0970971 -0.658624
-0.0950951 -0.656998
-0.0930931 -0.655365
-0.0910911 -0.653724
-0.0890891 -0.652076
-0.0870871 -0.65042
-0.0850851 -0.648757
-0.0830831 -0.647087
-0.0810811 -0.645409
-0.0790791 -0.643723
-0.0770771 -0.64203
-0.0750751 -0.64033
-0.0730731 -0.638622
-0.0710711 -0.636906
-0.0690691 -0.635183
-0.0670671 -0.633452
-0.0650651 -0.631714
-0.0630631 -0.629967
-0.0610611 -0.628213
-0.0590591 -0.626452
-0.0570571 -0.624682
-0.0550551 -0.622905
-0.0530531 -0.621121
-0.0510511 -0.619328
-0.049049 -0.617527
-0.047047 -0.615719
-0.045045 -0.613902
-0.043043 -0.612078
-0.041041 -0.610245
-0.039039 -0.608405
-0.037037 -0.606557
-0.035035 -0.604701
-0.033033 -0.602837
-0.031031 -0.600965
-0.029029 -0.599085
-0.027027 -0.597196
-0.025025 -0.595301
-0.023023 -0.593396
-0.021021 -0.591484
-0.019019 -0.589563
-0.017017 -0.587635
-0.015015 -0.585698
-0.013013 -0.583754
-0.011011 -0.581802
-0.00900901 -0.579841
-0.00700701 -0.577874
-0.005005 -0.575897
-0.003003 -0.573913
-0.001001 -0.57192
0.001001 -0.56992
0.003003 -0.567912
0.005005 -0.565896
0.00700701 -0.563872
0.00900901 -0.561841
0.011011 -0.559801
0.013013 -0.557753
0.015015 -0.555698
0.017017 -0.553635
0.019019 -0.551564
0.021021 -0.549486
0.023023 -0.547398
0.025025 -0.545304
0.027027 -0.543202
0.029029 -0.541091
0.031031 -0.538973
0.033033 -0.536849
0.035035 -0.534714
0.037037 -0.532574
0.039039 -0.530424
0.041041 -0.528266
0.043043 -0.526101
0.045045 -0.523928
0.047047 -0.521748
0.049049 -0.519558
0.0510511 -0.517359
0.0530531 -0.515157
0.0550551 -0.512942
0.0570571 -0.51072
0.0590591 -0.508494
0.0610611 -0.506256
0.0630631 -0.504011
0.0650651 -0.501757
0.0670671 -0.499492
0.0690691 -0.497226
0.0710711 -0.494948
0.0730731 -0.492661
0.0750751 -0.490368
0.0770771 -0.488065
0.0790791 -0.485752
0.0810811 -0.483431
0.0830831 -0.481105
0.0850851 -0.478771
0.0870871 -0.476423
0.0890891 -0.474068
0.0910911 -0.471708
0.0930931 -0.469336
0.0950951 -0.466961
0.0970971 -0.464574
0.0990991 -0.462176
0.101101 -0.459774
0.103103 -0.457362
0.105105 -0.454935
0.107107 -0.452507
0.109109 -0.450065
0.111111 -0.447627
0.113113 -0.445167
0.115115 -0.442698
0.117117 -0.44023
0.119119 -0.437754
0.121121 -0.435265
0.123123 -0.432764
0.125125 -0.430259
0.127127 -0.427736
0.129129 -0.425228
0.131131 -0.422686
0.133133 -0.420154
0.135135 -0.417606
0.137137 -0.415056
0.139139 -0.41249
0.141141 -0.409916
0.143143 -0.407327
0.145145 -0.404746
0.147147 -0.402154
0.149149 -0.399548
0.151151 -0.396943
0.153153 -0.394315
0.155155 -0.391687
0.157157 -0.389039
0.159159 -0.386396
0.161161 -0.383745
0.163163 -0.381057
0.165165 -0.378407
0.167167 -0.375719
0.169169 -0.373027
0.171171 -0.370357
0.173173 -0.367635
0.175175 -0.364929
0.177177 -0.362202
0.179179 -0.35947
0.181181 -0.356743
0.183183 -0.353988
0.185185 -0.351209
0.187187 -0.348473
0.189189 -0.345714
0.191191 -0.342903
0.193193 -0.340174
0.195195 -0.337329
0.197197 -0.334534
0.199199 -0.331769
0.201201 -0.328882
0.203203 -0.326107
0.205205 -0.323246
0.207207 -0.32045
0.209209 -0.317564
0.211211 -0.314716
0.213213 -0.311837
0.215215 -0.30897
0.217217 -0.306172
0.219219 -0.303292
0.221221 -0.300295
0.223223 -0.297365
0.225225 -0.294556
0.227227 -0.291738
0.229229 -0.288732
0.231231 -0.285752
0.233233 -0.282869
0.235235 -0.279894
0.237237 -0.276934
0.239239 -0.274009
0.241241 -0.271046
0.243243 -0.268154
0.245245 -0.265228
0.247247 -0.26225
0.249249 -0.259295
0.251251 -0.256214
0.253253 -0.253446
0.255255 -0.250429
0.257257 -0.247401
0.259259 -0.244406
0.261261 -0.241426
0.263263 -0.23857
0.265265 -0.235661
0.267267 -0.232396
0.269269 -0.229542
0.271271 -0.226483
0.273273 -0.223599
0.275275 -0.220696
0.277277 -0.217779
0.279279 -0.214655
0.281281 -0.211952
0.283283 -0.208858
0.285285 -0.205889
0.287287 -0.202976
0.289289 -0.200164
0.291291 -0.19698
0.293293 -0.194317
0.295295 -0.191597
0.297297 -0.188714
0.299299 -0.185653
0.301301 -0.182934
0.303303 -0.179938
0.305305 -0.177499
0.307307 -0.174624
0.309309 -0.171921
0.311311 -0.169273
0.313313 -0.166382
0.315315 -0.163846
0.317317 -0.16117
0.319319 -0.158491
0.321321 -0.156094
0.323323 -0.153239
0.325325 -0.151103
0.327327 -0.148157
0.329329 -0.145974
0.331331 -0.143631
0.333333 -0.141517
0.335335 -0.139686
0.337337 -0.136976
0.339339 -0.135312
0.341341 -0.133311
0.343343 -0.131057
0.345345 -0.128767
0.347347 -0.127145
0.349349 -0.125438
0.351351 -0.124062
0.353353 -0.122521
0.355355 -0.12085
0.357357 -0.11971
0.359359 -0.118092
0.361361 -0.116771
0.363363 -0.116143
0.365365 -0.114878
0.367367 -0.114216
0.369369 -0.113601
0.371371 -0.112995
0.373373 -0.1143
0.375375 -0.112052
0.377377 -0.112787
0.379379 -0.113225
0.381381 -0.113474
0.383383 -0.114335
0.385385 -0.115393
0.387387 -0.115845
0.389389 -0.116721
0.391391 -0.117999
0.393393 -0.12009
0.395395 -0.122845
0.397397 -0.12375
0.399399 -0.126728
0.401401 -0.130643
0.403403 -0.133113
0.405405 -0.138094
0.407407 -0.141542
0.409409 -0.146236
0.411411 -0.152397
0.413413 -0.154865
0.415415 -0.160158
0.417417 -0.166413
0.419419 -0.174808
0.421421 -0.180406
0.423423 -0.185029
0.425425 -0.191932
0.427427 -0.201748
0.429429 -0.212867
0.431431 -0.220404
0.433433 -0.230977
0.435435 -0.243547
0.437437 -0.255528
0.439439 -0.26532
0.441441 -0.277787
0.443443 -0.296291
0.445445 -0.309388
0.447447 -0.323871
0.449449 -0.335391
0.451451 -0.355894
0.453453 -0.374674
0.455455 -0.392375
0.457457 -0.407587
0.459459 -0.434208
0.461461 -0.45688
0.463463 -0.475122
0.465465 -0.501002
0.467467 -0.531437
0.469469 -0.557222
0.471471 -0.583123
0.473473 -0.612358
0.475475 -0.647921
0.477477 -0.674816
0.479479 -0.711844
0.481481 -0.753064
0.483483 -0.790155
0.485485 -0.830635
0.487487 -0.869023
0.489489 -0.916569
0.491491 -0.960026
0.493493 -1.00967
0.495495 -1.05867
0.497497 -1.11048
0.499499 -1.16008
0.501501 -1.22509
0.503503 -1.28081
0.505506 -1.34761
0.507508 -1.41154
0.50951 -1.46838
0.511512 -1.55899
0.513514 -1.63763
0.515516 -1.69802
0.517518 -1.78875
0.51952 -1.87364
0.521522 -1.95807
0.523524 -2.04922
0.525526 -2.15309
0.527528 -2.25817
0.52953 -2.33968
0.531532 -2.45825
0.533534 -2.58318
0.535536 -2.70263
0.537538 -2.81889
0.53954 -2.9393
0.541542 -3.07166
0.543544 -3.21169
0.545546 -3.37138
0.547548 -3.52296
0.54955 -3.69286
0.551552 -3.86547
0.553554 -3.99978
0.555556 -4.20436
0.557558 -4.35409
0.55956 -4.57964
0.561562 -4.76367
0.563564 -4.98236
0.565566 -5.20139
0.567568 -5.45919
0.56957 -5.6613
0.571572 -5.89405
0.573574 -6.16962
0.575576 -6.38593
0.577578 -6.69754
0.57958 -7.00119
0.581582 -7.2755
0.583584 -7.59053
0.585586 -7.92495
0.587588 -8.21102
0.58959 -8.58816
0.591592 -8.99988
0.593594 -9.33803
0.595596 -9.71943
0.597598 -10.146
0.5996 -10.5368
0.601602 -10.9653
0.603604 -11.4637
0.605606 -11.9433
0.607608 -12.4256
0.60961 -12.8748
0.611612 -13.3946
0.613614 -14.008
0.615616 -14.4984
0.617618 -15.1657
0.61962 -15.7079
0.621622 -16.3979
0.623624 -16.9267
0.625626 -17.7407
0.627628 -18.356
0.62963 -19.1168
0.631632 -19.8468
0.633634 -20.6381
0.635636 -21.4206
0.637638 -22.2094
0.63964 -23.2171
0.641642 -24.0229
0.643644 -24.9939
0.645646 -25.9781
0.647648 -27.0655
0.64965 -28.0218
0.651652 -29.1685
0.653654 -30.1353
0.655656 -31.5002
0.657658 -32.6718
0.65966 -33.9078
0.661662 -35.1608
0.663664 -36.4685
0.665666 -37.8759
0.667668 -39.3986
0.66967 -40.6958
0.671672 -42.1393
0.673674 -43.9421
0.675676 -45.6331
0.677678 -47.3375
0.67968 -48.9804
0.681682 -50.7734
0.683684 -52.7007
0.685686 -54.6983
0.687688 -56.7651
0.68969 -58.6982
0.691692 -61.1103
0.693694 -63.1087
0.695696 -65.7164
0.697698 -67.7311
0.6997 -70.3314
0.701702 -72.5782
0.703704 -75.3448
0.705706 -78.4418
0.707708 -81.292
0.70971 -84.015
0.711712 -87.0187
0.713714 -89.9649
0.715716 -93.5897
0.717718 -96.8124
0.71972 -99.7716
0.721722 -103.543
0.723724 -107.227
0.725726 -111.506
0.727728 -114.776
0.72973 -119.032
0.731732 -123.415
0.733734 -127.291
0.735736 -132.216
0.737738 -136.936
0.73974 -141.542
0.741742 -145.603
0.743744 -150.977
0.745746 -156.393
0.747748 -161.893
0.74975 -167.102
0.751752 -172.816
0.753754 -178.545
0.755756 -185.793
0.757758 -191.579
0.75976 -198.063
0.761762 -205.382
0.763764 -211.556
0.765766 -218.544
0.767768 -226.594
0.76977 -233.76
0.771772 -242.684
0.773774 -249.217
0.775776 -257.503
0.777778 -267.027
0.77978 -275.875
0.781782 -285.709
0.783784 -293.905
0.785786 -302.852
0.787788 -314.833
0.78979 -323.959
0.791792 -335.558
0.793794 -345.026
0.795796 -357.889
0.797798 -367.81
0.7998 -379.06
0.801802 -391.661
0.803804 -403.835
0.805806 -419.232
0.807808 -430.469
0.80981 -443.987
0.811812 -460.221
0.813814 -473.312
0.815816 -488.452
0.817818 -503.086
0.81982 -518.485
0.821822 -537.69
0.823824 -551.784
0.825826 -567.653
0.827828 -590.214
0.82983 -605.818
0.831832 -626.26
0.833834 -643.053
0.835836 -662.297
0.837838 -684.034
0.83984 -701.515
0.841842 -725.689
0.843844 -747.523
0.845846 -771.986
0.847848 -792.012
0.84985 -817.509
0.851852 -841.968
0.853854 -872.015
0.855856 -894.117
0.857858 -920.29
0.85986 -950.253
0.861862 -977.081
0.863864 -1006.41
0.865866 -1034.06
0.867868 -1061.84
0.86987 -1091.05
0.871872 -1120.74
0.873874 -1155.74
0.875876 -1194.38
0.877878 -1224.83
0.87988 -1261.43
0.881882 -1292.76
0.883884 -1325.73
0.885886 -1369
0.887888 -1410.81
0.88989 -1447.33
0.891892 -1482.11
0.893894 -1530.57
0.895896 -1569.26
0.897898 -1618.13
0.8999 -1657.7
0.901902 -1699.57
0.903904 -1749.28
0.905906 -1800.1
0.907908 -1839.07
0.90991 -1892.03
0.911912 -1935.78
0.913914 -1994.83
0.915916 -2042.52
0.917918 -2094.11
0.91992 -2156.52
0.921922 -2205.43
0.923924 -2257.35
0.925926 -2314.78
0.927928 -2377.38
0.92993 -2438.85
0.931932 -2504.63
0.933934 -2553.7
0.935936 -2617.85
0.937938 -2673.06
0.93994 -2761.98
0.941942 -2820.23
0.943944 -2872.02
0.945946 -2937.11
0.947948 -3012.5
0.94995 -3089.74
0.951952 -3163.51
0.953954 -3226.66
0.955956 -3303.1
0.957958 -3395.16
0.95996 -3457.34
0.961962 -3498.54
0.963964 -3606.7
0.965966 -3661.51
0.967968 -3744.97
0.96997 -3842.09
0.971972 -3902.93
0.973974 -4008.06
0.975976 -4067.24
0.977978 -4151.68
0.97998 -4234.95
0.981982 -4317.45
0.983984 -4377.07
0.985986 -4485.85
0.987988 -4550.42
0.98999 -4655.95
0.991992 -4715.52
0.993994 -4821.33
0.995996 -4892.92
0.997998 -4964.79
1 -5029.77
