-1 -1.09388
-0.997998 -1.07824
-0.995996 -1.06383
-0.993994 -1.05057
-0.991992 -1.03836
-0.98999 -1.02713
-0.987988 -1.01679
-0.985986 -1.00727
-0.983984 -0.998509
-0.981982 -0.990438
-0.97998 -0.983001
-0.977978 -0.976146
-0.975976 -0.969823
-0.973974 -0.963985
-0.971972 -0.958591
-0.96997 -0.953602
-0.967968 -0.948983
-0.965966 -0.944699
-0.963964 -0.940722
-0.961962 -0.937022
-0.95996 -0.933576
-0.957958 -0.930359
-0.955956 -0.92735
-0.953954 -0.924529
-0.951952 -0.92188
-0.94995 -0.919385
-0.947948 -0.917031
-0.945946 -0.914804
-0.943944 -0.912692
-0.941942 -0.910683
-0.93994 -0.90877
-0.937938 -0.906942
-0.935936 -0.905192
-0.933934 -0.903512
-0.931932 -0.901897
-0.92993 -0.900341
-0.927928 -0.898839
-0.925926 -0.897386
-0.923924 -0.895979
-0.921922 -0.894614
-0.91992 -0.893289
-0.917918 -0.892
-0.915916 -0.890746
-0.913914 -0.889524
-0.911912 -0.888334
-0.90991 -0.887173
-0.907908 -0.88604
-0.905906 -0.884935
-0.903904 -0.883856
-0.901902 -0.882803
-0.8999 -0.881775
-0.897898 -0.880773
-0.895896 -0.879794
-0.893894 -0.87884
-0.891892 -0.87791
-0.88989 -0.877003
-0.887888 -0.876121
-0.885886 -0.875261
-0.883884 -0.874425
-0.881882 -0.873613
-0.87988 -0.872824
-0.877878 -0.872058
-0.875876 -0.871315
-0.873874 -0.870595
-0.871872 -0.869898
-0.86987 -0.869224
-0.867868 -0.868573
-0.865866 -0.867945
-0.863864 -0.867338
-0.861862 -0.866754
-0.85986 -0.866192
-0.857858 -0.865652
-0.855856 -0.865133
-0.853854 -0.864636
-0.851852 -0.864159
-0.84985 -0.863703
-0.847848 -0.863267
-0.845846 -0.862851
-0.843844 -0.862455
-0.841842 -0.862077
-0.83984 -0.861718
-0.837838 -0.861377
-0.835836 -0.861054
-0.833834 -0.860748
-0.831832 -0.860458
-0.82983 -0.860185
-0.827828 -0.859927
-0.825826 -0.859685
-0.823824 -0.859457
-0.821822 -0.859244
-0.81982 -0.859044
-0.817818 -0.858857
-0.815816 -0.858682
-0.813814 -0.858519
-0.811812 -0.858368
-0.80981 -0.858228
-0.807808 -0.858098
-0.805806 -0.857978
-0.803804 -0.857868
-0.801802 -0.857766
-0.7998 -0.857673
-0.797798 -0.857587
-0.795796 -0.857509
-0.793794 -0.857438
-0.791792 -0.857373
-0.78979 -0.857315
-0.787788 -0.857262
-0.785786 -0.857214
-0.783784 -0.857171
-0.781782 -0.857133
-0.77978 -0.857098
-0.777778 -0.857068
-0.775776 -0.85704
-0.773774 -0.857016
-0.771772 -0.856995
-0.76977 -0.856975
-0.767768 -0.856958
-0.765766 -0.856943
-0.763764 -0.85693
-0.761762 -0.856918
-0.75976 -0.856906
-0.757758 -0.856896
-0.755756 -0.856887
-0.753754 -0.856878
-0.751752 -0.85687
-0.74975 -0.856861
-0.747748 -0.856853
-0.745746 -0.856845
-0.743744 -0.856836
-0.741742 -0.856828
-0.73974 -0.856818
-0.737738 -0.856809
-0.735736 -0.856798
-0.733734 -0.856787
-0.731732 -0.856776
-0.72973 -0.856763
-0.727728 -0.85675
-0.725726 -0.856736
-0.723724 -0.856721
-0.721722 -0.856705
-0.71972 -0.856688
-0.717718 -0.85667
-0.715716 -0.856651
-0.713714 -0.856631
-0.711712 -0.85661
-0.70971 -0.856588
-0.707708 -0.856566
-0.705706 -0.856542
-0.703704 -0.856517
-0.701702 -0.856491
-0.6997 -0.856465
-0.697698 -0.856437
-0.695696 -0.856409
-0.693694 -0.856379
-0.691692 -0.856349
-0.68969 -0.856318
-0.687688 -0.856286
-0.685686 -0.856254
-0.683684 -0.85622
-0.681682 -0.856186
-0.67968 -0.856151
-0.677678 -0.856115
-0.675676 -0.856079
-0.673674 -0.856041
-0.671672 -0.856003
-0.66967 -0.855965
-0.667668 -0.855925
-0.665666 -0.855885
-0.663664 -0.855844
-0.661662 -0.855802
-0.65966 -0.85576
-0.657658 -0.855717
-0.655656 -0.855673
-0.653654 -0.855628
-0.651652 -0.855582
-0.64965 -0.855536
-0.647648 -0.855488
-0.645646 -0.85544
-0.643644 -0.855391
-0.641642 -0.855341
-0.63964 -0.855289
-0.637638 -0.855237
-0.635636 -0.855183
-0.633634 -0.855128
-0.631632 -0.855072
-0.62963 -0.855015
-0.627628 -0.854956
-0.625626 -0.854896
-0.623624 -0.854834
-0.621622 -0.854771
-0.61962 -0.854706
-0.617618 -0.85464
-0.615616 -0.854571
-0.613614 -0.854501
-0.611612 -0.854429
-0.60961 -0.854355
-0.607608 -0.854278
-0.605606 -0.8542
-0.603604 -0.854119
-0.601602 -0.854036
-0.5996 -0.85395
-0.597598 -0.853862
-0.595596 -0.853771
-0.593594 -0.853677
-0.591592 -0.853581
-0.58959 -0.853482
-0.587588 -0.853379
-0.585586 -0.853274
-0.583584 -0.853165
-0.581582 -0.853053
-0.57958 -0.852938
-0.577578 -0.852819
-0.575576 -0.852697
-0.573574 -0.852571
-0.571572 -0.852441
-0.56957 -0.852308
-0.567568 -0.85217
-0.565566 -0.852029
-0.563564 -0.851883
-0.561562 -0.851734
-0.55956 -0.85158
-0.557558 -0.851422
-0.555556 -0.851259
-0.553554 -0.851092
-0.551552 -0.85092
-0.54955 -0.850744
-0.547548 -0.850563
-0.545546 -0.850378
-0.543544 -0.850187
-0.541542 -0.849992
-0.53954 -0.849791
-0.537538 -0.849586
-0.535536 -0.849375
-0.533534 -0.84916
-0.531532 -0.848939
-0.52953 -0.848713
-0.527528 -0.848482
-0.525526 -0.848245
-0.523524 -0.848003
-0.521522 -0.847755
-0.51952 -0.847503
-0.517518 -0.847244
-0.515516 -0.84698
-0.513514 -0.846711
-0.511512 -0.846436
-0.50951 -0.846155
-0.507508 -0.845869
-0.505506 -0.845577
-0.503503 -0.845279
-0.501501 -0.844975
-0.499499 -0.844666
-0.497497 -0.844351
-0.495495 -0.844031
-0.493493 -0.843704
-0.491491 -0.843372
-0.489489 -0.843034
-0.487487 -0.84269
-0.485485 -0.84234
-0.483483 -0.841985
-0.481481 -0.841624
-0.479479 -0.841257
-0.477477 -0.840884
-0.475475 -0.840505
-0.473473 -0.840121
-0.471471 -0.83973
-0.469469 -0.839334
-0.467467 -0.838933
-0.465465 -0.838525
-0.463463 -0.838112
-0.461461 -0.837692
-0.459459 -0.837268
-0.457457 -0.836837
-0.455455 -0.836401
-0.453453 -0.835959
-0.451451 -0.835511
-0.449449 -0.835058
-0.447447 -0.834599
-0.445445 -0.834134
-0.443443 -0.833663
-0.441441 -0.833187
-0.439439 -0.832706
-0.437437 -0.832219
-0.435435 -0.831726
-0.433433 -0.831228
-0.431431 -0.830724
-0.429429 -0.830214
-0.427427 -0.829699
-0.425425 -0.829179
-0.423423 -0.828653
-0.421421 -0.828121
-0.419419 -0.827584
-0.417417 -0.827042
-0.415415 -0.826494
-0.413413 -0.825941
-0.411411 -0.825382
-0.409409 -0.824817
-0.407407 -0.824248
-0.405405 -0.823673
-0.403403 -0.823092
-0.401401 -0.822506
-0.399399 -0.821915
-0.397397 -0.821318
-0.395395 -0.820715
-0.393393 -0.820108
-0.391391 -0.819495
-0.389389 -0.818876
-0.387387 -0.818252
-0.385385 -0.817623
-0.383383 -0.816988
-0.381381 -0.816347
-0.379379 -0.815701
-0.377377 -0.81505
-0.375375 -0.814393
-0.373373 -0.813731
-0.371371 -0.813063
-0.369369 -0.81239
-0.367367 -0.811711
-0.365365 -0.811026
-0.363363 -0.810336
-0.361361 -0.809641
-0.359359 -0.808939
-0.357357 -0.808232
-0.355355 -0.80752
-0.353353 -0.806801
-0.351351 -0.806077
-0.349349 -0.805348
-0.347347 -0.804612
-0.345345 -0.803871
-0.343343 -0.803123
-0.341341 -0.80237
-0.339339 -0.801611
-0.337337 -0.800847
-0.335335 -0.800076
-0.333333 -0.799299
-0.331331 -0.798516
-0.329329 -0.797727
-0.327327 -0.796933
-0.325325 -0.796132
-0.323323 -0.795324
-0.321321 -0.794511
-0.319319 -0.793691
-0.317317 -0.792866
-0.315315 -0.792033
-0.313313 -0.791195
-0.311311 -0.79035
-0.309309 -0.789499
-0.307307 -0.788641
-0.305305 -0.787777
-0.303303 -0.786907
-0.301301 -0.786029
-0.299299 -0.785146
-0.297297 -0.784255
-0.295295 -0.783358
-0.293293 -0.782454
-0.291291 -0.781544
-0.289289 -0.780627
-0.287287 -0.779703
-0.285285 -0.778772
-0.283283 -0.777834
-0.281281 -0.776889
-0.279279 -0.775938
-0.277277 -0.774979
-0.275275 -0.774014
-0.273273 -0.773041
-0.271271 -0.772062
-0.269269 -0.771075
-0.267267 -0.770081
-0.265265 -0.76908
-0.263263 -0.768072
-0.261261 -0.767057
-0.259259 -0.766034
-0.257257 -0.765004
-0.255255 -0.763967
-0.253253 -0.762922
-0.251251 -0.761871
-0.249249 -0.760812
-0.247247 -0.759745
-0.245245 -0.758671
-0.243243 -0.75759
-0.241241 -0.756501
-0.239239 -0.755405
-0.237237 -0.754301
-0.235235 -0.75319
-0.233233 -0.752071
-0.231231 -0.750945
-0.229229 -0.749811
-0.227227 -0.74867
-0.225225 -0.747521
-0.223223 -0.746365
-0.221221 -0.745201
-0.219219 -0.74403
-0.217217 -0.742851
-0.215215 -0.741664
-0.213213 -0.74047
-0.211211 -0.739268
-0.209209 -0.738059
-0.207207 -0.736842
-0.205205 -0.735617
-0.203203 -0.734385
-0.201201 -0.733145
-0.199199 -0.731898
-0.197197 -0.730643
-0.195195 -0.72938
-0.193193 -0.72811
-0.191191 -0.726832
-0.189189 -0.725547
-0.187187 -0.724254
-0.185185 -0.722953
-0.183183 -0.721645
-0.181181 -0.720329
-0.179179 -0.719006
-0.177177 -0.717676
-0.175175 -0.716337
-0.173173 -0.714992
-0.171171 -0.713638
-0.169169 -0.712277
-0.167167 -0.710909
-0.165165 -0.709533
-0.163163 -0.70815
-0.161161 -0.706759
-0.159159 -0.705361
-0.157157 -0.703956
-0.155155 -0.702543
-0.153153 -0.701122
-0.151151 -0.699694
-0.149149 -0.698259
-0.147147 -0.696817
-0.145145 -0.695367
-0.143143 -0.693909
-0.141141 -0.692445
-0.139139 -0.690973
-0.137137 -0.689493
-0.135135 -0.688007
-0.133133 -0.686513
-0.131131 -0.685011
-0.129129 -0.683503
-0.127127 -0.681987
-0.125125 -0.680464
-0.123123 -0.678933
-0.121121 -0.677396
-0.119119 -0.675851
-0.117117 -0.674299
-0.115115 -0.67274
-0.113113 -0.671173
-0.111111 -0.669599
-0.109109 -0.668018
-0.107107 -0.66643
-0.105105 -0.664835
-0.103103 -0.663232
-0.101101 -0.661623
-0.0990991 -0.660006
-0.0970971 -0.658381
-0.0950951 -0.65675
-0.0930931 -0.655112
-0.0910911 -0.653466
-0.0890891 -0.651813
-0.0870871 -0.650153
-0.0850851 -0.648485
-0.0830831 -0.646811
-0.0810811 -0.645129
-0.0790791 -0.64344
-0.0770771 -0.641744
-0.0750751 -0.64004
-0.0730731 -0.63833
-0.0710711 -0.636612
-0.0690691 -0.634887
-0.0670671 -0.633154
-0.0650651 -0.631414
-0.0630631 -0.629667
-0.0610611 -0.627913
-0.0590591 -0.626151
-0.0570571 -0.624382
-0.0550551 -0.622606
-0.0530531 -0.620822
-0.0510511 -0.619031
-0.049049 -0.617232
-0.047047 -0.615426
-0.045045 -0.613613
-0.043043 -0.611792
-0.041041 -0.609964
-0.039039 -0.608128
-0.037037 -0.606285
-0.035035 -0.604434
-0.033033 -0.602575
-0.031031 -0.600709
-0.029029 -0.598835
-0.027027 -0.596954
-0.025025 -0.595065
-0.023023 -0.593169
-0.021021 -0.591264
-0.019019 -0.589352
-0.017017 -0.587432
-0.015015 -0.585505
-0.013013 -0.583569
-0.011011 -0.581626
-0.00900901 -0.579675
-0.00700701 -0.577716
-0.005005 -0.575749
-0.003003 -0.573774
-0.001001 -0.571791
0.001001 -0.5698
0.003003 -0.567801
0.005005 -0.565794
0.00700701 -0.563779
0.00900901 -0.561756
0.011011 -0.559724
0.013013 -0.557685
0.015015 -0.555637
0.017017 -0.553581
0.019019 -0.551517
0.021021 -0.549445
0.023023 -0.547364
0.025025 -0.545275
0.027027 -0.543178
0.029029 -0.541072
0.031031 -0.538958
0.033033 -0.536835
0.035035 -0.534704
0.037037 -0.532565
0.039039 -0.530417
0.041041 -0.52826
0.043043 -0.526095
0.045045 -0.523922
0.047047 -0.521739
0.049049 -0.519549
0.0510511 -0.517349
0.0530531 -0.515141
0.0550551 -0.512925
0.0570571 -0.510699
0.0590591 -0.508466
0.0610611 -0.506223
0.0630631 -0.503972
0.0650651 -0.501711
0.0670671 -0.499443
0.0690691 -0.497165
0.0710711 -0.494879
0.0730731 -0.492584
0.0750751 -0.49028
0.0770771 -0.487967
0.0790791 -0.485646
0.0810811 -0.483315
0.0830831 -0.480976
0.0850851 -0.478628
0.0870871 -0.476272
0.0890891 -0.473906
0.0910911 -0.471532
0.0930931 -0.469148
0.0950951 -0.466756
0.0970971 -0.464356
0.0990991 -0.461946
0.101101 -0.459527
0.103103 -0.4571
0.105105 -0.454664
0.107107 -0.452219
0.109109 -0.449765
0.111111 -0.447302
0.113113 -0.44483
0.115115 -0.44235
0.117117 -0.439861
0.119119 -0.437363
0.121121 -0.434856
0.123123 -0.432341
0.125125 -0.429816
0.127127 -0.427283
0.129129 -0.424741
0.131131 -0.422191
0.133133 -0.419631
0.135135 -0.417063
0.137137 -0.414486
0.139139 -0.411901
0.141141 -0.409306
0.143143 -0.406703
0.145145 -0.404092
0.147147 -0.401471
0.149149 -0.398843
0.151151 -0.396205
0.153153 -0.393559
0.155155 -0.390904
0.157157 -0.38824
0.159159 -0.385568
0.161161 -0.382887
0.163163 -0.380198
0.165165 -0.3775
0.167167 -0.374794
0.169169 -0.372079
0.171171 -0.369355
0.173173 -0.366623
0.175175 -0.363883
0.177177 -0.361134
0.179179 -0.358376
0.181181 -0.35561
0.183183 -0.352835
0.185185 -0.350052
0.187187 -0.347261
0.189189 -0.344461
0.191191 -0.341653
0.193193 -0.338836
0.195195 -0.33601
0.197197 -0.333177
0.199199 -0.330334
0.201201 -0.327484
0.203203 -0.324625
0.205205 -0.321757
0.207207 -0.318881
0.209209 -0.315997
0.211211 -0.313104
0.213213 -0.310203
0.215215 -0.307293
0.217217 -0.304375
0.219219 -0.301449
0.221221 -0.298514
0.223223 -0.29557
0.225225 -0.292618
0.227227 -0.289658
0.229229 -0.286689
0.231231 -0.283712
0.233233 -0.280726
0.235235 -0.277732
0.237237 -0.274729
0.239239 -0.271717
0.241241 -0.268697
0.243243 -0.265668
0.245245 -0.262631
0.247247 -0.259585
0.249249 -0.256531
0.251251 -0.253468
0.253253 -0.250396
0.255255 -0.247315
0.257257 -0.244226
0.259259 -0.241128
0.261261 -0.238021
0.263263 -0.234906
0.265265 -0.231781
0.267267 -0.228648
0.269269 -0.225506
0.271271 -0.222355
0.273273 -0.219195
0.275275 -0.216026
0.277277 -0.212848
0.279279 -0.209661
0.281281 -0.206465
0.283283 -0.20326
0.285285 -0.200045
0.287287 -0.196822
0.289289 -0.193589
0.291291 -0.190347
0.293293 -0.187096
0.295295 -0.183836
0.297297 -0.180566
0.299299 -0.177287
0.301301 -0.173998
0.303303 -0.1707
0.305305 -0.167393
0.307307 -0.164076
0.309309 -0.160749
0.311311 -0.157413
0.313313 -0.154067
0.315315 -0.150712
0.317317 -0.147347
0.319319 -0.143972
0.321321 -0.140587
0.323323 -0.137192
0.325325 -0.133788
0.327327 -0.130374
0.329329 -0.12695
0.331331 -0.123515
0.333333 -0.120071
0.335335 -0.116617
0.337337 -0.113153
0.339339 -0.109679
0.341341 -0.106194
0.343343 -0.1027
0.345345 -0.0991952
0.347347 -0.0956803
0.349349 -0.0921552
0.351351 -0.0886198
0.353353 -0.0850741
0.355355 -0.0815181
0.357357 -0.0779518
0.359359 -0.0743751
0.361361 -0.070788
0.363363 -0.0671906
0.365365 -0.0635827
0.367367 -0.0599643
0.369369 -0.0563355
0.371371 -0.0526962
0.373373 -0.0490464
0.375375 -0.0453861
0.377377 -0.0417152
0.379379 -0.0380339
0.381381 -0.0343419
0.383383 -0.0306394
0.385385 -0.0269264
0.387387 -0.0232027
0.389389 -0.0194685
0.391391 -0.0157236
0.393393 -0.0119682
0.395395 -0.00820219
0.397397 -0.00442556
0.399399 -0.000638314
0.401401 0.00315953
0.403403 0.00696799
0.405405 0.010787
0.407407 0.0146167
0.409409 0.018457
0.411411 0.0223078
0.413413 0.0261692
0.415415 0.0300413
0.417417 0.0339238
0.419419 0.037817
0.421421 0.0417207
0.423423 0.045635
0.425425 0.0495597
0.427427 0.0534951
0.429429 0.0574409
0.431431 0.0613972
0.433433 0.065364
0.435435 0.0693413
0.437437 0.0733291
0.439439 0.0773273
0.441441 0.0813359
0.443443 0.085355
0.445445 0.0893844
0.447447 0.0934243
0.449449 0.0974745
0.451451 0.101535
0.453453 0.105606
0.455455 0.109687
0.457457 0.113779
0.459459 0.117881
0.461461 0.121993
0.463463 0.126116
0.465465 0.130248
0.467467 0.134392
0.469469 0.138545
0.471471 0.142708
0.473473 0.146882
0.475475 0.151066
0.477477 0.155261
0.479479 0.159465
0.481481 0.16368
0.483483 0.167905
0.485485 0.17214
0.487487 0.176385
0.489489 0.180641
0.491491 0.184907
0.493493 0.189183
0.495495 0.19347
0.497497 0.197766
0.499499 0.202073
0.501501 0.20639
0.503503 0.210718
0.505506 0.215056
0.507508 0.219404
0.50951 0.223762
0.511512 0.228131
0.513514 0.23251
0.515516 0.2369
0.517518 0.2413
0.51952 0.245711
0.521522 0.250132
0.523524 0.254564
0.525526 0.259006
0.527528 0.26346
0.52953 0.267923
0.531532 0.272398
0.533534 0.276883
0.535536 0.281379
0.537538 0.285886
0.53954 0.290404
0.541542 0.294933
0.543544 0.299473
0.545546 0.304025
0.547548 0.308587
0.54955 0.313161
0.551552 0.317746
0.553554 0.322342
0.555556 0.32695
0.557558 0.33157
0.55956 0.336201
0.561562 0.340844
0.563564 0.345499
0.565566 0.350165
0.567568 0.354844
0.56957 0.359534
0.571572 0.364237
0.573574 0.368952
0.575576 0.373679
0.577578 0.378418
0.57958 0.38317
0.581582 0.387935
0.583584 0.392712
0.585586 0.397502
0.587588 0.402305
0.58959 0.407121
0.591592 0.411949
0.593594 0.416791
0.595596 0.421647
0.597598 0.426515
0.5996 0.431397
0.601602 0.436292
0.603604 0.441201
0.605606 0.446123
0.607608 0.45106
0.60961 0.45601
0.611612 0.460974
0.613614 0.465952
0.615616 0.470944
0.617618 0.47595
0.61962 0.480971
0.621622 0.486005
0.623624 0.491055
0.625626 0.496118
0.627628 0.501197
0.62963 0.506289
0.631632 0.511397
0.633634 0.516519
0.635636 0.521656
0.637638 0.526808
0.63964 0.531974
0.641642 0.537156
0.643644 0.542352
0.645646 0.547564
0.647648 0.552791
0.64965 0.558033
0.651652 0.563289
0.653654 0.568562
0.655656 0.573849
0.657658 0.579151
0.65966 0.584469
0.661662 0.589802
0.663664 0.59515
0.665666 0.600514
0.667668 0.605893
0.66967 0.611287
0.671672 0.616696
0.673674 0.622121
0.675676 0.627561
0.677678 0.633017
0.67968 0.638487
0.681682 0.643973
0.683684 0.649474
0.685686 0.654991
0.687688 0.660522
0.68969 0.666069
0.691692 0.671631
0.693694 0.677209
0.695696 0.682801
0.697698 0.688409
0.6997 0.694031
0.701702 0.699669
0.703704 0.705322
0.705706 0.71099
0.707708 0.716673
0.70971 0.722371
0.711712 0.728085
0.713714 0.733813
0.715716 0.739556
0.717718 0.745315
0.71972 0.751088
0.721722 0.756877
0.723724 0.76268
0.725726 0.768499
0.727728 0.774333
0.72973 0.780182
0.731732 0.786046
0.733734 0.791925
0.735736 0.79782
0.737738 0.80373
0.73974 0.809656
0.741742 0.815597
0.743744 0.821553
0.745746 0.827526
0.747748 0.833514
0.74975 0.839518
0.751752 0.845538
0.753754 0.851575
0.755756 0.857628
0.757758 0.863697
0.75976 0.869784
0.761762 0.875887
0.763764 0.882007
0.765766 0.888145
0.767768 0.8943
0.76977 0.900474
0.771772 0.906665
0.773774 0.912875
0.775776 0.919104
0.777778 0.925352
0.77978 0.931619
0.781782 0.937906
0.783784 0.944213
0.785786 0.95054
0.787788 0.956888
0.78979 0.963258
0.791792 0.969649
0.793794 0.976062
0.795796 0.982498
0.797798 0.988957
0.7998 0.995439
0.801802 1.00195
0.803804 1.00848
0.805806 1.01503
0.807808 1.02161
0.80981 1.02822
0.811812 1.03485
0.813814 1.04151
0.815816 1.0482
0.817818 1.05492
0.81982 1.06166
0.821822 1.06843
0.823824 1.07524
0.825826 1.08207
0.827828 1.08893
0.82983 1.09583
0.831832 1.10275
0.833834 1.10971
0.835836 1.1167
0.837838 1.12373
0.83984 1.13079
0.841842 1.13788
0.843844 1.14501
0.845846 1.15217
0.847848 1.15937
0.84985 1.1666
0.851852 1.17387
0.853854 1.18118
0.855856 1.18852
0.857858 1.1959
0.85986 1.20332
0.861862 1.21077
0.863864 1.21827
0.865866 1.2258
0.867868 1.23337
0.86987 1.24098
0.871872 1.24863
0.873874 1.25631
0.875876 1.26404
0.877878 1.2718
0.87988 1.27961
0.881882 1.28745
0.883884 1.29533
0.885886 1.30326
0.887888 1.31122
0.88989 1.31922
0.891892 1.32726
0.893894 1.33534
0.895896 1.34346
0.897898 1.35162
0.8999 1.35982
0.901902 1.36806
0.903904 1.37635
0.905906 1.38467
0.907908 1.39304
0.90991 1.40145
0.911912 1.40991
0.913914 1.41841
0.915916 1.42696
0.917918 1.43555
0.91992 1.4442
0.921922 1.4529
0.923924 1.46166
0.925926 1.47047
0.927928 1.47935
0.92993 1.48829
0.931932 1.4973
0.933934 1.50638
0.935936 1.51555
0.937938 1.5248
0.93994 1.53415
0.941942 1.5436
0.943944 1.55316
0.945946 1.56284
0.947948 1.57265
0.94995 1.5826
0.951952 1.59271
0.953954 1.60299
0.955956 1.61346
0.957958 1.62413
0.95996 1.63503
0.961962 1.64617
0.963964 1.65758
0.965966 1.66929
0.967968 1.68131
0.96997 1.69369
0.971972 1.70646
0.973974 1.71964
0.975976 1.73329
0.977978 1.74744
0.97998 1.76213
0.981982 1.77742
0.983984 1.79336
0.985986 1.81002
0.987988 1.82744
0.98999 1.8457
0.991992 1.86487
0.993994 1.88502
0.995996 1.90625
0.997998 1.92864
1 1.95229
