-0.999526 -1.11174
-0.997525 -1.08322
-0.995524 -1.05641
-0.993523 -1.04409
-0.991521 -1.03178
-0.98952 -1.01946
-0.987519 -1.00887
-0.985518 -1.00192
-0.983517 -0.994955
-0.981516 -0.987996
-0.979515 -0.981036
-0.977514 -0.974076
-0.975513 -0.968874
-0.973512 -0.964548
-0.971511 -0.960222
-0.96951 -0.955896
-0.967509 -0.951571
-0.965508 -0.947245
-0.963507 -0.942919
-0.961506 -0.938839
-0.959505 -0.936049
-0.957504 -0.933259
-0.955503 -0.930469
-0.953502 -0.927679
-0.9515 -0.924889
-0.949499 -0.922099
-0.947498 -0.919309
-0.945497 -0.91652
-0.943496 -0.91373
-0.941495 -0.911752
-0.939494 -0.909942
-0.937493 -0.908132
-0.935492 -0.906322
-0.933491 -0.904512
-0.93149 -0.902701
-0.929489 -0.900891
-0.927488 -0.899081
-0.925487 -0.897271
-0.923486 -0.895461
-0.921485 -0.893651
-0.919484 -0.892306
-0.917483 -0.891152
-0.915482 -0.889998
-0.91348 -0.888843
-0.911479 -0.887689
-0.909478 -0.886534
-0.907477 -0.88538
-0.905476 -0.884226
-0.903475 -0.883071
-0.901474 -0.881917
-0.899473 -0.880763
-0.897472 -0.879608
-0.895471 -0.878454
-0.89347 -0.877679
-0.891469 -0.876973
-0.889468 -0.876267
-0.887467 -0.87556
-0.885466 -0.874854
-0.883465 -0.874148
-0.881464 -0.873442
-0.879463 -0.872736
-0.877462 -0.87203
-0.87546 -0.871323
-0.873459 -0.870617
-0.871458 -0.869911
-0.869457 -0.869205
-0.867456 -0.868499
-0.865455 -0.86788
-0.863454 -0.867479
-0.861453 -0.867078
-0.859452 -0.866678
-0.857451 -0.866277
-0.85545 -0.865876
-0.853449 -0.865475
-0.851448 -0.865075
-0.849447 -0.864674
-0.847446 -0.864273
-0.845445 -0.863873
-0.843444 -0.863472
-0.841443 -0.863071
-0.839442 -0.86267
-0.83744 -0.86227
-0.835439 -0.861869
-0.833438 -0.861485
-0.831437 -0.861286
-0.829436 -0.861087
-0.827435 -0.860888
-0.825434 -0.860689
-0.823433 -0.86049
-0.821432 -0.860291
-0.819431 -0.860092
-0.81743 -0.859893
-0.815429 -0.859694
-0.813428 -0.859495
-0.811427 -0.859296
-0.809426 -0.859097
-0.807425 -0.858898
-0.805424 -0.858699
-0.803423 -0.8585
-0.801422 -0.858301
-0.79942 -0.858102
-0.797419 -0.85794
-0.795418 -0.857864
-0.793417 -0.857788
-0.791416 -0.857712
-0.789415 -0.857636
-0.787414 -0.857561
-0.785413 -0.857485
-0.783412 -0.857409
-0.781411 -0.857333
-0.77941 -0.857257
-0.777409 -0.857181
-0.775408 -0.857105
-0.773407 -0.857029
-0.771406 -0.856954
-0.769405 -0.856878
-0.767404 -0.856802
-0.765403 -0.856726
-0.763402 -0.85665
-0.7614 -0.856574
-0.759399 -0.856498
-0.757398 -0.856484
-0.755397 -0.856469
-0.753396 -0.856455
-0.751395 -0.85644
-0.749394 -0.856426
-0.747393 -0.856411
-0.745392 -0.856397
-0.743391 -0.856382
-0.74139 -0.856368
-0.739389 -0.856353
-0.737388 -0.856338
-0.735387 -0.856324
-0.733386 -0.856309
-0.731385 -0.856295
-0.729384 -0.85628
-0.727383 -0.856266
-0.725382 -0.856251
-0.72338 -0.856237
-0.721379 -0.856222
-0.719378 -0.856208
-0.717377 -0.856196
-0.715376 -0.856193
-0.713375 -0.85619
-0.711374 -0.856187
-0.709373 -0.856184
-0.707372 -0.856181
-0.705371 -0.856178
-0.70337 -0.856175
-0.701369 -0.856171
-0.699368 -0.856168
-0.697367 -0.856165
-0.695366 -0.856162
-0.693365 -0.856159
-0.691364 -0.856156
-0.689363 -0.856153
-0.687362 -0.85615
-0.68536 -0.856147
-0.683359 -0.856144
-0.681358 -0.856141
-0.679357 -0.856138
-0.677356 -0.856134
-0.675355 -0.856131
-0.673354 -0.856123
-0.671353 -0.85609
-0.669352 -0.856058
-0.667351 -0.856025
-0.66535 -0.855992
-0.663349 -0.855959
-0.661348 -0.855926
-0.659347 -0.855893
-0.657346 -0.85586
-0.655345 -0.855828
-0.653344 -0.855795
-0.651343 -0.855762
-0.649342 -0.855729
-0.64734 -0.855696
-0.645339 -0.855663
-0.643338 -0.855631
-0.641337 -0.855598
-0.639336 -0.855565
-0.637335 -0.855532
-0.635334 -0.855499
-0.633333 -0.855466
-0.631332 -0.855434
-0.629331 -0.855401
-0.62733 -0.855368
-0.625329 -0.855284
-0.623328 -0.855186
-0.621327 -0.855089
-0.619326 -0.854992
-0.617325 -0.854895
-0.615324 -0.854797
-0.613323 -0.8547
-0.611322 -0.854603
-0.60932 -0.854506
-0.607319 -0.854408
-0.605318 -0.854311
-0.603317 -0.854214
-0.601316 -0.854117
-0.599315 -0.854019
-0.597314 -0.853922
-0.595313 -0.853825
-0.593312 -0.853728
-0.591311 -0.85363
-0.58931 -0.853533
-0.587309 -0.853436
-0.585308 -0.853338
-0.583307 -0.853241
-0.581306 -0.853144
-0.579305 -0.853047
-0.577304 -0.852927
-0.575303 -0.852736
-0.573302 -0.852545
-0.5713 -0.852353
-0.569299 -0.852162
-0.567298 -0.851971
-0.565297 -0.85178
-0.563296 -0.851588
-0.561295 -0.851397
-0.559294 -0.851206
-0.557293 -0.851014
-0.555292 -0.850823
-0.553291 -0.850632
-0.55129 -0.850441
-0.549289 -0.850249
-0.547288 -0.850058
-0.545287 -0.849867
-0.543286 -0.849675
-0.541285 -0.849484
-0.539284 -0.849293
-0.537283 -0.849101
-0.535282 -0.84891
-0.53328 -0.848719
-0.531279 -0.848528
-0.529278 -0.848336
-0.527277 -0.848145
-0.525276 -0.847885
-0.523275 -0.847574
-0.521274 -0.847263
-0.519273 -0.846952
-0.517272 -0.846641
-0.515271 -0.84633
-0.51327 -0.846019
-0.511269 -0.845708
-0.509268 -0.845398
-0.507267 -0.845087
-0.505266 -0.844776
-0.503265 -0.844465
-0.501264 -0.844154
-0.499263 -0.843843
-0.497262 -0.843532
-0.49526 -0.843221
-0.493259 -0.842911
-0.491258 -0.8426
-0.489257 -0.842289
-0.487256 -0.841978
-0.485255 -0.841667
-0.483254 -0.841356
-0.481253 -0.841045
-0.479252 -0.840734
-0.477251 -0.840424
-0.47525 -0.840113
-0.473249 -0.839802
-0.471248 -0.83936
-0.469247 -0.838907
-0.467246 -0.838455
-0.465245 -0.838002
-0.463244 -0.837549
-0.461243 -0.837097
-0.459242 -0.836644
-0.45724 -0.836191
-0.455239 -0.835738
-0.453238 -0.835286
-0.451237 -0.834833
-0.449236 -0.83438
-0.447235 -0.833928
-0.445234 -0.833475
-0.443233 -0.833022
-0.441232 -0.832569
-0.439231 -0.832117
-0.43723 -0.831664
-0.435229 -0.831211
-0.433228 -0.830759
-0.431227 -0.830306
-0.429226 -0.829853
-0.427225 -0.8294
-0.425224 -0.828948
-0.423223 -0.828495
-0.421222 -0.828042
-0.41922 -0.82759
-0.417219 -0.827077
-0.415218 -0.826463
-0.413217 -0.825849
-0.411216 -0.825235
-0.409215 -0.824621
-0.407214 -0.824007
-0.405213 -0.823393
-0.403212 -0.822779
-0.401211 -0.822165
-0.39921 -0.821551
-0.397209 -0.820937
-0.395208 -0.820323
-0.393207 -0.819709
-0.391206 -0.819095
-0.389205 -0.818481
-0.387204 -0.817867
-0.385203 -0.817253
-0.383202 -0.816638
-0.3812 -0.816024
-0.379199 -0.81541
-0.377198 -0.814796
-0.375197 -0.814182
-0.373196 -0.813568
-0.371195 -0.812954
-0.369194 -0.81234
-0.367193 -0.811726
-0.365192 -0.811112
-0.363191 -0.810498
-0.36119 -0.809879
-0.359189 -0.809087
-0.357188 -0.808294
-0.355187 -0.807502
-0.353186 -0.806709
-0.351185 -0.805917
-0.349184 -0.805124
-0.347183 -0.804332
-0.345182 -0.803539
-0.34318 -0.802747
-0.341179 -0.801954
-0.339178 -0.801162
-0.337177 -0.800369
-0.335176 -0.799577
-0.333175 -0.798784
-0.331174 -0.797992
-0.329173 -0.797199
-0.327172 -0.796407
-0.325171 -0.795614
-0.32317 -0.794822
-0.321169 -0.794029
-0.319168 -0.793237
-0.317167 -0.792444
-0.315166 -0.791652
-0.313165 -0.790859
-0.311164 -0.790067
-0.309163 -0.789274
-0.307162 -0.788482
-0.305161 -0.787689
-0.303159 -0.786897
-0.301158 -0.785911
-0.299157 -0.784925
-0.297156 -0.783939
-0.295155 -0.782953
-0.293154 -0.781967
-0.291153 -0.780981
-0.289152 -0.779995
-0.287151 -0.779009
-0.28515 -0.778023
-0.283149 -0.777036
-0.281148 -0.77605
-0.279147 -0.775064
-0.277146 -0.774078
-0.275145 -0.773092
-0.273144 -0.772106
-0.271143 -0.77112
-0.269142 -0.770134
-0.267141 -0.769148
-0.265139 -0.768162
-0.263138 -0.767176
-0.261137 -0.766189
-0.259136 -0.765203
-0.257135 -0.764217
-0.255134 -0.763231
-0.253133 -0.762245
-0.251132 -0.761259
-0.249131 -0.760273
-0.24713 -0.759287
-0.245129 -0.758301
-0.243128 -0.757233
-0.241127 -0.75604
-0.239126 -0.754847
-0.237125 -0.753654
-0.235124 -0.752461
-0.233123 -0.751268
-0.231122 -0.750075
-0.229121 -0.748882
-0.227119 -0.747689
-0.225118 -0.746496
-0.223117 -0.745303
-0.221116 -0.74411
-0.219115 -0.742917
-0.217114 -0.741724
-0.215113 -0.740531
-0.213112 -0.739338
-0.211111 -0.738145
-0.20911 -0.736952
-0.207109 -0.735759
-0.205108 -0.734566
-0.203107 -0.733373
-0.201106 -0.73218
-0.199105 -0.730987
-0.197104 -0.729794
-0.195103 -0.728601
-0.193102 -0.727408
-0.191101 -0.726215
-0.189099 -0.725022
-0.187098 -0.723829
-0.185097 -0.722636
-0.183096 -0.721371
-0.181095 -0.719959
-0.179094 -0.718548
-0.177093 -0.717136
-0.175092 -0.715724
-0.173091 -0.714312
-0.17109 -0.712901
-0.169089 -0.711489
-0.167088 -0.710077
-0.165087 -0.708666
-0.163086 -0.707254
-0.161085 -0.705842
-0.159084 -0.70443
-0.157083 -0.703019
-0.155082 -0.701607
-0.153081 -0.700195
-0.151079 -0.698783
-0.149078 -0.697372
-0.147077 -0.69596
-0.145076 -0.694548
-0.143075 -0.693136
-0.141074 -0.691725
-0.139073 -0.690313
-0.137072 -0.688901
-0.135071 -0.687489
-0.13307 -0.686078
-0.131069 -0.684666
-0.129068 -0.683254
-0.127067 -0.681842
-0.125066 -0.680431
-0.123065 -0.679019
-0.121064 -0.677398
-0.119063 -0.675757
-0.117062 -0.674117
-0.115061 -0.672476
-0.113059 -0.670835
-0.111058 -0.669194
-0.109057 -0.667553
-0.107056 -0.665912
-0.105055 -0.664272
-0.103054 -0.662631
-0.101053 -0.66099
-0.0990521 -0.659349
-0.097051 -0.657708
-0.09505 -0.656067
-0.0930489 -0.654426
-0.0910479 -0.652786
-0.0890468 -0.651145
-0.0870458 -0.649504
-0.0850447 -0.647863
-0.0830437 -0.646222
-0.0810426 -0.644581
-0.0790416 -0.64294
-0.0770405 -0.6413
-0.0750395 -0.639659
-0.0730384 -0.638018
-0.0710374 -0.636377
-0.0690363 -0.634736
-0.0670353 -0.633095
-0.0650342 -0.631455
-0.0630332 -0.629814
-0.0610321 -0.62811
-0.059031 -0.626231
-0.05703 -0.624352
-0.0550289 -0.622472
-0.0530279 -0.620593
-0.0510268 -0.618714
-0.0490258 -0.616835
-0.0470247 -0.614956
-0.0450237 -0.613077
-0.0430226 -0.611198
-0.0410216 -0.609319
-0.0390205 -0.607439
-0.0370195 -0.60556
-0.0350184 -0.603681
-0.0330174 -0.601802
-0.0310163 -0.599923
-0.0290153 -0.598044
-0.0270142 -0.596165
-0.0250132 -0.594285
-0.0230121 -0.592406
-0.0210111 -0.590527
-0.01901 -0.588648
-0.0170089 -0.586769
-0.0150079 -0.58489
-0.0130068 -0.583011
-0.0110058 -0.581132
-0.00900474 -0.579252
-0.00700368 -0.577373
-0.00500263 -0.575494
-0.00300158 -0.573615
-0.00100053 -0.571736
0.00100053 -0.569734
0.00300158 -0.567608
0.00500263 -0.565483
0.00700368 -0.563357
0.00900474 -0.561232
0.0110058 -0.559106
0.0130068 -0.556981
0.0150079 -0.554855
0.0170089 -0.55273
0.01901 -0.550604
0.0210111 -0.548479
0.0230121 -0.546353
0.0250132 -0.544228
0.0270142 -0.542102
0.0290153 -0.539977
0.0310163 -0.537851
0.0330174 -0.535725
0.0350184 -0.5336
0.0370195 -0.531474
0.0390205 -0.529349
0.0410216 -0.527223
0.0430226 -0.525098
0.0450237 -0.522972
0.0470247 -0.520847
0.0490258 -0.518721
0.0510268 -0.516596
0.0530279 -0.51447
0.0550289 -0.512345
0.05703 -0.510219
0.059031 -0.508094
0.0610321 -0.505968
0.0630332 -0.503656
0.0650342 -0.501277
0.0670353 -0.498898
0.0690363 -0.496519
0.0710374 -0.49414
0.0730384 -0.491761
0.0750395 -0.489382
0.0770405 -0.487003
0.0790416 -0.484624
0.0810426 -0.482245
0.0830437 -0.479866
0.0850447 -0.477487
0.0870458 -0.475108
0.0890468 -0.472729
0.0910479 -0.47035
0.0930489 -0.467971
0.09505 -0.465592
0.097051 -0.463213
0.0990521 -0.460834
0.101053 -0.458455
0.103054 -0.456076
0.105055 -0.453697
0.107056 -0.451318
0.109057 -0.448939
0.111058 -0.44656
0.113059 -0.44418
0.115061 -0.441801
0.117062 -0.439422
0.119063 -0.437043
0.121064 -0.434664
0.123065 -0.432262
0.125066 -0.429623
0.127067 -0.426985
0.129068 -0.424346
0.131069 -0.421707
0.13307 -0.419068
0.135071 -0.416429
0.137072 -0.41379
0.139073 -0.411151
0.141074 -0.408512
0.143075 -0.405873
0.145076 -0.403234
0.147077 -0.400595
0.149078 -0.397956
0.151079 -0.395317
0.153081 -0.392678
0.155082 -0.390039
0.157083 -0.3874
0.159084 -0.384762
0.161085 -0.382123
0.163086 -0.379484
0.165087 -0.376845
0.167088 -0.374206
0.169089 -0.371567
0.17109 -0.368928
0.173091 -0.366289
0.175092 -0.36365
0.177093 -0.361011
0.179094 -0.358372
0.181095 -0.355733
0.183096 -0.353094
0.185097 -0.350276
0.187098 -0.347372
0.189099 -0.344467
0.191101 -0.341563
0.193102 -0.338658
0.195103 -0.335754
0.197104 -0.332849
0.199105 -0.329944
0.201106 -0.32704
0.203107 -0.324135
0.205108 -0.321231
0.207109 -0.318326
0.20911 -0.315422
0.211111 -0.312517
0.213112 -0.309612
0.215113 -0.306708
0.217114 -0.303803
0.219115 -0.300899
0.221116 -0.297994
0.223117 -0.295089
0.225118 -0.292185
0.227119 -0.28928
0.229121 -0.286376
0.231122 -0.283471
0.233123 -0.280567
0.235124 -0.277662
0.237125 -0.274757
0.239126 -0.271853
0.241127 -0.268948
0.243128 -0.266044
0.245129 -0.262975
0.24713 -0.259799
0.249131 -0.256624
0.251132 -0.253448
0.253133 -0.250273
0.255134 -0.247097
0.257135 -0.243921
0.259136 -0.240746
0.261137 -0.23757
0.263138 -0.234395
0.265139 -0.231219
0.267141 -0.228044
0.269142 -0.224868
0.271143 -0.221693
0.273144 -0.218517
0.275145 -0.215342
0.277146 -0.212166
0.279147 -0.208991
0.281148 -0.205815
0.283149 -0.20264
0.28515 -0.199464
0.287151 -0.196289
0.289152 -0.193113
0.291153 -0.189938
0.293154 -0.186762
0.295155 -0.183587
0.297156 -0.180411
0.299157 -0.177236
0.301158 -0.17406
0.303159 -0.170884
0.305161 -0.167432
0.307162 -0.163981
0.309163 -0.160529
0.311164 -0.157078
0.313165 -0.153626
0.315166 -0.150175
0.317167 -0.146723
0.319168 -0.143272
0.321169 -0.13982
0.32317 -0.136369
0.325171 -0.132918
0.327172 -0.129466
0.329173 -0.126015
0.331174 -0.122563
0.333175 -0.119112
0.335176 -0.11566
0.337177 -0.112209
0.339178 -0.108757
0.341179 -0.105306
0.34318 -0.101854
0.345182 -0.0984027
0.347183 -0.0949512
0.349184 -0.0914997
0.351185 -0.0880482
0.353186 -0.0845967
0.355187 -0.0811453
0.357188 -0.0776938
0.359189 -0.0742423
0.36119 -0.0707908
0.363191 -0.0670656
0.365192 -0.0633331
0.367193 -0.0596006
0.369194 -0.0558681
0.371195 -0.0521356
0.373196 -0.0484032
0.375197 -0.0446707
0.377198 -0.0409382
0.379199 -0.0372057
0.3812 -0.0334732
0.383202 -0.0297407
0.385203 -0.0260082
0.387204 -0.0222758
0.389205 -0.0185433
0.391206 -0.0148108
0.393207 -0.0110783
0.395208 -0.00734581
0.397209 -0.00361333
0.39921 0.00011916
0.401211 0.00385165
0.403212 0.00758413
0.405213 0.0113166
0.407214 0.0150491
0.409215 0.0187816
0.411216 0.0225141
0.413217 0.0262466
0.415218 0.029979
0.417219 0.0337115
0.41922 0.0376243
0.421222 0.0416431
0.423223 0.0456619
0.425224 0.0496807
0.427225 0.0536995
0.429226 0.0577183
0.431227 0.0617372
0.433228 0.065756
0.435229 0.0697748
0.43723 0.0737936
0.439231 0.0778124
0.441232 0.0818312
0.443233 0.08585
0.445234 0.0898688
0.447235 0.0938876
0.449236 0.0979064
0.451237 0.101925
0.453238 0.105944
0.455239 0.109963
0.45724 0.113982
0.459242 0.118
0.461243 0.122019
0.463244 0.126038
0.465245 0.130057
0.467246 0.134076
0.469247 0.138094
0.471248 0.142113
0.473249 0.146155
0.47525 0.150466
0.477251 0.154777
0.479252 0.159088
0.481253 0.163399
0.483254 0.16771
0.485255 0.172021
0.487256 0.176332
0.489257 0.180643
0.491258 0.184954
0.493259 0.189266
0.49526 0.193577
0.497262 0.197888
0.499263 0.202199
0.501264 0.20651
0.503265 0.210821
0.505266 0.215132
0.507267 0.219443
0.509268 0.223754
0.511269 0.228065
0.51327 0.232376
0.515271 0.236688
0.517272 0.240999
0.519273 0.24531
0.521274 0.249621
0.523275 0.253932
0.525276 0.258243
0.527277 0.26268
0.529278 0.267291
0.531279 0.271901
0.53328 0.276512
0.535282 0.281122
0.537283 0.285733
0.539284 0.290343
0.541285 0.294954
0.543286 0.299564
0.545287 0.304174
0.547288 0.308785
0.549289 0.313395
0.55129 0.318006
0.553291 0.322616
0.555292 0.327227
0.557293 0.331837
0.559294 0.336448
0.561295 0.341058
0.563296 0.345668
0.565297 0.350279
0.567298 0.354889
0.569299 0.3595
0.5713 0.36411
0.573302 0.368721
0.575303 0.373331
0.577304 0.377942
0.579305 0.382788
0.581306 0.387706
0.583307 0.392625
0.585308 0.397543
0.587309 0.402462
0.58931 0.407381
0.591311 0.412299
0.593312 0.417218
0.595313 0.422136
0.597314 0.427055
0.599315 0.431974
0.601316 0.436892
0.603317 0.441811
0.605318 0.446729
0.607319 0.451648
0.60932 0.456567
0.611322 0.461485
0.613323 0.466404
0.615324 0.471322
0.617325 0.476241
0.619326 0.481159
0.621327 0.486078
0.623328 0.490997
0.625329 0.495915
0.62733 0.500899
0.629331 0.506137
0.631332 0.511375
0.633333 0.516613
0.635334 0.521851
0.637335 0.527089
0.639336 0.532327
0.641337 0.537565
0.643338 0.542803
0.645339 0.548041
0.64734 0.553279
0.649342 0.558517
0.651343 0.563755
0.653344 0.568993
0.655345 0.574231
0.657346 0.579469
0.659347 0.584708
0.661348 0.589946
0.663349 0.595184
0.66535 0.600422
0.667351 0.60566
0.669352 0.610898
0.671353 0.616136
0.673354 0.621374
0.675355 0.626889
0.677356 0.632462
0.679357 0.638034
0.681358 0.643607
0.683359 0.649179
0.68536 0.654751
0.687362 0.660324
0.689363 0.665896
0.691364 0.671469
0.693365 0.677041
0.695366 0.682614
0.697367 0.688186
0.699368 0.693759
0.701369 0.699331
0.70337 0.704903
0.705371 0.710476
0.707372 0.716048
0.709373 0.721621
0.711374 0.727193
0.713375 0.732766
0.715376 0.738338
0.717377 0.743911
0.719378 0.749743
0.721379 0.75567
0.72338 0.761597
0.725382 0.767524
0.727383 0.77345
0.729384 0.779377
0.731385 0.785304
0.733386 0.791231
0.735387 0.797158
0.737388 0.803085
0.739389 0.809012
0.74139 0.814939
0.743391 0.820866
0.745392 0.826793
0.747393 0.83272
0.749394 0.838647
0.751395 0.844574
0.753396 0.8505
0.755397 0.856427
0.757398 0.862354
0.759399 0.868281
0.7614 0.874589
0.763402 0.880898
0.765403 0.887207
0.767404 0.893516
0.769405 0.899824
0.771406 0.906133
0.773407 0.912442
0.775408 0.918751
0.777409 0.92506
0.77941 0.931369
0.781411 0.937677
0.783412 0.943986
0.785413 0.950295
0.787414 0.956604
0.789415 0.962913
0.791416 0.969222
0.793417 0.975531
0.795418 0.981839
0.797419 0.988148
0.79942 0.994752
0.801422 1.00148
0.803423 1.00821
0.805424 1.01494
0.807425 1.02167
0.809426 1.0284
0.811427 1.03512
0.813428 1.04185
0.815429 1.04858
0.81743 1.05531
0.819431 1.06204
0.821432 1.06877
0.823433 1.0755
0.825434 1.08223
0.827435 1.08896
0.829436 1.09568
0.831437 1.10241
0.833438 1.10914
0.835439 1.11631
0.83744 1.12351
0.839442 1.13071
0.841443 1.13792
0.843444 1.14512
0.845445 1.15232
0.847446 1.15952
0.849447 1.16673
0.851448 1.17393
0.853449 1.18113
0.85545 1.18833
0.857451 1.19554
0.859452 1.20274
0.861453 1.20994
0.863454 1.21715
0.865455 1.22435
0.867456 1.23195
0.869457 1.2397
0.871458 1.24746
0.873459 1.25521
0.87546 1.26296
0.877462 1.27072
0.879463 1.27847
0.881464 1.28623
0.883465 1.29398
0.885466 1.30174
0.887467 1.30949
0.889468 1.31725
0.891469 1.325
0.89347 1.33276
0.895471 1.34061
0.897472 1.34904
0.899473 1.35746
0.901474 1.36588
0.903475 1.3743
0.905476 1.38273
0.907477 1.39115
0.909478 1.39957
0.911479 1.40799
0.91348 1.41642
0.915482 1.42484
0.917483 1.43326
0.919484 1.44168
0.921485 1.45035
0.923486 1.45962
0.925487 1.46889
0.927488 1.47816
0.929489 1.48743
0.93149 1.4967
0.933491 1.50597
0.935492 1.51524
0.937493 1.52451
0.939494 1.53378
0.941495 1.54305
0.943496 1.55252
0.945497 1.56293
0.947498 1.57335
0.949499 1.58376
0.9515 1.59418
0.953502 1.60459
0.955503 1.615
0.957504 1.62542
0.959505 1.63583
0.961506 1.64624
0.963507 1.65806
0.965508 1.67015
0.967509 1.68223
0.96951 1.69432
0.971511 1.7064
0.973512 1.71848
0.975513 1.73057
0.977514 1.74357
0.979515 1.75839
0.981516 1.77321
0.983517 1.78804
0.985518 1.80286
0.987519 1.81769
0.98952 1.83619
0.991521 1.85644
0.993523 1.8767
0.995524 1.89696
0.997525 1.93175
0.999526 1.96825
