-0.997204 -1.07238
-0.995207 -1.06092
-0.993211 -1.04986
-0.991215 -1.03918
-0.989218 -1.0289
-0.987222 -1.01901
-0.985225 -1.00951
-0.983229 -1.0004
-0.981233 -0.991676
-0.979236 -0.983348
-0.97724 -0.975411
-0.975243 -0.967865
-0.973247 -0.96071
-0.971251 -0.953946
-0.969254 -0.947573
-0.967258 -0.941591
-0.965261 -0.936
-0.963265 -0.9308
-0.961269 -0.925991
-0.959272 -0.921573
-0.957276 -0.917546
-0.955279 -0.91391
-0.953283 -0.910665
-0.951286 -0.907811
-0.94929 -0.905348
-0.947294 -0.903276
-0.945297 -0.901595
-0.943301 -0.900305
-0.941304 -0.899406
-0.939308 -0.898898
-0.937312 -0.898781
-0.935315 -0.899055
-0.933319 -0.89972
-0.931322 -0.900776
-0.929326 -0.900028
-0.92733 -0.898705
-0.925333 -0.897402
-0.923337 -0.896119
-0.92134 -0.894857
-0.919344 -0.893616
-0.917348 -0.892394
-0.915351 -0.891193
-0.913355 -0.890013
-0.911358 -0.888853
-0.909362 -0.887713
-0.907366 -0.886594
-0.905369 -0.885495
-0.903373 -0.884416
-0.901376 -0.883358
-0.89938 -0.88232
-0.897384 -0.881302
-0.895387 -0.880305
-0.893391 -0.879328
-0.891394 -0.878372
-0.889398 -0.877436
-0.887402 -0.87652
-0.885405 -0.875625
-0.883409 -0.87475
-0.881412 -0.873896
-0.879416 -0.873062
-0.87742 -0.872248
-0.875423 -0.871455
-0.873427 -0.870682
-0.87143 -0.869929
-0.869434 -0.869197
-0.867438 -0.868485
-0.865441 -0.867794
-0.863445 -0.867123
-0.861448 -0.866472
-0.859452 -0.865842
-0.857456 -0.865232
-0.855459 -0.864642
-0.853463 -0.864073
-0.851466 -0.863524
-0.84947 -0.862996
-0.847473 -0.862488
-0.845477 -0.862
-0.843481 -0.861533
-0.841484 -0.861086
-0.839488 -0.860659
-0.837491 -0.860253
-0.835495 -0.859867
-0.833499 -0.859502
-0.831502 -0.859157
-0.829506 -0.858832
-0.827509 -0.858528
-0.825513 -0.858244
-0.823517 -0.857981
-0.82152 -0.857737
-0.819524 -0.857515
-0.817527 -0.857312
-0.815531 -0.85713
-0.813535 -0.856969
-0.811538 -0.856828
-0.809542 -0.856707
-0.807545 -0.856606
-0.805549 -0.856526
-0.803553 -0.856466
-0.801556 -0.856427
-0.79956 -0.856408
-0.797563 -0.85641
-0.795567 -0.856431
-0.793571 -0.856474
-0.791574 -0.856536
-0.789578 -0.856619
-0.787581 -0.856722
-0.785585 -0.856846
-0.783589 -0.85699
-0.781592 -0.857134
-0.779596 -0.85714
-0.777599 -0.857144
-0.775603 -0.857148
-0.773607 -0.85715
-0.77161 -0.857152
-0.769614 -0.857153
-0.767617 -0.857152
-0.765621 -0.857151
-0.763625 -0.857148
-0.761628 -0.857145
-0.759632 -0.85714
-0.757635 -0.857135
-0.755639 -0.857129
-0.753643 -0.857121
-0.751646 -0.857113
-0.74965 -0.857103
-0.747653 -0.857093
-0.745657 -0.857082
-0.74366 -0.857069
-0.741664 -0.857056
-0.739668 -0.857042
-0.737671 -0.857026
-0.735675 -0.85701
-0.733678 -0.856993
-0.731682 -0.856974
-0.729686 -0.856955
-0.727689 -0.856935
-0.725693 -0.856914
-0.723696 -0.856891
-0.7217 -0.856868
-0.719704 -0.856844
-0.717707 -0.856819
-0.715711 -0.856792
-0.713714 -0.856765
-0.711718 -0.856737
-0.709722 -0.856708
-0.707725 -0.856677
-0.705729 -0.856646
-0.703732 -0.856614
-0.701736 -0.856581
-0.69974 -0.856547
-0.697743 -0.856512
-0.695747 -0.856476
-0.69375 -0.856438
-0.691754 -0.8564
-0.689758 -0.856361
-0.687761 -0.856321
-0.685765 -0.85628
-0.683768 -0.856238
-0.681772 -0.856195
-0.679776 -0.856151
-0.677779 -0.856106
-0.675783 -0.85606
-0.673786 -0.856013
-0.67179 -0.855965
-0.669794 -0.855916
-0.667797 -0.855866
-0.665801 -0.855815
-0.663804 -0.855763
-0.661808 -0.85571
-0.659812 -0.855656
-0.657815 -0.855601
-0.655819 -0.855545
-0.653822 -0.855488
-0.651826 -0.85543
-0.649829 -0.855371
-0.647833 -0.855311
-0.645837 -0.85525
-0.64384 -0.855188
-0.641844 -0.855125
-0.639847 -0.855061
-0.637851 -0.854997
-0.635855 -0.854931
-0.633858 -0.854864
-0.631862 -0.854796
-0.629865 -0.854727
-0.627869 -0.854657
-0.625873 -0.854586
-0.623876 -0.854515
-0.62188 -0.854442
-0.619883 -0.854368
-0.617887 -0.854293
-0.615891 -0.854217
-0.613894 -0.854141
-0.611898 -0.854063
-0.609901 -0.853984
-0.607905 -0.853904
-0.605909 -0.853824
-0.603912 -0.853742
-0.601916 -0.853659
-0.599919 -0.853576
-0.597923 -0.853491
-0.595927 -0.853405
-0.59393 -0.853319
-0.591934 -0.853231
-0.589937 -0.853142
-0.587941 -0.853053
-0.585945 -0.852962
-0.583948 -0.85287
-0.581952 -0.852778
-0.579955 -0.852684
-0.577959 -0.852589
-0.575963 -0.852494
-0.573966 -0.852397
-0.57197 -0.8523
-0.569973 -0.852201
-0.567977 -0.852102
-0.565981 -0.852001
-0.563984 -0.851899
-0.561988 -0.851774
-0.559991 -0.851632
-0.557995 -0.851484
-0.555999 -0.85133
-0.554002 -0.851172
-0.552006 -0.851007
-0.550009 -0.850837
-0.548013 -0.850661
-0.546016 -0.85048
-0.54402 -0.850293
-0.542024 -0.850101
-0.540027 -0.849903
-0.538031 -0.849699
-0.536034 -0.84949
-0.534038 -0.849276
-0.532042 -0.849055
-0.530045 -0.848829
-0.528049 -0.848598
-0.526052 -0.848361
-0.524056 -0.848118
-0.52206 -0.84787
-0.520063 -0.847616
-0.518067 -0.847357
-0.51607 -0.847092
-0.514074 -0.846821
-0.512078 -0.846545
-0.510081 -0.846264
-0.508085 -0.845976
-0.506088 -0.845683
-0.504092 -0.845385
-0.502096 -0.845081
-0.500099 -0.844771
-0.498103 -0.844456
-0.496106 -0.844135
-0.49411 -0.843809
-0.492114 -0.843477
-0.490117 -0.84314
-0.488121 -0.842797
-0.486124 -0.842448
-0.484128 -0.842094
-0.482132 -0.841734
-0.480135 -0.841368
-0.478139 -0.840997
-0.476142 -0.840621
-0.474146 -0.840239
-0.47215 -0.839851
-0.470153 -0.839458
-0.468157 -0.839059
-0.46616 -0.838654
-0.464164 -0.838244
-0.462168 -0.837829
-0.460171 -0.837407
-0.458175 -0.83698
-0.456178 -0.836548
-0.454182 -0.83611
-0.452186 -0.835667
-0.450189 -0.835217
-0.448193 -0.834763
-0.446196 -0.834302
-0.4442 -0.833837
-0.442203 -0.833365
-0.440207 -0.832888
-0.438211 -0.832405
-0.436214 -0.831917
-0.434218 -0.831423
-0.432221 -0.830924
-0.430225 -0.830419
-0.428229 -0.829909
-0.426232 -0.829392
-0.424236 -0.828871
-0.422239 -0.828343
-0.420243 -0.827811
-0.418247 -0.827272
-0.41625 -0.826728
-0.414254 -0.826178
-0.412257 -0.825623
-0.410261 -0.825063
-0.408265 -0.824496
-0.406268 -0.823924
-0.404272 -0.823347
-0.402275 -0.822764
-0.400279 -0.822175
-0.398283 -0.821581
-0.396286 -0.820981
-0.39429 -0.820375
-0.392293 -0.819764
-0.390297 -0.819148
-0.388301 -0.818526
-0.386304 -0.817898
-0.384308 -0.817265
-0.382311 -0.816626
-0.380315 -0.815981
-0.378319 -0.815331
-0.376322 -0.814676
-0.374326 -0.814014
-0.372329 -0.813347
-0.370333 -0.812675
-0.368337 -0.811997
-0.36634 -0.811314
-0.364344 -0.810624
-0.362347 -0.80993
-0.360351 -0.809229
-0.358355 -0.808523
-0.356358 -0.807812
-0.354362 -0.807095
-0.352365 -0.806372
-0.350369 -0.805644
-0.348372 -0.80491
-0.346376 -0.804171
-0.34438 -0.803426
-0.342383 -0.802675
-0.340387 -0.801919
-0.33839 -0.801158
-0.336394 -0.80039
-0.334398 -0.799618
-0.332401 -0.798839
-0.330405 -0.798055
-0.328408 -0.797265
-0.326412 -0.79647
-0.324416 -0.795669
-0.322419 -0.794863
-0.320423 -0.794051
-0.318426 -0.793234
-0.31643 -0.792411
-0.314434 -0.791582
-0.312437 -0.790748
-0.310441 -0.789908
-0.308444 -0.789062
-0.306448 -0.788211
-0.304452 -0.787355
-0.302455 -0.786493
-0.300459 -0.785625
-0.298462 -0.784752
-0.296466 -0.783873
-0.29447 -0.782987
-0.292473 -0.782087
-0.290477 -0.781179
-0.28848 -0.780264
-0.286484 -0.779342
-0.284488 -0.778413
-0.282491 -0.777476
-0.280495 -0.776532
-0.278498 -0.77558
-0.276502 -0.774621
-0.274506 -0.773655
-0.272509 -0.772681
-0.270513 -0.7717
-0.268516 -0.770712
-0.26652 -0.769716
-0.264524 -0.768713
-0.262527 -0.767703
-0.260531 -0.766685
-0.258534 -0.76566
-0.256538 -0.764628
-0.254542 -0.763588
-0.252545 -0.762541
-0.250549 -0.761486
-0.248552 -0.760424
-0.246556 -0.759355
-0.244559 -0.758279
-0.242563 -0.757195
-0.240567 -0.756103
-0.23857 -0.755005
-0.236574 -0.753899
-0.234577 -0.752786
-0.232581 -0.751665
-0.230585 -0.750537
-0.228588 -0.749402
-0.226592 -0.748259
-0.224595 -0.747109
-0.222599 -0.745952
-0.220603 -0.744787
-0.218606 -0.743615
-0.21661 -0.742435
-0.214613 -0.741248
-0.212617 -0.740054
-0.210621 -0.738853
-0.208624 -0.737644
-0.206628 -0.736428
-0.204631 -0.735204
-0.202635 -0.733973
-0.200639 -0.732735
-0.198642 -0.731489
-0.196646 -0.730236
-0.194649 -0.728976
-0.192653 -0.727708
-0.190657 -0.726433
-0.18866 -0.725151
-0.186664 -0.723861
-0.184667 -0.722564
-0.182671 -0.72126
-0.180675 -0.719948
-0.178678 -0.718629
-0.176682 -0.717302
-0.174685 -0.715969
-0.172689 -0.714627
-0.170693 -0.713279
-0.168696 -0.711923
-0.1667 -0.71056
-0.164703 -0.709189
-0.162707 -0.707811
-0.160711 -0.706426
-0.158714 -0.705033
-0.156718 -0.703633
-0.154721 -0.702226
-0.152725 -0.700811
-0.150729 -0.699389
-0.148732 -0.69796
-0.146736 -0.696523
-0.144739 -0.695079
-0.142743 -0.693628
-0.140746 -0.692169
-0.13875 -0.690703
-0.136754 -0.689229
-0.134757 -0.687748
-0.132761 -0.68626
-0.130764 -0.684765
-0.128768 -0.683262
-0.126772 -0.681751
-0.124775 -0.680234
-0.122779 -0.678709
-0.120782 -0.677176
-0.118786 -0.675637
-0.11679 -0.67409
-0.114793 -0.672535
-0.112797 -0.670974
-0.1108 -0.669405
-0.108804 -0.667828
-0.106808 -0.666245
-0.104811 -0.664653
-0.102815 -0.663055
-0.100818 -0.661449
-0.098822 -0.659836
-0.0968256 -0.658215
-0.0948292 -0.656588
-0.0928328 -0.654952
-0.0908364 -0.65331
-0.08884 -0.65166
-0.0868436 -0.650003
-0.0848472 -0.648338
-0.0828508 -0.646666
-0.0808544 -0.644987
-0.078858 -0.6433
-0.0768616 -0.641606
-0.0748651 -0.639905
-0.0728687 -0.638196
-0.0708723 -0.63648
-0.0688759 -0.634756
-0.0668795 -0.633026
-0.0648831 -0.631287
-0.0628867 -0.629542
-0.0608903 -0.627789
-0.0588939 -0.626029
-0.0568975 -0.624261
-0.0549011 -0.622486
-0.0529047 -0.620704
-0.0509083 -0.618915
-0.0489119 -0.617118
-0.0469155 -0.615313
-0.0449191 -0.613502
-0.0429227 -0.611683
-0.0409263 -0.609856
-0.0389299 -0.608023
-0.0369335 -0.606182
-0.0349371 -0.604333
-0.0329407 -0.602478
-0.0309443 -0.600614
-0.0289479 -0.598744
-0.0269515 -0.596866
-0.024955 -0.594981
-0.0229586 -0.593089
-0.0209622 -0.591189
-0.0189658 -0.589281
-0.0169694 -0.587367
-0.014973 -0.585445
-0.0129766 -0.583516
-0.0109802 -0.581579
-0.00898382 -0.579635
-0.00698741 -0.577684
-0.00499101 -0.575725
-0.00299461 -0.573759
-0.000998202 -0.571786
0.000998202 -0.569805
0.00299461 -0.567816
0.00499101 -0.565818
0.00698741 -0.563811
0.00898382 -0.561796
0.0109802 -0.559772
0.0129766 -0.55774
0.014973 -0.555699
0.0169694 -0.55365
0.0189658 -0.551592
0.0209622 -0.549525
0.0229586 -0.54745
0.024955 -0.545366
0.0269515 -0.543274
0.0289479 -0.541173
0.0309443 -0.539063
0.0329407 -0.536945
0.0349371 -0.534818
0.0369335 -0.532683
0.0389299 -0.530539
0.0409263 -0.528386
0.0429227 -0.526225
0.0449191 -0.524055
0.0469155 -0.521877
0.0489119 -0.51969
0.0509083 -0.517495
0.0529047 -0.515291
0.0549011 -0.513078
0.0568975 -0.510857
0.0588939 -0.508627
0.0608903 -0.506388
0.0628867 -0.504141
0.0648831 -0.501886
0.0668795 -0.499621
0.0688759 -0.497349
0.0708723 -0.495067
0.0728687 -0.492777
0.0748651 -0.490478
0.0768616 -0.488171
0.078858 -0.485856
0.0808544 -0.483531
0.0828508 -0.481198
0.0848472 -0.478857
0.0868436 -0.476506
0.08884 -0.474148
0.0908364 -0.47178
0.0928328 -0.469404
0.0948292 -0.46702
0.0968256 -0.464627
0.098822 -0.462225
0.100818 -0.459815
0.102815 -0.457396
0.104811 -0.454968
0.106808 -0.452532
0.108804 -0.450088
0.1108 -0.447634
0.112797 -0.445173
0.114793 -0.442702
0.11679 -0.440223
0.118786 -0.437736
0.120782 -0.435239
0.122779 -0.432735
0.124775 -0.430221
0.126772 -0.427699
0.128768 -0.425169
0.130764 -0.422629
0.132761 -0.420082
0.134757 -0.417525
0.136754 -0.41496
0.13875 -0.412387
0.140746 -0.409805
0.142743 -0.407214
0.144739 -0.404615
0.146736 -0.402007
0.148732 -0.39939
0.150729 -0.396765
0.152725 -0.394132
0.154721 -0.391489
0.156718 -0.388838
0.158714 -0.386179
0.160711 -0.383511
0.162707 -0.380834
0.164703 -0.378149
0.1667 -0.375455
0.168696 -0.372753
0.170693 -0.370042
0.172689 -0.367322
0.174685 -0.364594
0.176682 -0.361857
0.178678 -0.359112
0.180675 -0.356358
0.182671 -0.353596
0.184667 -0.350824
0.186664 -0.348045
0.18866 -0.345256
0.190657 -0.342459
0.192653 -0.339654
0.194649 -0.33684
0.196646 -0.334017
0.198642 -0.331186
0.200639 -0.328346
0.202635 -0.325498
0.204631 -0.322641
0.206628 -0.319775
0.208624 -0.316901
0.210621 -0.314018
0.212617 -0.311126
0.214613 -0.308226
0.21661 -0.305318
0.218606 -0.302401
0.220603 -0.299475
0.222599 -0.29654
0.224595 -0.293598
0.226592 -0.290646
0.228588 -0.287686
0.230585 -0.284717
0.232581 -0.28174
0.234577 -0.278754
0.236574 -0.275759
0.23857 -0.272756
0.240567 -0.269745
0.242563 -0.266724
0.244559 -0.263695
0.246556 -0.260658
0.248552 -0.257612
0.250549 -0.254557
0.252545 -0.251494
0.254542 -0.248422
0.256538 -0.245342
0.258534 -0.242253
0.260531 -0.239155
0.262527 -0.236049
0.264524 -0.232934
0.26652 -0.229811
0.268516 -0.226679
0.270513 -0.223538
0.272509 -0.220389
0.274506 -0.217231
0.276502 -0.214065
0.278498 -0.21089
0.280495 -0.207706
0.282491 -0.204514
0.284488 -0.201314
0.286484 -0.198104
0.28848 -0.194886
0.290477 -0.19166
0.292473 -0.188425
0.29447 -0.185181
0.296466 -0.181936
0.298462 -0.178682
0.300459 -0.175417
0.302455 -0.172142
0.304452 -0.168856
0.306448 -0.165561
0.308444 -0.162254
0.310441 -0.158938
0.312437 -0.155611
0.314434 -0.152274
0.31643 -0.148926
0.318426 -0.145568
0.320423 -0.1422
0.322419 -0.138821
0.324416 -0.135432
0.326412 -0.132033
0.328408 -0.128623
0.330405 -0.125203
0.332401 -0.121772
0.334398 -0.118332
0.336394 -0.11488
0.33839 -0.111419
0.340387 -0.107947
0.342383 -0.104465
0.34438 -0.100972
0.346376 -0.0974689
0.348372 -0.0939555
0.350369 -0.0904318
0.352365 -0.0868977
0.354362 -0.0833532
0.356358 -0.0797984
0.358355 -0.0762332
0.360351 -0.0726577
0.362347 -0.0690718
0.364344 -0.0654755
0.36634 -0.0618689
0.368337 -0.0582519
0.370333 -0.0546246
0.372329 -0.0509869
0.374326 -0.0473388
0.376322 -0.0436804
0.378319 -0.0400116
0.380315 -0.0363325
0.382311 -0.032643
0.384308 -0.0289431
0.386304 -0.0252329
0.388301 -0.0215123
0.390297 -0.0177813
0.392293 -0.01404
0.39429 -0.0102883
0.396286 -0.00652628
0.398283 -0.00275388
0.400279 0.00102888
0.402275 0.004822
0.404272 0.00862548
0.406268 0.0124393
0.408265 0.0162635
0.410261 0.0200981
0.412257 0.023943
0.414254 0.0277983
0.41625 0.0316639
0.418247 0.03554
0.420243 0.0394263
0.422239 0.0433231
0.424236 0.0472301
0.426232 0.0511476
0.428229 0.0550754
0.430225 0.0590136
0.432221 0.0629621
0.434218 0.066921
0.436214 0.0708903
0.438211 0.0748699
0.440207 0.0788599
0.442203 0.0828602
0.4442 0.0868709
0.446196 0.090892
0.448193 0.0949234
0.450189 0.0989652
0.452186 0.103017
0.454182 0.10708
0.456178 0.111153
0.458175 0.115236
0.460171 0.11933
0.462168 0.123433
0.464164 0.127548
0.46616 0.131672
0.468157 0.135808
0.470153 0.139953
0.47215 0.144109
0.474146 0.148275
0.476142 0.152451
0.478139 0.156638
0.480135 0.160835
0.482132 0.165043
0.484128 0.169261
0.486124 0.173489
0.488121 0.177728
0.490117 0.181977
0.492114 0.186236
0.49411 0.190506
0.496106 0.194786
0.498103 0.199076
0.500099 0.203377
0.502096 0.207688
0.504092 0.21201
0.506088 0.216342
0.508085 0.220684
0.510081 0.225037
0.512078 0.2294
0.514074 0.233773
0.51607 0.238157
0.518067 0.242551
0.520063 0.246955
0.52206 0.25137
0.524056 0.255795
0.526052 0.260231
0.528049 0.264676
0.530045 0.269133
0.532042 0.273599
0.534038 0.278076
0.536034 0.282564
0.538031 0.287061
0.540027 0.291569
0.542024 0.296088
0.54402 0.300616
0.546016 0.305155
0.548013 0.309705
0.550009 0.314265
0.552006 0.318835
0.554002 0.323416
0.555999 0.328006
0.557995 0.332608
0.559991 0.337219
0.561988 0.341841
0.563984 0.346463
0.565981 0.351076
0.567977 0.355704
0.569973 0.360348
0.57197 0.365006
0.573966 0.369679
0.575963 0.374367
0.577959 0.37907
0.579955 0.383788
0.581952 0.388521
0.583948 0.393269
0.585945 0.398031
0.587941 0.402809
0.589937 0.407602
0.591934 0.412409
0.59393 0.417232
0.595927 0.42207
0.597923 0.426922
0.599919 0.431789
0.601916 0.436672
0.603912 0.441569
0.605909 0.446482
0.607905 0.451409
0.609901 0.456351
0.611898 0.461308
0.613894 0.46628
0.615891 0.471267
0.617887 0.476269
0.619883 0.481286
0.62188 0.486318
0.623876 0.491365
0.625873 0.496427
0.627869 0.501504
0.629865 0.506595
0.631862 0.511702
0.633858 0.516824
0.635855 0.52196
0.637851 0.527112
0.639847 0.532278
0.641844 0.53746
0.64384 0.542656
0.645837 0.547867
0.647833 0.553094
0.649829 0.558335
0.651826 0.563591
0.653822 0.568862
0.655819 0.574148
0.657815 0.579449
0.659812 0.584765
0.661808 0.590096
0.663804 0.595442
0.665801 0.600803
0.667797 0.606179
0.669794 0.61157
0.67179 0.616975
0.673786 0.622396
0.675783 0.627832
0.677779 0.633282
0.679776 0.638748
0.681772 0.644228
0.683768 0.649724
0.685765 0.655234
0.687761 0.660759
0.689758 0.6663
0.691754 0.671855
0.69375 0.677425
0.695747 0.68301
0.697743 0.68861
0.69974 0.694225
0.701736 0.699855
0.703732 0.7055
0.705729 0.71116
0.707725 0.716835
0.709722 0.722525
0.711718 0.728229
0.713714 0.733949
0.715711 0.739684
0.717707 0.745433
0.719704 0.751198
0.7217 0.756977
0.723696 0.762772
0.725693 0.768581
0.727689 0.774405
0.729686 0.780245
0.731682 0.786099
0.733678 0.791968
0.735675 0.797852
0.737671 0.803751
0.739668 0.809665
0.741664 0.815594
0.74366 0.821538
0.745657 0.827497
0.747653 0.833471
0.74965 0.83946
0.751646 0.845464
0.753643 0.851483
0.755639 0.857516
0.757635 0.863565
0.759632 0.869628
0.761628 0.875707
0.763625 0.8818
0.765621 0.887909
0.767617 0.894032
0.769614 0.90017
0.77161 0.906324
0.773607 0.912492
0.775603 0.918675
0.777599 0.924873
0.779596 0.931086
0.781592 0.937314
0.783589 0.94342
0.785585 0.949541
0.787581 0.955699
0.789578 0.961892
0.791574 0.968123
0.793571 0.974389
0.795567 0.980692
0.797563 0.987032
0.79956 0.993407
0.801556 0.999819
0.803553 1.00627
0.805549 1.01275
0.807545 1.01927
0.809542 1.02583
0.811538 1.03242
0.813535 1.03905
0.815531 1.04572
0.817527 1.05242
0.819524 1.05916
0.82152 1.06594
0.823517 1.07275
0.825513 1.0796
0.827509 1.08648
0.829506 1.0934
0.831502 1.10036
0.833499 1.10735
0.835495 1.11438
0.837491 1.12144
0.839488 1.12855
0.841484 1.13568
0.843481 1.14286
0.845477 1.15007
0.847473 1.15732
0.84947 1.1646
0.851466 1.17192
0.853463 1.17928
0.855459 1.18667
0.857456 1.1941
0.859452 1.20156
0.861448 1.20907
0.863445 1.2166
0.865441 1.22418
0.867438 1.23179
0.869434 1.23943
0.87143 1.24712
0.873427 1.25484
0.875423 1.26259
0.87742 1.27039
0.879416 1.27821
0.881412 1.28608
0.883409 1.29398
0.885405 1.30192
0.887402 1.30989
0.889398 1.3179
0.891394 1.32595
0.893391 1.33403
0.895387 1.34215
0.897384 1.3503
0.89938 1.3585
0.901376 1.36672
0.903373 1.37499
0.905369 1.38329
0.907366 1.39163
0.909362 1.4
0.911358 1.40841
0.913355 1.41685
0.915351 1.42534
0.917348 1.43386
0.919344 1.44241
0.92134 1.451
0.923337 1.45963
0.925333 1.46829
0.92733 1.47699
0.929326 1.48573
0.931322 1.49391
0.933319 1.5003
0.935315 1.50709
0.937312 1.51429
0.939308 1.5219
0.941304 1.52992
0.943301 1.53835
0.945297 1.54718
0.947294 1.55641
0.94929 1.56606
0.951286 1.57611
0.953283 1.58657
0.955279 1.59743
0.957276 1.60871
0.959272 1.62039
0.961269 1.63247
0.963265 1.64497
0.965261 1.65787
0.967258 1.67117
0.969254 1.68489
0.971251 1.69901
0.973247 1.71354
0.975243 1.72847
0.97724 1.74381
0.979236 1.75956
0.981233 1.77572
0.983229 1.79228
0.985225 1.80925
0.987222 1.82663
0.989218 1.84441
0.991215 1.8626
0.993211 1.8812
0.995207 1.9002
0.997204 1.91962
