-0.998716 -1.09349
-0.996717 -1.0761
-0.994718 -1.05909
-0.992718 -1.04284
-0.990719 -1.02771
-0.988719 -1.01409
-0.98672 -1.0023
-0.98472 -0.992263
-0.982721 -0.983794
-0.980722 -0.976696
-0.978722 -0.970776
-0.976723 -0.965838
-0.974723 -0.961688
-0.972724 -0.95813
-0.970724 -0.954969
-0.968725 -0.952012
-0.966726 -0.949074
-0.964726 -0.94609
-0.962727 -0.943072
-0.960727 -0.940033
-0.958728 -0.936984
-0.956728 -0.933937
-0.954729 -0.930906
-0.95273 -0.927902
-0.95073 -0.924938
-0.948731 -0.922027
-0.946731 -0.91918
-0.944732 -0.916409
-0.942732 -0.913728
-0.940733 -0.911148
-0.938734 -0.908683
-0.936734 -0.906343
-0.934735 -0.904132
-0.932735 -0.902044
-0.930736 -0.900074
-0.928736 -0.898217
-0.926737 -0.896466
-0.924737 -0.894815
-0.922738 -0.89326
-0.920739 -0.891793
-0.918739 -0.89041
-0.91674 -0.889105
-0.91474 -0.887871
-0.912741 -0.886704
-0.910741 -0.885597
-0.908742 -0.884544
-0.906743 -0.883541
-0.904743 -0.882581
-0.902744 -0.881658
-0.900744 -0.880767
-0.898745 -0.879902
-0.896745 -0.879057
-0.894746 -0.87823
-0.892747 -0.87742
-0.890747 -0.876628
-0.888748 -0.875853
-0.886748 -0.875096
-0.884749 -0.874357
-0.882749 -0.873635
-0.88075 -0.87293
-0.878751 -0.872243
-0.876751 -0.871574
-0.874752 -0.870922
-0.872752 -0.870287
-0.870753 -0.86967
-0.868753 -0.869071
-0.866754 -0.868489
-0.864755 -0.867924
-0.862755 -0.867378
-0.860756 -0.866848
-0.858756 -0.866336
-0.856757 -0.865842
-0.854757 -0.865365
-0.852758 -0.864906
-0.850758 -0.864464
-0.848759 -0.86404
-0.84676 -0.863633
-0.84476 -0.863244
-0.842761 -0.862871
-0.840761 -0.862514
-0.838762 -0.862173
-0.836762 -0.861847
-0.834763 -0.861536
-0.832764 -0.86124
-0.830764 -0.860957
-0.828765 -0.860688
-0.826765 -0.860432
-0.824766 -0.860189
-0.822766 -0.859957
-0.820767 -0.859738
-0.818768 -0.85953
-0.816768 -0.859332
-0.814769 -0.859145
-0.812769 -0.858968
-0.81077 -0.8588
-0.80877 -0.858642
-0.806771 -0.858491
-0.804772 -0.85835
-0.802772 -0.858215
-0.800773 -0.858088
-0.798773 -0.857968
-0.796774 -0.857854
-0.794774 -0.857746
-0.792775 -0.857643
-0.790776 -0.857545
-0.788776 -0.857452
-0.786777 -0.857364
-0.784777 -0.857279
-0.782778 -0.857199
-0.780778 -0.857123
-0.778779 -0.857051
-0.776779 -0.856982
-0.77478 -0.856918
-0.772781 -0.856857
-0.770781 -0.8568
-0.768782 -0.856746
-0.766782 -0.856695
-0.764783 -0.856648
-0.762783 -0.856604
-0.760784 -0.856563
-0.758785 -0.856524
-0.756785 -0.856489
-0.754786 -0.856456
-0.752786 -0.856425
-0.750787 -0.856397
-0.748787 -0.856372
-0.746788 -0.856348
-0.744789 -0.856327
-0.742789 -0.856307
-0.74079 -0.85629
-0.73879 -0.856274
-0.736791 -0.85626
-0.734791 -0.856248
-0.732792 -0.856237
-0.730793 -0.856227
-0.728793 -0.856219
-0.726794 -0.856212
-0.724794 -0.856205
-0.722795 -0.8562
-0.720795 -0.856195
-0.718796 -0.856192
-0.716797 -0.856188
-0.714797 -0.856186
-0.712798 -0.856183
-0.710798 -0.856182
-0.708799 -0.85618
-0.706799 -0.856179
-0.7048 -0.856178
-0.7028 -0.856177
-0.700801 -0.856176
-0.698802 -0.856175
-0.696802 -0.856173
-0.694803 -0.856172
-0.692803 -0.85617
-0.690804 -0.856167
-0.688804 -0.856164
-0.686805 -0.85616
-0.684806 -0.856156
-0.682806 -0.856151
-0.680807 -0.856145
-0.678807 -0.856138
-0.676808 -0.85613
-0.674808 -0.856121
-0.672809 -0.856111
-0.67081 -0.856099
-0.66881 -0.856086
-0.666811 -0.856072
-0.664811 -0.856056
-0.662812 -0.856038
-0.660812 -0.856019
-0.658813 -0.855998
-0.656814 -0.855975
-0.654814 -0.85595
-0.652815 -0.855923
-0.650815 -0.855894
-0.648816 -0.855862
-0.646816 -0.855829
-0.644817 -0.855793
-0.642818 -0.855755
-0.640818 -0.855714
-0.638819 -0.855671
-0.636819 -0.855626
-0.63482 -0.855578
-0.63282 -0.855528
-0.630821 -0.855474
-0.628821 -0.855419
-0.626822 -0.85536
-0.624823 -0.855299
-0.622823 -0.855235
-0.620824 -0.855169
-0.618824 -0.855099
-0.616825 -0.855027
-0.614825 -0.854952
-0.612826 -0.854873
-0.610827 -0.854792
-0.608827 -0.854708
-0.606828 -0.85462
-0.604828 -0.85453
-0.602829 -0.854436
-0.600829 -0.854339
-0.59883 -0.854238
-0.596831 -0.854135
-0.594831 -0.854028
-0.592832 -0.853917
-0.590832 -0.853804
-0.588833 -0.853686
-0.586833 -0.853565
-0.584834 -0.853441
-0.582835 -0.853313
-0.580835 -0.853181
-0.578836 -0.853046
-0.576836 -0.852907
-0.574837 -0.852764
-0.572837 -0.852617
-0.570838 -0.852466
-0.568839 -0.852312
-0.566839 -0.852153
-0.56484 -0.851991
-0.56284 -0.851824
-0.560841 -0.851654
-0.558841 -0.851479
-0.556842 -0.851301
-0.554842 -0.851118
-0.552843 -0.850931
-0.550844 -0.85074
-0.548844 -0.850545
-0.546845 -0.850345
-0.544845 -0.850142
-0.542846 -0.849934
-0.540846 -0.849721
-0.538847 -0.849505
-0.536848 -0.849284
-0.534848 -0.849058
-0.532849 -0.848828
-0.530849 -0.848594
-0.52885 -0.848355
-0.52685 -0.848112
-0.524851 -0.847864
-0.522852 -0.847612
-0.520852 -0.847355
-0.518853 -0.847093
-0.516853 -0.846827
-0.514854 -0.846556
-0.512854 -0.84628
-0.510855 -0.846
-0.508856 -0.845715
-0.506856 -0.845425
-0.504857 -0.84513
-0.502857 -0.84483
-0.500858 -0.844526
-0.498858 -0.844216
-0.496859 -0.843902
-0.49486 -0.843583
-0.49286 -0.843258
-0.490861 -0.842929
-0.488861 -0.842595
-0.486862 -0.842255
-0.484862 -0.841911
-0.482863 -0.841561
-0.480863 -0.841206
-0.478864 -0.840846
-0.476865 -0.840481
-0.474865 -0.84011
-0.472866 -0.839735
-0.470866 -0.839354
-0.468867 -0.838968
-0.466867 -0.838576
-0.464868 -0.838179
-0.462869 -0.837777
-0.460869 -0.83737
-0.45887 -0.836957
-0.45687 -0.836539
-0.454871 -0.836115
-0.452871 -0.835686
-0.450872 -0.835252
-0.448873 -0.834812
-0.446873 -0.834367
-0.444874 -0.833916
-0.442874 -0.833459
-0.440875 -0.832998
-0.438875 -0.83253
-0.436876 -0.832057
-0.434877 -0.831579
-0.432877 -0.831094
-0.430878 -0.830605
-0.428878 -0.830109
-0.426879 -0.829608
-0.424879 -0.829101
-0.42288 -0.828589
-0.420881 -0.828071
-0.418881 -0.827547
-0.416882 -0.827017
-0.414882 -0.826482
-0.412883 -0.82594
-0.410883 -0.825393
-0.408884 -0.824841
-0.406884 -0.824282
-0.404885 -0.823717
-0.402886 -0.823147
-0.400886 -0.82257
-0.398887 -0.821988
-0.396887 -0.8214
-0.394888 -0.820806
-0.392888 -0.820206
-0.390889 -0.819599
-0.38889 -0.818987
-0.38689 -0.818369
-0.384891 -0.817745
-0.382891 -0.817115
-0.380892 -0.816478
-0.378892 -0.815836
-0.376893 -0.815187
-0.374894 -0.814533
-0.372894 -0.813872
-0.370895 -0.813205
-0.368895 -0.812532
-0.366896 -0.811853
-0.364896 -0.811168
-0.362897 -0.810476
-0.360898 -0.809778
-0.358898 -0.809075
-0.356899 -0.808364
-0.354899 -0.807648
-0.3529 -0.806925
-0.3509 -0.806197
-0.348901 -0.805461
-0.346902 -0.80472
-0.344902 -0.803972
-0.342903 -0.803218
-0.340903 -0.802458
-0.338904 -0.801691
-0.336904 -0.800918
-0.334905 -0.800138
-0.332905 -0.799352
-0.330906 -0.79856
-0.328907 -0.797761
-0.326907 -0.796956
-0.324908 -0.796145
-0.322908 -0.795327
-0.320909 -0.794502
-0.318909 -0.793671
-0.31691 -0.792834
-0.314911 -0.79199
-0.312911 -0.791139
-0.310912 -0.790282
-0.308912 -0.789418
-0.306913 -0.788548
-0.304913 -0.787672
-0.302914 -0.786788
-0.300915 -0.785898
-0.298915 -0.785002
-0.296916 -0.784098
-0.294916 -0.783189
-0.292917 -0.782272
-0.290917 -0.781349
-0.288918 -0.780419
-0.286919 -0.779483
-0.284919 -0.778539
-0.28292 -0.777589
-0.28092 -0.776633
-0.278921 -0.775669
-0.276921 -0.774699
-0.274922 -0.773722
-0.272923 -0.772739
-0.270923 -0.771748
-0.268924 -0.770751
-0.266924 -0.769747
-0.264925 -0.768737
-0.262925 -0.767719
-0.260926 -0.766695
-0.258926 -0.765663
-0.256927 -0.764625
-0.254928 -0.76358
-0.252928 -0.762529
-0.250929 -0.76147
-0.248929 -0.760404
-0.24693 -0.759332
-0.24493 -0.758253
-0.242931 -0.757166
-0.240932 -0.756073
-0.238932 -0.754973
-0.236933 -0.753866
-0.234933 -0.752752
-0.232934 -0.751631
-0.230934 -0.750503
-0.228935 -0.749368
-0.226936 -0.748226
-0.224936 -0.747077
-0.222937 -0.745921
-0.220937 -0.744758
-0.218938 -0.743588
-0.216938 -0.742411
-0.214939 -0.741227
-0.21294 -0.740035
-0.21094 -0.738837
-0.208941 -0.737632
-0.206941 -0.736419
-0.204942 -0.735199
-0.202942 -0.733973
-0.200943 -0.732739
-0.198944 -0.731498
-0.196944 -0.730249
-0.194945 -0.728994
-0.192945 -0.727731
-0.190946 -0.726462
-0.188946 -0.725185
-0.186947 -0.7239
-0.184947 -0.722609
-0.182948 -0.721311
-0.180949 -0.720005
-0.178949 -0.718692
-0.17695 -0.717371
-0.17495 -0.716044
-0.172951 -0.714709
-0.170951 -0.713367
-0.168952 -0.712018
-0.166953 -0.710661
-0.164953 -0.709297
-0.162954 -0.707926
-0.160954 -0.706547
-0.158955 -0.705161
-0.156955 -0.703768
-0.154956 -0.702368
-0.152957 -0.70096
-0.150957 -0.699544
-0.148958 -0.698122
-0.146958 -0.696692
-0.144959 -0.695254
-0.142959 -0.693809
-0.14096 -0.692357
-0.138961 -0.690898
-0.136961 -0.689431
-0.134962 -0.687956
-0.132962 -0.686474
-0.130963 -0.684985
-0.128963 -0.683488
-0.126964 -0.681984
-0.124965 -0.680472
-0.122965 -0.678953
-0.120966 -0.677426
-0.118966 -0.675892
-0.116967 -0.67435
-0.114967 -0.672801
-0.112968 -0.671244
-0.110968 -0.66968
-0.108969 -0.668108
-0.10697 -0.666528
-0.10497 -0.664941
-0.102971 -0.663347
-0.100971 -0.661745
-0.0989719 -0.660135
-0.0969725 -0.658518
-0.094973 -0.656893
-0.0929736 -0.65526
-0.0909742 -0.65362
-0.0889747 -0.651972
-0.0869753 -0.650317
-0.0849759 -0.648654
-0.0829764 -0.646983
-0.080977 -0.645305
-0.0789776 -0.643619
-0.0769781 -0.641925
-0.0749787 -0.640224
-0.0729793 -0.638515
-0.0709799 -0.636798
-0.0689804 -0.635073
-0.066981 -0.633341
-0.0649816 -0.631601
-0.0629821 -0.629853
-0.0609827 -0.628098
-0.0589833 -0.626335
-0.0569838 -0.624564
-0.0549844 -0.622785
-0.052985 -0.620999
-0.0509855 -0.619204
-0.0489861 -0.617402
-0.0469867 -0.615592
-0.0449872 -0.613775
-0.0429878 -0.611949
-0.0409884 -0.610116
-0.0389889 -0.608275
-0.0369895 -0.606426
-0.0349901 -0.604569
-0.0329906 -0.602704
-0.0309912 -0.600832
-0.0289918 -0.598952
-0.0269923 -0.597063
-0.0249929 -0.595167
-0.0229935 -0.593263
-0.020994 -0.591351
-0.0189946 -0.589431
-0.0169952 -0.587503
-0.0149957 -0.585568
-0.0129963 -0.583624
-0.0109969 -0.581672
-0.00899745 -0.579713
-0.00699801 -0.577745
-0.00499858 -0.57577
-0.00299915 -0.573786
-0.000999716 -0.571795
0.000999716 -0.569796
0.00299915 -0.567788
0.00499858 -0.565773
0.00699801 -0.563749
0.00899745 -0.561718
0.0109969 -0.559678
0.0129963 -0.557631
0.0149957 -0.555575
0.0169952 -0.553512
0.0189946 -0.55144
0.020994 -0.54936
0.0229935 -0.547272
0.0249929 -0.545176
0.0269923 -0.543072
0.0289918 -0.54096
0.0309912 -0.53884
0.0329906 -0.536711
0.0349901 -0.534575
0.0369895 -0.53243
0.0389889 -0.530278
0.0409884 -0.528117
0.0429878 -0.525947
0.0449872 -0.52377
0.0469867 -0.521585
0.0489861 -0.519391
0.0509855 -0.517189
0.052985 -0.514979
0.0549844 -0.512761
0.0569838 -0.510535
0.0589833 -0.5083
0.0609827 -0.506057
0.0629821 -0.503806
0.0649816 -0.501546
0.066981 -0.499279
0.0689804 -0.497003
0.0709799 -0.494719
0.0729793 -0.492426
0.0749787 -0.490125
0.0769781 -0.487816
0.0789776 -0.485499
0.080977 -0.483173
0.0829764 -0.480839
0.0849759 -0.478497
0.0869753 -0.476146
0.0889747 -0.473787
0.0909742 -0.47142
0.0929736 -0.469044
0.094973 -0.46666
0.0969725 -0.464268
0.0989719 -0.461867
0.100971 -0.459457
0.102971 -0.45704
0.10497 -0.454614
0.10697 -0.452179
0.108969 -0.449736
0.110968 -0.447285
0.112968 -0.444825
0.114967 -0.442357
0.116967 -0.43988
0.118966 -0.437395
0.120966 -0.434901
0.122965 -0.432399
0.124965 -0.429888
0.126964 -0.427369
0.128963 -0.424841
0.130963 -0.422305
0.132962 -0.419761
0.134962 -0.417207
0.136961 -0.414645
0.138961 -0.412075
0.14096 -0.409496
0.142959 -0.406908
0.144959 -0.404312
0.146958 -0.401708
0.148958 -0.399094
0.150957 -0.396472
0.152957 -0.393842
0.154956 -0.391202
0.156955 -0.388555
0.158955 -0.385898
0.160954 -0.383233
0.162954 -0.380559
0.164953 -0.377877
0.166953 -0.375185
0.168952 -0.372485
0.170951 -0.369777
0.172951 -0.36706
0.17495 -0.364334
0.17695 -0.361599
0.178949 -0.358855
0.180949 -0.356103
0.182948 -0.353342
0.184947 -0.350572
0.186947 -0.347794
0.188946 -0.345007
0.190946 -0.34221
0.192945 -0.339406
0.194945 -0.336592
0.196944 -0.333769
0.198944 -0.330938
0.200943 -0.328098
0.202942 -0.325249
0.204942 -0.322391
0.206941 -0.319524
0.208941 -0.316649
0.21094 -0.313764
0.21294 -0.310871
0.214939 -0.307968
0.216938 -0.305057
0.218938 -0.302137
0.220937 -0.299208
0.222937 -0.29627
0.224936 -0.293323
0.226936 -0.290367
0.228935 -0.287402
0.230934 -0.284428
0.232934 -0.281445
0.234933 -0.278453
0.236933 -0.275452
0.238932 -0.272442
0.240932 -0.269423
0.242931 -0.266395
0.24493 -0.263358
0.24693 -0.260312
0.248929 -0.257257
0.250929 -0.254192
0.252928 -0.251119
0.254928 -0.248036
0.256927 -0.244944
0.258926 -0.241843
0.260926 -0.238733
0.262925 -0.235614
0.264925 -0.232486
0.266924 -0.229348
0.268924 -0.226201
0.270923 -0.223046
0.272923 -0.21988
0.274922 -0.216706
0.276921 -0.213522
0.278921 -0.21033
0.28092 -0.207127
0.28292 -0.203916
0.284919 -0.200695
0.286919 -0.197466
0.288918 -0.194226
0.290917 -0.190978
0.292917 -0.18772
0.294916 -0.184453
0.296916 -0.181176
0.298915 -0.17789
0.300915 -0.174595
0.302914 -0.171291
0.304913 -0.167977
0.306913 -0.164653
0.308912 -0.161321
0.310912 -0.157978
0.312911 -0.154627
0.314911 -0.151266
0.31691 -0.147895
0.318909 -0.144515
0.320909 -0.141125
0.322908 -0.137726
0.324908 -0.134318
0.326907 -0.1309
0.328907 -0.127472
0.330906 -0.124035
0.332905 -0.120588
0.334905 -0.117132
0.336904 -0.113666
0.338904 -0.11019
0.340903 -0.106705
0.342903 -0.10321
0.344902 -0.0997056
0.346902 -0.0961914
0.348901 -0.0926675
0.3509 -0.0891339
0.3529 -0.0855906
0.354899 -0.0820376
0.356899 -0.0784749
0.358898 -0.0749024
0.360898 -0.0713201
0.362897 -0.067728
0.364896 -0.0641262
0.366896 -0.0605145
0.368895 -0.0568931
0.370895 -0.0532618
0.372894 -0.0496206
0.374894 -0.0459696
0.376893 -0.0423087
0.378892 -0.0386379
0.380892 -0.0349572
0.382891 -0.0312666
0.384891 -0.0275661
0.38689 -0.0238556
0.38889 -0.0201352
0.390889 -0.0164048
0.392888 -0.0126644
0.394888 -0.00891404
0.396887 -0.00515364
0.398887 -0.00138322
0.400886 0.00239726
0.402886 0.0061878
0.404885 0.00998844
0.406884 0.0137992
0.408884 0.01762
0.410883 0.021451
0.412883 0.0252922
0.414882 0.0291436
0.416882 0.0330051
0.418881 0.0368769
0.420881 0.0407589
0.42288 0.0446512
0.424879 0.0485537
0.426879 0.0524666
0.428878 0.0563897
0.430878 0.0603232
0.432877 0.064267
0.434877 0.0682212
0.436876 0.0721858
0.438875 0.0761608
0.440875 0.0801462
0.442874 0.0841421
0.444874 0.0881484
0.446873 0.0921652
0.448873 0.0961925
0.450872 0.10023
0.452871 0.104279
0.454871 0.108338
0.45687 0.112407
0.45887 0.116487
0.460869 0.120578
0.462869 0.124679
0.464868 0.128791
0.466867 0.132914
0.468867 0.137047
0.470866 0.141191
0.472866 0.145346
0.474865 0.149512
0.476865 0.153688
0.478864 0.157875
0.480863 0.162073
0.482863 0.166281
0.484862 0.170501
0.486862 0.174731
0.488861 0.178973
0.490861 0.183225
0.49286 0.187488
0.49486 0.191762
0.496859 0.196047
0.498858 0.200343
0.500858 0.20465
0.502857 0.208969
0.504857 0.213298
0.506856 0.217638
0.508856 0.22199
0.510855 0.226353
0.512854 0.230727
0.514854 0.235112
0.516853 0.239509
0.518853 0.243917
0.520852 0.248336
0.522852 0.252767
0.524851 0.257209
0.52685 0.261662
0.52885 0.266127
0.530849 0.270603
0.532849 0.275091
0.534848 0.279591
0.536848 0.284102
0.538847 0.288624
0.540846 0.293159
0.542846 0.297704
0.544845 0.302262
0.546845 0.306831
0.548844 0.311412
0.550844 0.316005
0.552843 0.320609
0.554842 0.325226
0.556842 0.329854
0.558841 0.334494
0.560841 0.339146
0.56284 0.34381
0.56484 0.348486
0.566839 0.353174
0.568839 0.357874
0.570838 0.362586
0.572837 0.36731
0.574837 0.372046
0.576836 0.376794
0.578836 0.381555
0.580835 0.386327
0.582835 0.391113
0.584834 0.39591
0.586833 0.40072
0.588833 0.405542
0.590832 0.410377
0.592832 0.415224
0.594831 0.420083
0.596831 0.424956
0.59883 0.429841
0.600829 0.434738
0.602829 0.439648
0.604828 0.444571
0.606828 0.449507
0.608827 0.454456
0.610827 0.459418
0.612826 0.464392
0.614825 0.46938
0.616825 0.47438
0.618824 0.479394
0.620824 0.48442
0.622823 0.48946
0.624823 0.494513
0.626822 0.49958
0.628821 0.504659
0.630821 0.509752
0.63282 0.514858
0.63482 0.519978
0.636819 0.525111
0.638819 0.530257
0.640818 0.535417
0.642818 0.540591
0.644817 0.545778
0.646816 0.550979
0.648816 0.556194
0.650815 0.561422
0.652815 0.566664
0.654814 0.57192
0.656814 0.57719
0.658813 0.582474
0.660812 0.587772
0.662812 0.593085
0.664811 0.598411
0.666811 0.603752
0.66881 0.609107
0.67081 0.614477
0.672809 0.619862
0.674808 0.625261
0.676808 0.630675
0.678807 0.636104
0.680807 0.641548
0.682806 0.647007
0.684806 0.652481
0.686805 0.65797
0.688804 0.663475
0.690804 0.668994
0.692803 0.67453
0.694803 0.680081
0.696802 0.685647
0.698802 0.691229
0.700801 0.696827
0.7028 0.702441
0.7048 0.708071
0.706799 0.713717
0.708799 0.719379
0.710798 0.725057
0.712798 0.730752
0.714797 0.736463
0.716797 0.74219
0.718796 0.747934
0.720795 0.753695
0.722795 0.759472
0.724794 0.765266
0.726794 0.771077
0.728793 0.776905
0.730793 0.78275
0.732792 0.788613
0.734791 0.794492
0.736791 0.800389
0.73879 0.806304
0.74079 0.812236
0.742789 0.818186
0.744789 0.824154
0.746788 0.83014
0.748787 0.836144
0.750787 0.842166
0.752786 0.848207
0.754786 0.854266
0.756785 0.860344
0.758785 0.86644
0.760784 0.872555
0.762783 0.878689
0.764783 0.884841
0.766782 0.891013
0.768782 0.897204
0.770781 0.903415
0.772781 0.909644
0.77478 0.915894
0.776779 0.922163
0.778779 0.928451
0.780778 0.93476
0.782778 0.941089
0.784777 0.947437
0.786777 0.953806
0.788776 0.960195
0.790776 0.966605
0.792775 0.973035
0.794774 0.979486
0.796774 0.985958
0.798773 0.992452
0.800773 0.998969
0.802772 1.00551
0.804772 1.01207
0.806771 1.01866
0.80877 1.02527
0.81077 1.0319
0.812769 1.03856
0.814769 1.04525
0.816768 1.05196
0.818768 1.0587
0.820767 1.06546
0.822766 1.07225
0.824766 1.07907
0.826765 1.08592
0.828765 1.0928
0.830764 1.0997
0.832764 1.10664
0.834763 1.1136
0.836762 1.1206
0.838762 1.12762
0.840761 1.13468
0.842761 1.14177
0.84476 1.14889
0.84676 1.15604
0.848759 1.16323
0.850758 1.17045
0.852758 1.17771
0.854757 1.18499
0.856757 1.19231
0.858756 1.19967
0.860756 1.20706
0.862755 1.21448
0.864755 1.22193
0.866754 1.22942
0.868753 1.23694
0.870753 1.2445
0.872752 1.25209
0.874752 1.25971
0.876751 1.26737
0.878751 1.27506
0.88075 1.28278
0.882749 1.29054
0.884749 1.29833
0.886748 1.30615
0.888748 1.31401
0.890747 1.3219
0.892747 1.32982
0.894746 1.33778
0.896745 1.34577
0.898745 1.35379
0.900744 1.36185
0.902744 1.36996
0.904743 1.37811
0.906743 1.38631
0.908742 1.39457
0.910741 1.4029
0.912741 1.4113
0.91474 1.41978
0.91674 1.42833
0.918739 1.43698
0.920739 1.44572
0.922738 1.45456
0.924737 1.4635
0.926737 1.47255
0.928736 1.48172
0.930736 1.49102
0.932735 1.50044
0.934735 1.51
0.936734 1.51969
0.938734 1.52953
0.940733 1.53951
0.942732 1.54963
0.944732 1.55986
0.946731 1.57019
0.948731 1.58062
0.95073 1.59113
0.95273 1.6017
0.954729 1.61234
0.956728 1.62301
0.958728 1.63372
0.960727 1.64444
0.962727 1.65517
0.964726 1.66589
0.966726 1.6766
0.968725 1.68727
0.970724 1.69798
0.972724 1.70891
0.974723 1.72026
0.976723 1.73221
0.978722 1.74496
0.980722 1.75872
0.982721 1.77367
0.98472 1.79001
0.98672 1.80793
0.988719 1.82763
0.990719 1.84918
0.992718 1.87224
0.994718 1.89645
0.996717 1.92142
0.998716 1.94676
