-0.997204 -1.07238
-0.995207 -1.06181
-0.993211 -1.0513
-0.991215 -1.04089
-0.989218 -1.03064
-0.987222 -1.02061
-0.985225 -1.01084
-0.983229 -1.00139
-0.981233 -0.99232
-0.979236 -0.98367
-0.97724 -0.975501
-0.975243 -0.967863
-0.973247 -0.960804
-0.971251 -0.954315
-0.969254 -0.948368
-0.967258 -0.942937
-0.965261 -0.937992
-0.963265 -0.933506
-0.961269 -0.92945
-0.959272 -0.925798
-0.957276 -0.92252
-0.955279 -0.919589
-0.953283 -0.916976
-0.951286 -0.914655
-0.94929 -0.912597
-0.947294 -0.910773
-0.945297 -0.909156
-0.943301 -0.907719
-0.941304 -0.906432
-0.939308 -0.905268
-0.937312 -0.904199
-0.935315 -0.903197
-0.933319 -0.902235
-0.931322 -0.901283
-0.929326 -0.900316
-0.92733 -0.899328
-0.925333 -0.89832
-0.923337 -0.897294
-0.92134 -0.896251
-0.919344 -0.895194
-0.917348 -0.894124
-0.915351 -0.893043
-0.913355 -0.891953
-0.911358 -0.890855
-0.909362 -0.889752
-0.907366 -0.888646
-0.905369 -0.887538
-0.903373 -0.886429
-0.901376 -0.885322
-0.89938 -0.884219
-0.897384 -0.883122
-0.895387 -0.882031
-0.893391 -0.88095
-0.891394 -0.879879
-0.889398 -0.878821
-0.887402 -0.877778
-0.885405 -0.876751
-0.883409 -0.875741
-0.881412 -0.874752
-0.879416 -0.873785
-0.87742 -0.872841
-0.875423 -0.871922
-0.873427 -0.871031
-0.87143 -0.870169
-0.869434 -0.869337
-0.867438 -0.868538
-0.865441 -0.867774
-0.863445 -0.867045
-0.861448 -0.86635
-0.859452 -0.865689
-0.857456 -0.865061
-0.855459 -0.864465
-0.853463 -0.863901
-0.851466 -0.863366
-0.84947 -0.862862
-0.847473 -0.862385
-0.845477 -0.861937
-0.843481 -0.861515
-0.841484 -0.86112
-0.839488 -0.86075
-0.837491 -0.860404
-0.835495 -0.860081
-0.833499 -0.859781
-0.831502 -0.859503
-0.829506 -0.859246
-0.827509 -0.859009
-0.825513 -0.858791
-0.823517 -0.858592
-0.82152 -0.85841
-0.819524 -0.858245
-0.817527 -0.858095
-0.815531 -0.857961
-0.813535 -0.857841
-0.811538 -0.857733
-0.809542 -0.857639
-0.807545 -0.857555
-0.805549 -0.857483
-0.803553 -0.85742
-0.801556 -0.857366
-0.79956 -0.85732
-0.797563 -0.857282
-0.795567 -0.85725
-0.793571 -0.857223
-0.791574 -0.857201
-0.789578 -0.857183
-0.787581 -0.857168
-0.785585 -0.857155
-0.783589 -0.857144
-0.781592 -0.857132
-0.779596 -0.857121
-0.777599 -0.857109
-0.775603 -0.857097
-0.773607 -0.857084
-0.77161 -0.857071
-0.769614 -0.857058
-0.767617 -0.857045
-0.765621 -0.857031
-0.763625 -0.857017
-0.761628 -0.857002
-0.759632 -0.856987
-0.757635 -0.856972
-0.755639 -0.856957
-0.753643 -0.856941
-0.751646 -0.856925
-0.74965 -0.856908
-0.747653 -0.856892
-0.745657 -0.856874
-0.74366 -0.856857
-0.741664 -0.856839
-0.739668 -0.856822
-0.737671 -0.856803
-0.735675 -0.856785
-0.733678 -0.856766
-0.731682 -0.856747
-0.729686 -0.856727
-0.727689 -0.856708
-0.725693 -0.856688
-0.723696 -0.856667
-0.7217 -0.856647
-0.719704 -0.856626
-0.717707 -0.856605
-0.715711 -0.856584
-0.713714 -0.856562
-0.711718 -0.85654
-0.709722 -0.856518
-0.707725 -0.856495
-0.705729 -0.856473
-0.703732 -0.85645
-0.701736 -0.856426
-0.69974 -0.856403
-0.697743 -0.856379
-0.695747 -0.856355
-0.69375 -0.856331
-0.691754 -0.856306
-0.689758 -0.856282
-0.687761 -0.856257
-0.685765 -0.856232
-0.683768 -0.856206
-0.681772 -0.85618
-0.679776 -0.856154
-0.677779 -0.856128
-0.675783 -0.856102
-0.673786 -0.856075
-0.67179 -0.856048
-0.669794 -0.85602
-0.667797 -0.855991
-0.665801 -0.855962
-0.663804 -0.855932
-0.661808 -0.855901
-0.659812 -0.85587
-0.657815 -0.855837
-0.655819 -0.855804
-0.653822 -0.855769
-0.651826 -0.855733
-0.649829 -0.855696
-0.647833 -0.855658
-0.645837 -0.855618
-0.64384 -0.855577
-0.641844 -0.855534
-0.639847 -0.85549
-0.637851 -0.855444
-0.635855 -0.855396
-0.633858 -0.855346
-0.631862 -0.855295
-0.629865 -0.855241
-0.627869 -0.855186
-0.625873 -0.855128
-0.623876 -0.855069
-0.62188 -0.855007
-0.619883 -0.854943
-0.617887 -0.854876
-0.615891 -0.854807
-0.613894 -0.854735
-0.611898 -0.854661
-0.609901 -0.854584
-0.607905 -0.854505
-0.605909 -0.854422
-0.603912 -0.854337
-0.601916 -0.854249
-0.599919 -0.854158
-0.597923 -0.854063
-0.595927 -0.853966
-0.59393 -0.853865
-0.591934 -0.853761
-0.589937 -0.853654
-0.587941 -0.853543
-0.585945 -0.853429
-0.583948 -0.853311
-0.581952 -0.853189
-0.579955 -0.853064
-0.577959 -0.852935
-0.575963 -0.852802
-0.573966 -0.852665
-0.57197 -0.852524
-0.569973 -0.852379
-0.567977 -0.85223
-0.565981 -0.852077
-0.563984 -0.851919
-0.561988 -0.851757
-0.559991 -0.85159
-0.557995 -0.851419
-0.555999 -0.851244
-0.554002 -0.851064
-0.552006 -0.85088
-0.550009 -0.850691
-0.548013 -0.850498
-0.546016 -0.8503
-0.54402 -0.850098
-0.542024 -0.849891
-0.540027 -0.84968
-0.538031 -0.849464
-0.536034 -0.849243
-0.534038 -0.849017
-0.532042 -0.848787
-0.530045 -0.848553
-0.528049 -0.848313
-0.526052 -0.848069
-0.524056 -0.84782
-0.52206 -0.847567
-0.520063 -0.847308
-0.518067 -0.847045
-0.51607 -0.846777
-0.514074 -0.846504
-0.512078 -0.846227
-0.510081 -0.845944
-0.508085 -0.845657
-0.506088 -0.845364
-0.504092 -0.845067
-0.502096 -0.844765
-0.500099 -0.844458
-0.498103 -0.844146
-0.496106 -0.843829
-0.49411 -0.843506
-0.492114 -0.843179
-0.490117 -0.842847
-0.488121 -0.84251
-0.486124 -0.842168
-0.484128 -0.84182
-0.482132 -0.841468
-0.480135 -0.84111
-0.478139 -0.840747
-0.476142 -0.840379
-0.474146 -0.840006
-0.47215 -0.839627
-0.470153 -0.839244
-0.468157 -0.838855
-0.46616 -0.83846
-0.464164 -0.838061
-0.462168 -0.837656
-0.460171 -0.837246
-0.458175 -0.83683
-0.456178 -0.83641
-0.454182 -0.835983
-0.452186 -0.835552
-0.450189 -0.835115
-0.448193 -0.834672
-0.446196 -0.834224
-0.4442 -0.833771
-0.442203 -0.833312
-0.440207 -0.832848
-0.438211 -0.832378
-0.436214 -0.831902
-0.434218 -0.831421
-0.432221 -0.830935
-0.430225 -0.830442
-0.428229 -0.829945
-0.426232 -0.829441
-0.424236 -0.828932
-0.422239 -0.828417
-0.420243 -0.827897
-0.418247 -0.827371
-0.41625 -0.826839
-0.414254 -0.826301
-0.412257 -0.825758
-0.410261 -0.825209
-0.408265 -0.824654
-0.406268 -0.824093
-0.404272 -0.823527
-0.402275 -0.822955
-0.400279 -0.822377
-0.398283 -0.821793
-0.396286 -0.821203
-0.39429 -0.820607
-0.392293 -0.820006
-0.390297 -0.819398
-0.388301 -0.818785
-0.386304 -0.818165
-0.384308 -0.81754
-0.382311 -0.816909
-0.380315 -0.816272
-0.378319 -0.815628
-0.376322 -0.814979
-0.374326 -0.814324
-0.372329 -0.813662
-0.370333 -0.812995
-0.368337 -0.812322
-0.36634 -0.811642
-0.364344 -0.810956
-0.362347 -0.810264
-0.360351 -0.809566
-0.358355 -0.808862
-0.356358 -0.808152
-0.354362 -0.807435
-0.352365 -0.806713
-0.350369 -0.805984
-0.348372 -0.805249
-0.346376 -0.804507
-0.34438 -0.803759
-0.342383 -0.803005
-0.340387 -0.802245
-0.33839 -0.801479
-0.336394 -0.800706
-0.334398 -0.799926
-0.332401 -0.799141
-0.330405 -0.798349
-0.328408 -0.79755
-0.326412 -0.796746
-0.324416 -0.795934
-0.322419 -0.795117
-0.320423 -0.794293
-0.318426 -0.793462
-0.31643 -0.792625
-0.314434 -0.791781
-0.312437 -0.790931
-0.310441 -0.790075
-0.308444 -0.789211
-0.306448 -0.788342
-0.304452 -0.787465
-0.302455 -0.786582
-0.300459 -0.785693
-0.298462 -0.784797
-0.296466 -0.783894
-0.29447 -0.782985
-0.292473 -0.782068
-0.290477 -0.781146
-0.28848 -0.780216
-0.286484 -0.77928
-0.284488 -0.778337
-0.282491 -0.777387
-0.280495 -0.776431
-0.278498 -0.775468
-0.276502 -0.774498
-0.274506 -0.773522
-0.272509 -0.772538
-0.270513 -0.771548
-0.268516 -0.770551
-0.26652 -0.769548
-0.264524 -0.768537
-0.262527 -0.76752
-0.260531 -0.766496
-0.258534 -0.765465
-0.256538 -0.764427
-0.254542 -0.763382
-0.252545 -0.762331
-0.250549 -0.761272
-0.248552 -0.760207
-0.246556 -0.759135
-0.244559 -0.758056
-0.242563 -0.75697
-0.240567 -0.755877
-0.23857 -0.754777
-0.236574 -0.75367
-0.234577 -0.752556
-0.232581 -0.751436
-0.230585 -0.750308
-0.228588 -0.749174
-0.226592 -0.748032
-0.224595 -0.746883
-0.222599 -0.745728
-0.220603 -0.744565
-0.218606 -0.743396
-0.21661 -0.742219
-0.214613 -0.741035
-0.212617 -0.739845
-0.210621 -0.738647
-0.208624 -0.737442
-0.206628 -0.73623
-0.204631 -0.735011
-0.202635 -0.733785
-0.200639 -0.732551
-0.198642 -0.731311
-0.196646 -0.730064
-0.194649 -0.728809
-0.192653 -0.727547
-0.190657 -0.726278
-0.18866 -0.725002
-0.186664 -0.723719
-0.184667 -0.722428
-0.182671 -0.721131
-0.180675 -0.719826
-0.178678 -0.718514
-0.176682 -0.717195
-0.174685 -0.715868
-0.172689 -0.714534
-0.170693 -0.713193
-0.168696 -0.711845
-0.1667 -0.71049
-0.164703 -0.709127
-0.162707 -0.707757
-0.160711 -0.706379
-0.158714 -0.704995
-0.156718 -0.703603
-0.154721 -0.702203
-0.152725 -0.700796
-0.150729 -0.699382
-0.148732 -0.697961
-0.146736 -0.696532
-0.144739 -0.695096
-0.142743 -0.693653
-0.140746 -0.692202
-0.13875 -0.690744
-0.136754 -0.689278
-0.134757 -0.687805
-0.132761 -0.686324
-0.130764 -0.684836
-0.128768 -0.683341
-0.126772 -0.681838
-0.124775 -0.680328
-0.122779 -0.67881
-0.120782 -0.677285
-0.118786 -0.675752
-0.11679 -0.674212
-0.114793 -0.672664
-0.112797 -0.671109
-0.1108 -0.669546
-0.108804 -0.667976
-0.106808 -0.666398
-0.104811 -0.664813
-0.102815 -0.66322
-0.100818 -0.66162
-0.098822 -0.660012
-0.0968256 -0.658397
-0.0948292 -0.656773
-0.0928328 -0.655143
-0.0908364 -0.653505
-0.08884 -0.651859
-0.0868436 -0.650205
-0.0848472 -0.648544
-0.0828508 -0.646876
-0.0808544 -0.645199
-0.078858 -0.643515
-0.0768616 -0.641824
-0.0748651 -0.640124
-0.0728687 -0.638417
-0.0708723 -0.636703
-0.0688759 -0.63498
-0.0668795 -0.63325
-0.0648831 -0.631513
-0.0628867 -0.629767
-0.0608903 -0.628014
-0.0588939 -0.626253
-0.0568975 -0.624485
-0.0549011 -0.622709
-0.0529047 -0.620925
-0.0509083 -0.619133
-0.0489119 -0.617333
-0.0469155 -0.615526
-0.0449191 -0.613711
-0.0429227 -0.611888
-0.0409263 -0.610057
-0.0389299 -0.608219
-0.0369335 -0.606372
-0.0349371 -0.604518
-0.0329407 -0.602656
-0.0309443 -0.600786
-0.0289479 -0.598909
-0.0269515 -0.597023
-0.024955 -0.59513
-0.0229586 -0.593229
-0.0209622 -0.59132
-0.0189658 -0.589403
-0.0169694 -0.587478
-0.014973 -0.585545
-0.0129766 -0.583604
-0.0109802 -0.581656
-0.00898382 -0.579699
-0.00698741 -0.577735
-0.00499101 -0.575762
-0.00299461 -0.573782
-0.000998202 -0.571793
0.000998202 -0.569797
0.00299461 -0.567793
0.00499101 -0.565781
0.00698741 -0.56376
0.00898382 -0.561732
0.0109802 -0.559696
0.0129766 -0.557652
0.014973 -0.555599
0.0169694 -0.553539
0.0189658 -0.551471
0.0209622 -0.549394
0.0229586 -0.54731
0.024955 -0.545217
0.0269515 -0.543117
0.0289479 -0.541008
0.0309443 -0.538891
0.0329407 -0.536766
0.0349371 -0.534633
0.0369335 -0.532492
0.0389299 -0.530343
0.0409263 -0.528186
0.0429227 -0.52602
0.0449191 -0.523846
0.0469155 -0.521665
0.0489119 -0.519475
0.0509083 -0.517277
0.0529047 -0.51507
0.0549011 -0.512856
0.0568975 -0.510633
0.0588939 -0.508402
0.0608903 -0.506163
0.0628867 -0.503916
0.0648831 -0.50166
0.0668795 -0.499396
0.0688759 -0.497124
0.0708723 -0.494844
0.0728687 -0.492556
0.0748651 -0.490259
0.0768616 -0.487954
0.078858 -0.48564
0.0808544 -0.483319
0.0828508 -0.480989
0.0848472 -0.47865
0.0868436 -0.476304
0.08884 -0.473949
0.0908364 -0.471586
0.0928328 -0.469214
0.0948292 -0.466834
0.0968256 -0.464446
0.098822 -0.462049
0.100818 -0.459644
0.102815 -0.457231
0.104811 -0.454809
0.106808 -0.452379
0.108804 -0.44994
0.1108 -0.447493
0.112797 -0.445037
0.114793 -0.442573
0.11679 -0.440101
0.118786 -0.43762
0.120782 -0.435131
0.122779 -0.432633
0.124775 -0.430127
0.126772 -0.427613
0.128768 -0.425089
0.130764 -0.422558
0.132761 -0.420018
0.134757 -0.417469
0.136754 -0.414912
0.13875 -0.412346
0.140746 -0.409772
0.142743 -0.407189
0.144739 -0.404598
0.146736 -0.401998
0.148732 -0.399389
0.150729 -0.396772
0.152725 -0.394146
0.154721 -0.391512
0.156718 -0.388869
0.158714 -0.386218
0.160711 -0.383558
0.162707 -0.380889
0.164703 -0.378212
0.1667 -0.375526
0.168696 -0.372831
0.170693 -0.370127
0.172689 -0.367415
0.174685 -0.364695
0.176682 -0.361965
0.178678 -0.359227
0.180675 -0.35648
0.182671 -0.353724
0.184667 -0.35096
0.186664 -0.348187
0.18866 -0.345405
0.190657 -0.342615
0.192653 -0.339815
0.194649 -0.337007
0.196646 -0.33419
0.198642 -0.331364
0.200639 -0.328529
0.202635 -0.325686
0.204631 -0.322834
0.206628 -0.319973
0.208624 -0.317103
0.210621 -0.314224
0.212617 -0.311336
0.214613 -0.30844
0.21661 -0.305534
0.218606 -0.30262
0.220603 -0.299696
0.222599 -0.296764
0.224595 -0.293823
0.226592 -0.290873
0.228588 -0.287914
0.230585 -0.284946
0.232581 -0.281969
0.234577 -0.278983
0.236574 -0.275988
0.23857 -0.272984
0.240567 -0.269971
0.242563 -0.266949
0.244559 -0.263918
0.246556 -0.260878
0.248552 -0.257829
0.250549 -0.254771
0.252545 -0.251704
0.254542 -0.248628
0.256538 -0.245542
0.258534 -0.242448
0.260531 -0.239345
0.262527 -0.236232
0.264524 -0.23311
0.26652 -0.229979
0.268516 -0.226839
0.270513 -0.22369
0.272509 -0.220532
0.274506 -0.217364
0.276502 -0.214188
0.278498 -0.211002
0.280495 -0.207807
0.282491 -0.204603
0.284488 -0.201389
0.286484 -0.198167
0.28848 -0.194935
0.290477 -0.191694
0.292473 -0.188443
0.29447 -0.185183
0.296466 -0.181915
0.298462 -0.178636
0.300459 -0.175349
0.302455 -0.172052
0.304452 -0.168746
0.306448 -0.16543
0.308444 -0.162105
0.310441 -0.158771
0.312437 -0.155427
0.314434 -0.152074
0.31643 -0.148712
0.318426 -0.14534
0.320423 -0.141959
0.322419 -0.138568
0.324416 -0.135167
0.326412 -0.131758
0.328408 -0.128338
0.330405 -0.124909
0.332401 -0.121471
0.334398 -0.118023
0.336394 -0.114565
0.33839 -0.111098
0.340387 -0.107621
0.342383 -0.104135
0.34438 -0.100639
0.346376 -0.0971329
0.348372 -0.0936174
0.350369 -0.0900923
0.352365 -0.0865575
0.354362 -0.083013
0.356358 -0.0794587
0.358355 -0.0758946
0.360351 -0.0723209
0.362347 -0.0687373
0.364344 -0.0651439
0.36634 -0.0615407
0.368337 -0.0579277
0.370333 -0.0543048
0.372329 -0.0506721
0.374326 -0.0470294
0.376322 -0.0433769
0.378319 -0.0397145
0.380315 -0.0360422
0.382311 -0.0323599
0.384308 -0.0286677
0.386304 -0.0249655
0.388301 -0.0212533
0.390297 -0.0175311
0.392293 -0.0137989
0.39429 -0.0100567
0.396286 -0.00630439
0.398283 -0.00254204
0.400279 0.00123039
0.402275 0.00501291
0.404272 0.00880555
0.406268 0.0126083
0.408265 0.0164212
0.410261 0.0202443
0.412257 0.0240775
0.414254 0.0279209
0.41625 0.0317745
0.418247 0.0356384
0.420243 0.0395125
0.422239 0.0433968
0.424236 0.0472914
0.426232 0.0511963
0.428229 0.0551114
0.430225 0.0590369
0.432221 0.0629727
0.434218 0.0669189
0.436214 0.0708754
0.438211 0.0748423
0.440207 0.0788196
0.442203 0.0828073
0.4442 0.0868054
0.446196 0.090814
0.448193 0.0948331
0.450189 0.0988627
0.452186 0.102903
0.454182 0.106953
0.456178 0.111014
0.458175 0.115086
0.460171 0.119168
0.462168 0.123261
0.464164 0.127365
0.46616 0.131479
0.468157 0.135604
0.470153 0.139739
0.47215 0.143885
0.474146 0.148042
0.476142 0.15221
0.478139 0.156388
0.480135 0.160577
0.482132 0.164777
0.484128 0.168988
0.486124 0.173209
0.488121 0.177441
0.490117 0.181685
0.492114 0.185939
0.49411 0.190204
0.496106 0.194479
0.498103 0.198766
0.500099 0.203064
0.502096 0.207373
0.504092 0.211692
0.506088 0.216023
0.508085 0.220365
0.510081 0.224718
0.512078 0.229081
0.514074 0.233456
0.51607 0.237842
0.518067 0.242239
0.520063 0.246648
0.52206 0.251067
0.524056 0.255498
0.526052 0.259939
0.528049 0.264392
0.530045 0.268856
0.532042 0.273332
0.534038 0.277818
0.536034 0.282316
0.538031 0.286826
0.540027 0.291346
0.542024 0.295878
0.54402 0.300421
0.546016 0.304976
0.548013 0.309542
0.550009 0.314119
0.552006 0.318708
0.554002 0.323309
0.555999 0.32792
0.557995 0.332544
0.559991 0.337178
0.561988 0.341825
0.563984 0.346482
0.565981 0.351152
0.567977 0.355833
0.569973 0.360525
0.57197 0.36523
0.573966 0.369946
0.575963 0.374675
0.577959 0.379415
0.579955 0.384167
0.581952 0.388932
0.583948 0.393709
0.585945 0.398498
0.587941 0.403299
0.589937 0.408113
0.591934 0.412939
0.59393 0.417778
0.595927 0.422629
0.597923 0.427494
0.599919 0.432371
0.601916 0.43726
0.603912 0.442163
0.605909 0.447079
0.607905 0.452008
0.609901 0.45695
0.611898 0.461905
0.613894 0.466874
0.615891 0.471855
0.617887 0.476851
0.619883 0.481859
0.62188 0.486882
0.623876 0.491918
0.625873 0.496967
0.627869 0.502031
0.629865 0.507108
0.631862 0.512199
0.633858 0.517305
0.635855 0.522424
0.637851 0.527557
0.639847 0.532705
0.641844 0.537867
0.64384 0.543043
0.645837 0.548234
0.647833 0.553439
0.649829 0.558659
0.651826 0.563893
0.653822 0.569142
0.655819 0.574406
0.657815 0.579685
0.659812 0.584979
0.661808 0.590287
0.663804 0.595611
0.665801 0.60095
0.667797 0.606304
0.669794 0.611673
0.67179 0.617058
0.673786 0.622458
0.675783 0.627873
0.677779 0.633305
0.679776 0.638751
0.681772 0.644214
0.683768 0.649692
0.685765 0.655186
0.687761 0.660696
0.689758 0.666221
0.691754 0.671762
0.69375 0.677319
0.695747 0.682891
0.697743 0.688479
0.69974 0.694083
0.701736 0.699703
0.703732 0.705338
0.705729 0.710989
0.707725 0.716655
0.709722 0.722337
0.711718 0.728035
0.713714 0.733749
0.715711 0.739478
0.717707 0.745223
0.719704 0.750984
0.7217 0.75676
0.723696 0.762552
0.725693 0.768359
0.727689 0.774182
0.729686 0.780021
0.731682 0.785876
0.733678 0.791746
0.735675 0.797632
0.737671 0.803533
0.739668 0.80945
0.741664 0.815383
0.74366 0.821331
0.745657 0.827295
0.747653 0.833274
0.74965 0.839269
0.751646 0.84528
0.753643 0.851306
0.755639 0.857348
0.757635 0.863406
0.759632 0.869479
0.761628 0.875568
0.763625 0.881672
0.765621 0.887792
0.767617 0.893928
0.769614 0.900079
0.77161 0.906245
0.773607 0.912428
0.775603 0.918626
0.777599 0.924839
0.779596 0.931068
0.781592 0.937312
0.783589 0.943573
0.785585 0.949849
0.787581 0.956143
0.789578 0.962455
0.791574 0.968785
0.793571 0.975136
0.795567 0.981507
0.797563 0.987899
0.79956 0.994314
0.801556 1.00075
0.803553 1.00721
0.805549 1.0137
0.807545 1.02021
0.809542 1.02675
0.811538 1.03332
0.813535 1.03992
0.815531 1.04654
0.817527 1.05319
0.819524 1.05988
0.82152 1.0666
0.823517 1.07335
0.825513 1.08013
0.827509 1.08695
0.829506 1.0938
0.831502 1.10069
0.833499 1.10762
0.835495 1.11458
0.837491 1.12158
0.839488 1.12862
0.841484 1.13571
0.843481 1.14283
0.845477 1.15
0.847473 1.1572
0.84947 1.16446
0.851466 1.17175
0.853463 1.1791
0.855459 1.18649
0.857456 1.19392
0.859452 1.20141
0.861448 1.20894
0.863445 1.21652
0.865441 1.22416
0.867438 1.23184
0.869434 1.23958
0.87143 1.24736
0.873427 1.25519
0.875423 1.26307
0.87742 1.27099
0.879416 1.27895
0.881412 1.28695
0.883409 1.29499
0.885405 1.30306
0.887402 1.31117
0.889398 1.31931
0.891394 1.32748
0.893391 1.33568
0.895387 1.3439
0.897384 1.35215
0.89938 1.36043
0.901376 1.36872
0.903373 1.37703
0.905369 1.38537
0.907366 1.39371
0.909362 1.40207
0.911358 1.41044
0.913355 1.41883
0.915351 1.42722
0.917348 1.43561
0.919344 1.44401
0.92134 1.45242
0.923337 1.46082
0.925333 1.46923
0.92733 1.47763
0.929326 1.48602
0.931322 1.49441
0.933319 1.5028
0.935315 1.51122
0.937312 1.51969
0.939308 1.52825
0.941304 1.53691
0.943301 1.54572
0.945297 1.55469
0.947294 1.56386
0.94929 1.57325
0.951286 1.58289
0.953283 1.59281
0.955279 1.60304
0.957276 1.61361
0.959272 1.62454
0.961269 1.63586
0.963265 1.6476
0.965261 1.6598
0.967258 1.67247
0.969254 1.68564
0.971251 1.69935
0.973247 1.71362
0.975243 1.72847
0.97724 1.74393
0.979236 1.75993
0.981233 1.77643
0.983229 1.79336
0.985225 1.81069
0.987222 1.82834
0.989218 1.84626
0.991215 1.86441
0.993211 1.88272
0.995207 1.90114
0.997204 1.91962
