-0.92388 -0.89534
-0.92203 -0.888422
-0.92018 -0.88155
-0.918331 -0.874723
-0.916481 -0.867942
-0.914631 -0.861206
-0.912782 -0.854517
-0.910932 -0.847872
-0.909083 -0.841274
-0.907233 -0.834721
-0.905383 -0.828213
-0.903534 -0.821751
-0.901684 -0.815335
-0.899835 -0.808964
-0.897985 -0.802639
-0.896135 -0.79636
-0.894286 -0.790126
-0.892436 -0.783938
-0.890587 -0.777796
-0.888737 -0.771699
-0.886887 -0.765647
-0.885038 -0.759642
-0.883188 -0.753682
-0.881339 -0.747767
-0.879489 -0.741898
-0.877639 -0.736075
-0.87579 -0.730297
-0.87394 -0.724565
-0.87209 -0.718879
-0.870241 -0.713238
-0.868391 -0.707643
-0.866542 -0.702093
-0.864692 -0.696589
-0.862842 -0.691131
-0.860993 -0.685718
-0.859143 -0.680351
-0.857294 -0.67503
-0.855444 -0.669754
-0.853594 -0.664524
-0.851745 -0.659339
-0.849895 -0.6542
-0.848046 -0.649106
-0.846196 -0.644059
-0.844346 -0.639056
-0.842497 -0.6341
-0.840647 -0.629189
-0.838798 -0.624323
-0.836948 -0.619504
-0.835098 -0.614729
-0.833249 -0.610001
-0.831399 -0.605318
-0.829549 -0.600681
-0.8277 -0.596089
-0.82585 -0.591543
-0.824001 -0.587042
-0.822151 -0.582588
-0.820301 -0.578178
-0.818452 -0.573815
-0.816602 -0.569497
-0.814753 -0.565224
-0.812903 -0.560997
-0.811053 -0.556816
-0.809204 -0.552681
-0.807354 -0.548591
-0.805505 -0.544546
-0.803655 -0.540548
-0.801805 -0.536595
-0.799956 -0.532687
-0.798106 -0.528825
-0.796257 -0.525009
-0.794407 -0.521238
-0.792557 -0.517513
-0.790708 -0.513834
-0.788858 -0.5102
-0.787008 -0.506612
-0.785159 -0.503069
-0.783309 -0.499572
-0.78146 -0.496121
-0.77961 -0.492715
-0.77776 -0.489355
-0.775911 -0.48604
-0.774061 -0.482771
-0.772212 -0.479548
-0.770362 -0.47637
-0.768512 -0.473238
-0.766663 -0.470152
-0.764813 -0.467111
-0.762964 -0.464116
-0.761114 -0.461166
-0.759264 -0.458262
-0.757415 -0.455404
-0.755565 -0.452591
-0.753716 -0.449824
-0.751866 -0.447102
-0.750016 -0.444426
-0.748167 -0.441796
-0.746317 -0.439211
-0.744467 -0.436672
-0.742618 -0.434179
-0.740768 -0.431731
-0.738919 -0.429328
-0.737069 -0.426972
-0.735219 -0.424661
-0.73337 -0.422395
-0.73152 -0.420175
-0.729671 -0.418001
-0.727821 -0.415873
-0.725971 -0.41379
-0.724122 -0.411752
-0.722272 -0.409761
-0.720423 -0.407814
-0.718573 -0.405914
-0.716723 -0.404059
-0.714874 -0.40225
-0.713024 -0.400486
-0.711175 -0.398768
-0.709325 -0.397095
-0.707475 -0.395469
-0.705626 -0.393887
-0.703776 -0.392352
-0.701926 -0.390862
-0.700077 -0.389417
-0.698227 -0.388019
-0.696378 -0.386665
-0.694528 -0.385358
-0.692678 -0.384096
-0.690829 -0.38288
-0.688979 -0.381709
-0.68713 -0.380584
-0.68528 -0.379504
-0.68343 -0.37847
-0.681581 -0.377482
-0.679731 -0.376539
-0.677882 -0.375642
-0.676032 -0.374791
-0.674182 -0.373985
-0.672333 -0.373225
-0.670483 -0.37251
-0.668634 -0.371841
-0.666784 -0.371218
-0.664934 -0.37064
-0.663085 -0.370108
-0.661235 -0.369622
-0.659385 -0.369181
-0.657536 -0.368785
-0.655686 -0.368436
-0.653837 -0.368132
-0.651987 -0.367873
-0.650137 -0.36766
-0.648288 -0.367493
-0.646438 -0.367372
-0.644589 -0.367296
-0.642739 -0.367265
-0.640889 -0.36728
-0.63904 -0.367341
-0.63719 -0.367448
-0.635341 -0.3676
-0.633491 -0.367797
-0.631641 -0.368041
-0.629792 -0.36833
-0.627942 -0.368664
-0.626093 -0.369044
-0.624243 -0.36947
-0.622393 -0.369941
-0.620544 -0.370458
-0.618694 -0.371021
-0.616844 -0.371629
-0.614995 -0.372283
-0.613145 -0.372982
-0.611296 -0.373727
-0.609446 -0.374518
-0.607596 -0.375354
-0.605747 -0.376236
-0.603897 -0.377164
-0.602048 -0.378137
-0.600198 -0.379155
-0.598348 -0.38022
-0.596499 -0.38133
-0.594649 -0.382485
-0.5928 -0.383686
-0.59095 -0.384933
-0.5891 -0.386226
-0.587251 -0.387564
-0.585401 -0.388947
-0.583552 -0.390376
-0.581702 -0.391851
-0.579852 -0.393372
-0.578003 -0.394938
-0.576153 -0.396549
-0.574303 -0.398207
-0.572454 -0.39991
-0.570604 -0.401658
-0.568755 -0.403452
-0.566905 -0.405292
-0.565055 -0.407177
-0.563206 -0.409108
-0.561356 -0.411085
-0.559507 -0.413107
-0.557657 -0.415175
-0.555807 -0.417288
-0.553958 -0.419447
-0.552108 -0.421652
-0.550259 -0.423902
-0.548409 -0.426198
-0.546559 -0.42854
-0.54471 -0.430927
-0.54286 -0.43336
-0.541011 -0.435838
-0.539161 -0.438362
-0.537311 -0.440931
-0.535462 -0.443547
-0.533612 -0.446207
-0.531762 -0.448914
-0.529913 -0.451666
-0.528063 -0.454463
-0.526214 -0.457307
-0.524364 -0.460195
-0.522514 -0.46313
-0.520665 -0.46611
-0.518815 -0.469136
-0.516966 -0.472207
-0.515116 -0.475324
-0.513266 -0.478486
-0.511417 -0.481694
-0.509567 -0.484948
-0.507718 -0.488248
-0.505868 -0.491593
-0.504018 -0.494983
-0.502169 -0.498419
-0.500319 -0.501901
-0.49847 -0.505429
-0.49662 -0.509002
-0.49477 -0.51262
-0.492921 -0.516285
-0.491071 -0.519994
-0.489221 -0.52375
-0.487372 -0.527551
-0.485522 -0.531398
-0.483673 -0.53529
-0.481823 -0.539228
-0.479973 -0.543212
-0.478124 -0.547241
-0.476274 -0.551316
-0.474425 -0.555436
-0.472575 -0.559602
-0.470725 -0.563814
-0.468876 -0.568071
-0.467026 -0.572374
-0.465177 -0.576722
-0.463327 -0.581116
-0.461477 -0.585556
-0.459628 -0.590041
-0.457778 -0.594572
-0.455929 -0.599149
-0.454079 -0.603771
-0.452229 -0.608439
-0.45038 -0.613152
-0.44853 -0.617911
-0.44668 -0.622716
-0.444831 -0.627566
-0.442981 -0.632462
-0.441132 -0.637403
-0.439282 -0.64239
-0.437432 -0.647423
-0.435583 -0.652501
-0.433733 -0.657625
-0.431884 -0.662794
-0.430034 -0.668009
-0.428184 -0.67327
-0.426335 -0.678577
-0.424485 -0.683929
-0.422636 -0.689326
-0.420786 -0.694769
-0.418936 -0.700258
-0.417087 -0.705792
-0.415237 -0.711372
-0.413388 -0.716998
-0.411538 -0.722669
-0.409688 -0.728386
-0.407839 -0.734149
-0.405989 -0.739957
-0.404139 -0.74581
-0.40229 -0.75171
-0.40044 -0.757655
-0.398591 -0.763645
-0.396741 -0.769681
-0.394891 -0.775763
-0.393042 -0.78189
-0.391192 -0.788063
-0.389343 -0.794282
-0.387493 -0.800546
-0.385643 -0.806856
-0.383794 -0.813212
-0.381944 -0.819606
-0.380095 -0.825975
-0.378245 -0.832305
-0.376395 -0.838594
-0.374546 -0.844843
-0.372696 -0.851052
-0.370847 -0.857221
-0.368997 -0.86335
-0.367147 -0.869438
-0.365298 -0.875487
-0.363448 -0.881495
-0.361598 -0.887463
-0.359749 -0.893391
-0.357899 -0.899279
-0.35605 -0.905127
-0.3542 -0.910935
-0.35235 -0.916702
-0.350501 -0.922429
-0.348651 -0.928117
-0.346802 -0.933764
-0.344952 -0.939371
-0.343102 -0.944938
-0.341253 -0.950464
-0.339403 -0.955951
-0.337554 -0.961397
-0.335704 -0.966804
-0.333854 -0.97217
-0.332005 -0.977496
-0.330155 -0.982782
-0.328306 -0.988028
-0.326456 -0.993233
-0.324606 -0.998399
-0.322757 -1.00352
-0.320907 -1.00861
-0.319057 -1.01365
-0.317208 -1.01866
-0.315358 -1.02362
-0.313509 -1.02855
-0.311659 -1.03343
-0.309809 -1.03828
-0.30796 -1.04308
-0.30611 -1.04785
-0.304261 -1.05257
-0.302411 -1.05725
-0.300561 -1.0619
-0.298712 -1.0665
-0.296862 -1.07107
-0.295013 -1.07559
-0.293163 -1.08007
-0.291313 -1.08452
-0.289464 -1.08892
-0.287614 -1.09328
-0.285765 -1.0976
-0.283915 -1.10189
-0.282065 -1.10613
-0.280216 -1.11033
-0.278366 -1.11449
-0.276516 -1.11862
-0.274667 -1.1227
-0.272817 -1.12674
-0.270968 -1.13074
-0.269118 -1.1347
-0.267268 -1.13862
-0.265419 -1.1425
-0.263569 -1.14635
-0.26172 -1.15015
-0.25987 -1.15391
-0.25802 -1.15763
-0.256171 -1.16131
-0.254321 -1.16495
-0.252472 -1.16855
-0.250622 -1.17211
-0.248772 -1.17563
-0.246923 -1.17911
-0.245073 -1.18255
-0.243224 -1.18595
-0.241374 -1.18931
-0.239524 -1.19263
-0.237675 -1.19591
-0.235825 -1.19915
-0.233975 -1.20235
-0.232126 -1.2055
-0.230276 -1.20862
-0.228427 -1.2117
-0.226577 -1.21474
-0.224727 -1.21774
-0.222878 -1.2207
-0.221028 -1.22361
-0.219179 -1.22649
-0.217329 -1.22933
-0.215479 -1.23213
-0.21363 -1.23488
-0.21178 -1.2376
-0.209931 -1.24028
-0.208081 -1.24292
-0.206231 -1.24551
-0.204382 -1.24807
-0.202532 -1.25059
-0.200683 -1.25306
-0.198833 -1.2555
-0.196983 -1.2579
-0.195134 -1.26025
-0.193284 -1.26257
-0.191434 -1.26484
-0.189585 -1.26708
-0.187735 -1.26928
-0.185886 -1.27143
-0.184036 -1.27355
-0.182186 -1.27562
-0.180337 -1.27766
-0.178487 -1.27965
-0.176638 -1.28161
-0.174788 -1.28352
-0.172938 -1.2854
-0.171089 -1.28723
-0.169239 -1.28902
-0.16739 -1.29078
-0.16554 -1.29249
-0.16369 -1.29417
-0.161841 -1.2958
-0.159991 -1.29739
-0.158142 -1.29895
-0.156292 -1.30046
-0.154442 -1.30193
-0.152593 -1.30337
-0.150743 -1.30476
-0.148893 -1.30611
-0.147044 -1.30743
-0.145194 -1.3087
-0.143345 -1.30993
-0.141495 -1.31112
-0.139645 -1.31227
-0.137796 -1.31339
-0.135946 -1.31446
-0.134097 -1.31549
-0.132247 -1.31648
-0.130397 -1.31743
-0.128548 -1.31834
-0.126698 -1.31922
-0.124849 -1.32005
-0.122999 -1.32084
-0.121149 -1.32159
-0.1193 -1.3223
-0.11745 -1.32297
-0.115601 -1.3236
-0.113751 -1.32419
-0.111901 -1.32474
-0.110052 -1.32525
-0.108202 -1.32572
-0.106352 -1.32615
-0.104503 -1.32654
-0.102653 -1.32689
-0.100804 -1.3272
-0.0989541 -1.32747
-0.0971045 -1.3277
-0.0952548 -1.32789
-0.0934052 -1.32803
-0.0915556 -1.32814
-0.089706 -1.32821
-0.0878564 -1.32824
-0.0860068 -1.32823
-0.0841572 -1.32818
-0.0823076 -1.32808
-0.080458 -1.32795
-0.0786084 -1.32778
-0.0767588 -1.32757
-0.0749092 -1.32732
-0.0730595 -1.32702
-0.0712099 -1.32669
-0.0693603 -1.32632
-0.0675107 -1.3259
-0.0656611 -1.32545
-0.0638115 -1.32496
-0.0619619 -1.32442
-0.0601123 -1.32385
-0.0582627 -1.32324
-0.0564131 -1.32258
-0.0545635 -1.32189
-0.0527138 -1.32115
-0.0508642 -1.32038
-0.0490146 -1.31957
-0.047165 -1.31871
-0.0453154 -1.31782
-0.0434658 -1.31688
-0.0416162 -1.31591
-0.0397666 -1.31489
-0.037917 -1.31384
-0.0360674 -1.31274
-0.0342178 -1.31161
-0.0323682 -1.31043
-0.0305185 -1.30921
-0.0286689 -1.30796
-0.0268193 -1.30666
-0.0249697 -1.30533
-0.0231201 -1.30395
-0.0212705 -1.30253
-0.0194209 -1.30108
-0.0175713 -1.29958
-0.0157217 -1.29804
-0.0138721 -1.29647
-0.0120225 -1.29485
-0.0101728 -1.29319
-0.00832324 -1.2915
-0.00647363 -1.28976
-0.00462402 -1.28798
-0.00277441 -1.28616
-0.000924804 -1.2843
0.000924804 -1.28241
0.00277441 -1.28047
0.00462402 -1.27849
0.00647363 -1.27647
0.00832324 -1.27441
0.0101728 -1.27231
0.0120225 -1.27018
0.0138721 -1.268
0.0157217 -1.26578
0.0175713 -1.26352
0.0194209 -1.26122
0.0212705 -1.25888
0.0231201 -1.2565
0.0249697 -1.25408
0.0268193 -1.25162
0.0286689 -1.24912
0.0305185 -1.24658
0.0323682 -1.244
0.0342178 -1.24138
0.0360674 -1.23872
0.037917 -1.23602
0.0397666 -1.23328
0.0416162 -1.2305
0.0434658 -1.22768
0.0453154 -1.22481
0.047165 -1.22191
0.0490146 -1.21897
0.0508642 -1.21599
0.0527138 -1.21297
0.0545635 -1.20991
0.0564131 -1.2068
0.0582627 -1.20366
0.0601123 -1.20048
0.0619619 -1.19726
0.0638115 -1.19399
0.0656611 -1.19069
0.0675107 -1.18735
0.0693603 -1.18397
0.0712099 -1.18054
0.0730595 -1.17708
0.0749092 -1.17358
0.0767588 -1.17003
0.0786084 -1.16645
0.080458 -1.16283
0.0823076 -1.15916
0.0841572 -1.15546
0.0860068 -1.15171
0.0878564 -1.14793
0.089706 -1.1441
0.0915556 -1.14024
0.0934052 -1.13634
0.0952548 -1.13239
0.0971045 -1.12841
0.0989541 -1.12438
0.100804 -1.12032
0.102653 -1.11621
0.104503 -1.11206
0.106352 -1.10788
0.108202 -1.10365
0.110052 -1.09939
0.111901 -1.09508
0.113751 -1.09073
0.115601 -1.08635
0.11745 -1.08192
0.1193 -1.07746
0.121149 -1.07295
0.122999 -1.0684
0.124849 -1.06381
0.126698 -1.05919
0.128548 -1.05452
0.130397 -1.04981
0.132247 -1.04507
0.134097 -1.04028
0.135946 -1.03545
0.137796 -1.03058
0.139645 -1.02567
0.141495 -1.02073
0.143345 -1.01574
0.145194 -1.01071
0.147044 -1.00564
0.148893 -1.00053
0.150743 -0.995383
0.152593 -0.990194
0.154442 -0.984965
0.156292 -0.979696
0.158142 -0.974386
0.159991 -0.969037
0.161841 -0.963647
0.16369 -0.958218
0.16554 -0.952748
0.16739 -0.947238
0.169239 -0.941687
0.171089 -0.936097
0.172938 -0.930467
0.174788 -0.924796
0.176638 -0.919085
0.178487 -0.913334
0.180337 -0.907543
0.182186 -0.901712
0.184036 -0.895841
0.185886 -0.88993
0.187735 -0.883978
0.189585 -0.877987
0.191434 -0.871955
0.193284 -0.865883
0.195134 -0.859771
0.196983 -0.853619
0.198833 -0.847426
0.200683 -0.841194
0.202532 -0.834921
0.204382 -0.828609
0.206231 -0.822256
0.208081 -0.815863
0.209931 -0.80943
0.21178 -0.802956
0.21363 -0.796443
0.215479 -0.789889
0.217329 -0.783296
0.219179 -0.776662
0.221028 -0.769988
0.222878 -0.763274
0.224727 -0.75652
0.226577 -0.749725
0.228427 -0.742891
0.230276 -0.736016
0.232126 -0.729102
0.233975 -0.722147
0.235825 -0.715152
0.237675 -0.708117
0.239524 -0.701041
0.241374 -0.693926
0.243224 -0.68677
0.245073 -0.679575
0.246923 -0.672339
0.248772 -0.665063
0.250622 -0.657747
0.252472 -0.650391
0.254321 -0.642994
0.256171 -0.635558
0.25802 -0.628081
0.25987 -0.620565
0.26172 -0.613008
0.263569 -0.605411
0.265419 -0.597774
0.267268 -0.590096
0.269118 -0.582379
0.270968 -0.574621
0.272817 -0.566824
0.274667 -0.558986
0.276516 -0.551108
0.278366 -0.54319
0.280216 -0.535232
0.282065 -0.527233
0.283915 -0.519195
0.285765 -0.511116
0.287614 -0.502998
0.289464 -0.494839
0.291313 -0.48664
0.293163 -0.478401
0.295013 -0.470121
0.296862 -0.461802
0.298712 -0.453442
0.300561 -0.445043
0.302411 -0.436603
0.304261 -0.428123
0.30611 -0.419603
0.30796 -0.411043
0.309809 -0.402442
0.311659 -0.393802
0.313509 -0.385121
0.315358 -0.376401
0.317208 -0.36764
0.319057 -0.358839
0.320907 -0.349998
0.322757 -0.341116
0.324606 -0.332195
0.326456 -0.323233
0.328306 -0.314232
0.330155 -0.30519
0.332005 -0.296108
0.333854 -0.286986
0.335704 -0.277824
0.337554 -0.268621
0.339403 -0.259379
0.341253 -0.250096
0.343102 -0.240773
0.344952 -0.23141
0.346802 -0.222007
0.348651 -0.212564
0.350501 -0.203081
0.35235 -0.193558
0.3542 -0.183994
0.35605 -0.17439
0.357899 -0.164747
0.359749 -0.155063
0.361598 -0.145339
0.363448 -0.135574
0.365298 -0.12577
0.367147 -0.115925
0.368997 -0.106041
0.370847 -0.0961161
0.372696 -0.0861512
0.374546 -0.0761462
0.376395 -0.066101
0.378245 -0.0560158
0.380095 -0.0458903
0.381944 -0.0357248
0.383794 -0.0255326
0.385643 -0.0153693
0.387493 -0.00524087
0.389343 0.00485269
0.391192 0.0149114
0.393042 0.0249352
0.394891 0.0349242
0.396741 0.0448783
0.398591 0.0547976
0.40044 0.0646819
0.40229 0.0745314
0.404139 0.0843461
0.405989 0.0941259
0.407839 0.103871
0.409688 0.113581
0.411538 0.123256
0.413388 0.132896
0.415237 0.142502
0.417087 0.152072
0.418936 0.161608
0.420786 0.171109
0.422636 0.180575
0.424485 0.190006
0.426335 0.199402
0.428184 0.208764
0.430034 0.21809
0.431884 0.227382
0.433733 0.236639
0.435583 0.245861
0.437432 0.255048
0.439282 0.2642
0.441132 0.273317
0.442981 0.2824
0.444831 0.291447
0.44668 0.30046
0.44853 0.309438
0.45038 0.318381
0.452229 0.327289
0.454079 0.336162
0.455929 0.345001
0.457778 0.353804
0.459628 0.362573
0.461477 0.371307
0.463327 0.380006
0.465177 0.38867
0.467026 0.397299
0.468876 0.405893
0.470725 0.414453
0.472575 0.422977
0.474425 0.431467
0.476274 0.439922
0.478124 0.448342
0.479973 0.456727
0.481823 0.465078
0.483673 0.473393
0.485522 0.481674
0.487372 0.489919
0.489221 0.49813
0.491071 0.506306
0.492921 0.514447
0.49477 0.522553
0.49662 0.530625
0.49847 0.538661
0.500319 0.546663
0.502169 0.55463
0.504018 0.562562
0.505868 0.570459
0.507718 0.578321
0.509567 0.586148
0.511417 0.593941
0.513266 0.601698
0.515116 0.609421
0.516966 0.617109
0.518815 0.624762
0.520665 0.63238
0.522514 0.639963
0.524364 0.647511
0.526214 0.655025
0.528063 0.662504
0.529913 0.669947
0.531762 0.677356
0.533612 0.68473
0.535462 0.69207
0.537311 0.699374
0.539161 0.706643
0.541011 0.713878
0.54286 0.721078
0.54471 0.728243
0.546559 0.735373
0.548409 0.742468
0.550259 0.749528
0.552108 0.756553
0.553958 0.763544
0.555807 0.7705
0.557657 0.77742
0.559507 0.784306
0.561356 0.791157
0.563206 0.797974
0.565055 0.804755
0.566905 0.811501
0.568755 0.818213
0.570604 0.82489
0.572454 0.831532
0.574303 0.838139
0.576153 0.844711
0.578003 0.851248
0.579852 0.85775
0.581702 0.864218
0.583552 0.870651
0.585401 0.877049
0.587251 0.883412
0.5891 0.88974
0.59095 0.896033
0.5928 0.902291
0.594649 0.908515
0.596499 0.914703
0.598348 0.920857
0.600198 0.926976
0.602048 0.93306
0.603897 0.939109
0.605747 0.945123
0.607596 0.951103
0.609446 0.957047
0.611296 0.962957
0.613145 0.968832
0.614995 0.974672
0.616844 0.980477
0.618694 0.986247
0.620544 0.991983
0.622393 0.997683
0.624243 1.00335
0.626093 1.00898
0.627942 1.01458
0.629792 1.02014
0.631641 1.02566
0.633491 1.03115
0.635341 1.03661
0.63719 1.04203
0.63904 1.04742
0.640889 1.05277
0.642739 1.05809
0.644589 1.06337
0.646438 1.06862
0.648288 1.07383
0.650137 1.07901
0.651987 1.08415
0.653837 1.08926
0.655686 1.09433
0.657536 1.09937
0.659385 1.10437
0.661235 1.10934
0.663085 1.11427
0.664934 1.11917
0.666784 1.12404
0.668634 1.12886
0.670483 1.13366
0.672333 1.13842
0.674182 1.14314
0.676032 1.14783
0.677882 1.15249
0.679731 1.15711
0.681581 1.16169
0.68343 1.16624
0.68528 1.17076
0.68713 1.17524
0.688979 1.17968
0.690829 1.18409
0.692678 1.18847
0.694528 1.19281
0.696378 1.19711
0.698227 1.20139
0.700077 1.20562
0.701926 1.20982
0.703776 1.21399
0.705626 1.21812
0.707475 1.22222
0.709325 1.22628
0.711175 1.23031
0.713024 1.2343
0.714874 1.23826
0.716723 1.24218
0.718573 1.24607
0.720423 1.24992
0.722272 1.25374
0.724122 1.25752
0.725971 1.26127
0.727821 1.26498
0.729671 1.26866
0.73152 1.2723
0.73337 1.27591
0.735219 1.27948
0.737069 1.28302
0.738919 1.28653
0.740768 1.29
0.742618 1.29343
0.744467 1.29683
0.746317 1.30019
0.748167 1.30352
0.750016 1.30682
0.751866 1.31008
0.753716 1.3133
0.755565 1.31649
0.757415 1.31965
0.759264 1.32277
0.761114 1.32585
0.762964 1.32891
0.764813 1.33192
0.766663 1.3349
0.768512 1.33785
0.770362 1.34076
0.772212 1.34364
0.774061 1.34648
0.775911 1.34928
0.77776 1.35206
0.77961 1.35479
0.78146 1.3575
0.783309 1.36016
0.785159 1.36279
0.787008 1.36539
0.788858 1.36796
0.790708 1.37048
0.792557 1.37298
0.794407 1.37543
0.796257 1.37786
0.798106 1.38025
0.799956 1.3826
0.801805 1.38492
0.803655 1.3872
0.805505 1.38945
0.807354 1.39166
0.809204 1.39384
0.811053 1.39599
0.812903 1.3981
0.814753 1.40017
0.816602 1.40221
0.818452 1.40422
0.820301 1.40619
0.822151 1.40812
0.824001 1.41002
0.82585 1.41189
0.8277 1.41372
0.829549 1.41551
0.831399 1.41727
0.833249 1.419
0.835098 1.42069
0.836948 1.42235
0.838798 1.42397
0.840647 1.42555
0.842497 1.4271
0.844346 1.42862
0.846196 1.4301
0.848046 1.43155
0.849895 1.43296
0.851745 1.43434
0.853594 1.43568
0.855444 1.43699
0.857294 1.43826
0.859143 1.4395
0.860993 1.4407
0.862842 1.44187
0.864692 1.443
0.866542 1.4441
0.868391 1.44516
0.870241 1.44619
0.87209 1.44719
0.87394 1.44815
0.87579 1.44907
0.877639 1.44996
0.879489 1.45081
0.881339 1.45163
0.883188 1.45242
0.885038 1.45317
0.886887 1.45388
0.888737 1.45456
0.890587 1.45521
0.892436 1.45582
0.894286 1.45639
0.896135 1.45693
0.897985 1.45744
0.899835 1.45791
0.901684 1.45834
0.903534 1.45874
0.905383 1.45911
0.907233 1.45944
0.909083 1.45974
0.910932 1.46
0.912782 1.46023
0.914631 1.46042
0.916481 1.46058
0.918331 1.4607
0.92018 1.46078
0.92203 1.46084
0.92388 1.46085
