-0.92388 -0.89534
-0.92203 -0.895229
-0.92018 -0.895119
-0.918331 -0.895008
-0.916481 -0.894897
-0.914631 -0.894786
-0.912782 -0.894675
-0.910932 -0.894564
-0.909083 -0.894453
-0.907233 -0.894342
-0.905383 -0.894231
-0.903534 -0.89412
-0.901684 -0.894008
-0.899835 -0.893897
-0.897985 -0.893785
-0.896135 -0.893673
-0.894286 -0.893561
-0.892436 -0.893449
-0.890587 -0.893336
-0.888737 -0.893224
-0.886887 -0.893111
-0.885038 -0.892998
-0.883188 -0.892885
-0.881339 -0.892771
-0.879489 -0.892658
-0.877639 -0.892543
-0.87579 -0.892429
-0.87394 -0.892315
-0.87209 -0.8922
-0.870241 -0.892085
-0.868391 -0.891969
-0.866542 -0.891853
-0.864692 -0.891737
-0.862842 -0.89162
-0.860993 -0.891504
-0.859143 -0.891386
-0.857294 -0.891269
-0.855444 -0.891151
-0.853594 -0.891032
-0.851745 -0.890913
-0.849895 -0.890794
-0.848046 -0.890674
-0.846196 -0.890554
-0.844346 -0.890433
-0.842497 -0.890312
-0.840647 -0.890191
-0.838798 -0.890069
-0.836948 -0.889946
-0.835098 -0.889823
-0.833249 -0.889699
-0.831399 -0.889575
-0.829549 -0.88945
-0.8277 -0.889325
-0.82585 -0.889199
-0.824001 -0.889073
-0.822151 -0.888946
-0.820301 -0.888818
-0.818452 -0.88869
-0.816602 -0.888561
-0.814753 -0.888431
-0.812903 -0.888301
-0.811053 -0.88817
-0.809204 -0.888039
-0.807354 -0.887907
-0.805505 -0.887774
-0.803655 -0.88764
-0.801805 -0.887506
-0.799956 -0.887371
-0.798106 -0.887235
-0.796257 -0.887098
-0.794407 -0.886961
-0.792557 -0.886823
-0.790708 -0.886684
-0.788858 -0.886545
-0.787008 -0.886404
-0.785159 -0.886263
-0.783309 -0.886121
-0.78146 -0.885978
-0.77961 -0.885834
-0.77776 -0.88569
-0.775911 -0.885544
-0.774061 -0.885398
-0.772212 -0.885251
-0.770362 -0.885103
-0.768512 -0.884954
-0.766663 -0.884804
-0.764813 -0.884653
-0.762964 -0.884501
-0.761114 -0.884348
-0.759264 -0.884194
-0.757415 -0.88404
-0.755565 -0.883884
-0.753716 -0.883727
-0.751866 -0.883569
-0.750016 -0.883411
-0.748167 -0.883251
-0.746317 -0.88309
-0.744467 -0.882928
-0.742618 -0.882765
-0.740768 -0.882601
-0.738919 -0.882436
-0.737069 -0.88227
-0.735219 -0.882102
-0.73337 -0.881934
-0.73152 -0.881764
-0.729671 -0.881594
-0.727821 -0.881422
-0.725971 -0.881249
-0.724122 -0.881074
-0.722272 -0.880899
-0.720423 -0.880722
-0.718573 -0.880544
-0.716723 -0.880365
-0.714874 -0.880185
-0.713024 -0.880004
-0.711175 -0.879821
-0.709325 -0.879637
-0.707475 -0.879451
-0.705626 -0.879265
-0.703776 -0.879077
-0.701926 -0.878888
-0.700077 -0.878697
-0.698227 -0.878505
-0.696378 -0.878312
-0.694528 -0.878118
-0.692678 -0.877922
-0.690829 -0.877724
-0.688979 -0.877526
-0.68713 -0.877326
-0.68528 -0.877124
-0.68343 -0.876921
-0.681581 -0.876717
-0.679731 -0.876511
-0.677882 -0.876304
-0.676032 -0.876095
-0.674182 -0.875885
-0.672333 -0.875674
-0.670483 -0.87546
-0.668634 -0.875246
-0.666784 -0.87503
-0.664934 -0.874812
-0.663085 -0.874593
-0.661235 -0.874372
-0.659385 -0.87415
-0.657536 -0.873926
-0.655686 -0.8737
-0.653837 -0.873473
-0.651987 -0.873245
-0.650137 -0.873014
-0.648288 -0.872782
-0.646438 -0.872549
-0.644589 -0.872314
-0.642739 -0.872077
-0.640889 -0.871838
-0.63904 -0.871598
-0.63719 -0.871356
-0.635341 -0.871112
-0.633491 -0.870867
-0.631641 -0.87062
-0.629792 -0.870371
-0.627942 -0.870121
-0.626093 -0.869868
-0.624243 -0.869614
-0.622393 -0.869358
-0.620544 -0.869101
-0.618694 -0.868841
-0.616844 -0.86858
-0.614995 -0.868317
-0.613145 -0.868052
-0.611296 -0.867785
-0.609446 -0.867517
-0.607596 -0.867246
-0.605747 -0.866974
-0.603897 -0.866699
-0.602048 -0.866423
-0.600198 -0.866145
-0.598348 -0.865865
-0.596499 -0.865583
-0.594649 -0.865299
-0.5928 -0.865014
-0.59095 -0.864726
-0.5891 -0.864436
-0.587251 -0.864144
-0.585401 -0.86385
-0.583552 -0.863555
-0.581702 -0.863257
-0.579852 -0.862957
-0.578003 -0.862655
-0.576153 -0.862351
-0.574303 -0.862045
-0.572454 -0.861737
-0.570604 -0.861427
-0.568755 -0.861115
-0.566905 -0.8608
-0.565055 -0.860484
-0.563206 -0.860165
-0.561356 -0.859844
-0.559507 -0.859521
-0.557657 -0.859196
-0.555807 -0.858869
-0.553958 -0.858539
-0.552108 -0.858208
-0.550259 -0.857874
-0.548409 -0.857538
-0.546559 -0.8572
-0.54471 -0.856859
-0.54286 -0.856516
-0.541011 -0.856171
-0.539161 -0.855824
-0.537311 -0.855474
-0.535462 -0.855122
-0.533612 -0.854768
-0.531762 -0.854411
-0.529913 -0.854052
-0.528063 -0.853691
-0.526214 -0.853328
-0.524364 -0.852962
-0.522514 -0.852593
-0.520665 -0.852222
-0.518815 -0.851849
-0.516966 -0.851474
-0.515116 -0.851096
-0.513266 -0.850716
-0.511417 -0.850333
-0.509567 -0.849947
-0.507718 -0.84956
-0.505868 -0.84917
-0.504018 -0.848777
-0.502169 -0.848382
-0.500319 -0.847984
-0.49847 -0.847584
-0.49662 -0.847181
-0.49477 -0.846776
-0.492921 -0.846368
-0.491071 -0.845958
-0.489221 -0.845545
-0.487372 -0.845129
-0.485522 -0.844711
-0.483673 -0.84429
-0.481823 -0.843867
-0.479973 -0.843441
-0.478124 -0.843012
-0.476274 -0.842581
-0.474425 -0.842147
-0.472575 -0.84171
-0.470725 -0.841271
-0.468876 -0.840829
-0.467026 -0.840385
-0.465177 -0.839937
-0.463327 -0.839487
-0.461477 -0.839034
-0.459628 -0.838579
-0.457778 -0.83812
-0.455929 -0.837659
-0.454079 -0.837195
-0.452229 -0.836728
-0.45038 -0.836259
-0.44853 -0.835787
-0.44668 -0.835312
-0.444831 -0.834834
-0.442981 -0.834353
-0.441132 -0.833869
-0.439282 -0.833382
-0.437432 -0.832893
-0.435583 -0.832401
-0.433733 -0.831905
-0.431884 -0.831407
-0.430034 -0.830906
-0.428184 -0.830402
-0.426335 -0.829895
-0.424485 -0.829385
-0.422636 -0.828873
-0.420786 -0.828357
-0.418936 -0.827838
-0.417087 -0.827316
-0.415237 -0.826791
-0.413388 -0.826263
-0.411538 -0.825732
-0.409688 -0.825198
-0.407839 -0.824661
-0.405989 -0.824121
-0.404139 -0.823578
-0.40229 -0.823032
-0.40044 -0.822483
-0.398591 -0.82193
-0.396741 -0.821375
-0.394891 -0.820816
-0.393042 -0.820254
-0.391192 -0.819689
-0.389343 -0.819121
-0.387493 -0.818549
-0.385643 -0.817975
-0.383794 -0.817397
-0.381944 -0.816816
-0.380095 -0.816232
-0.378245 -0.815645
-0.376395 -0.815054
-0.374546 -0.81446
-0.372696 -0.813863
-0.370847 -0.813262
-0.368997 -0.812658
-0.367147 -0.812051
-0.365298 -0.81144
-0.363448 -0.810826
-0.361598 -0.810208
-0.359749 -0.809587
-0.357899 -0.808962
-0.35605 -0.808334
-0.3542 -0.807702
-0.35235 -0.807067
-0.350501 -0.806428
-0.348651 -0.805786
-0.346802 -0.805139
-0.344952 -0.80449
-0.343102 -0.803836
-0.341253 -0.803179
-0.339403 -0.802518
-0.337554 -0.801853
-0.335704 -0.801185
-0.333854 -0.800513
-0.332005 -0.799837
-0.330155 -0.799157
-0.328306 -0.798473
-0.326456 -0.797785
-0.324606 -0.797094
-0.322757 -0.796398
-0.320907 -0.795699
-0.319057 -0.794996
-0.317208 -0.794288
-0.315358 -0.793577
-0.313509 -0.792861
-0.311659 -0.792142
-0.309809 -0.791418
-0.30796 -0.79069
-0.30611 -0.789958
-0.304261 -0.789222
-0.302411 -0.788482
-0.300561 -0.787738
-0.298712 -0.786989
-0.296862 -0.786236
-0.295013 -0.785479
-0.293163 -0.784717
-0.291313 -0.783951
-0.289464 -0.783181
-0.287614 -0.782407
-0.285765 -0.781628
-0.283915 -0.780844
-0.282065 -0.780057
-0.280216 -0.779264
-0.278366 -0.778468
-0.276516 -0.777666
-0.274667 -0.776861
-0.272817 -0.77605
-0.270968 -0.775236
-0.269118 -0.774416
-0.267268 -0.773592
-0.265419 -0.772763
-0.263569 -0.77193
-0.26172 -0.771092
-0.25987 -0.770249
-0.25802 -0.769402
-0.256171 -0.768549
-0.254321 -0.767692
-0.252472 -0.76683
-0.250622 -0.765964
-0.248772 -0.765092
-0.246923 -0.764216
-0.245073 -0.763335
-0.243224 -0.762448
-0.241374 -0.761557
-0.239524 -0.760661
-0.237675 -0.75976
-0.235825 -0.758854
-0.233975 -0.757943
-0.232126 -0.757027
-0.230276 -0.756106
-0.228427 -0.755179
-0.226577 -0.754248
-0.224727 -0.753311
-0.222878 -0.752369
-0.221028 -0.751423
-0.219179 -0.75047
-0.217329 -0.749513
-0.215479 -0.74855
-0.21363 -0.747582
-0.21178 -0.746609
-0.209931 -0.745631
-0.208081 -0.744647
-0.206231 -0.743658
-0.204382 -0.742663
-0.202532 -0.741663
-0.200683 -0.740657
-0.198833 -0.739646
-0.196983 -0.73863
-0.195134 -0.737608
-0.193284 -0.73658
-0.191434 -0.735547
-0.189585 -0.734509
-0.187735 -0.733465
-0.185886 -0.732415
-0.184036 -0.731359
-0.182186 -0.730298
-0.180337 -0.729231
-0.178487 -0.728159
-0.176638 -0.72708
-0.174788 -0.725996
-0.172938 -0.724906
-0.171089 -0.723811
-0.169239 -0.722709
-0.16739 -0.721602
-0.16554 -0.720489
-0.16369 -0.71937
-0.161841 -0.718245
-0.159991 -0.717114
-0.158142 -0.715977
-0.156292 -0.714834
-0.154442 -0.713685
-0.152593 -0.71253
-0.150743 -0.711369
-0.148893 -0.710202
-0.147044 -0.709029
-0.145194 -0.70785
-0.143345 -0.706664
-0.141495 -0.705473
-0.139645 -0.704275
-0.137796 -0.703071
-0.135946 -0.70186
-0.134097 -0.700644
-0.132247 -0.699421
-0.130397 -0.698192
-0.128548 -0.696957
-0.126698 -0.695715
-0.124849 -0.694467
-0.122999 -0.693212
-0.121149 -0.691951
-0.1193 -0.690684
-0.11745 -0.68941
-0.115601 -0.688129
-0.113751 -0.686843
-0.111901 -0.685549
-0.110052 -0.684249
-0.108202 -0.682943
-0.106352 -0.681629
-0.104503 -0.68031
-0.102653 -0.678983
-0.100804 -0.67765
-0.0989541 -0.67631
-0.0971045 -0.674964
-0.0952548 -0.67361
-0.0934052 -0.67225
-0.0915556 -0.670884
-0.089706 -0.66951
-0.0878564 -0.66813
-0.0860068 -0.666742
-0.0841572 -0.665348
-0.0823076 -0.663947
-0.080458 -0.662539
-0.0786084 -0.661124
-0.0767588 -0.659702
-0.0749092 -0.658273
-0.0730595 -0.656837
-0.0712099 -0.655394
-0.0693603 -0.653944
-0.0675107 -0.652487
-0.0656611 -0.651023
-0.0638115 -0.649552
-0.0619619 -0.648073
-0.0601123 -0.646587
-0.0582627 -0.645095
-0.0564131 -0.643594
-0.0545635 -0.642087
-0.0527138 -0.640573
-0.0508642 -0.639051
-0.0490146 -0.637522
-0.047165 -0.635985
-0.0453154 -0.634441
-0.0434658 -0.63289
-0.0416162 -0.631331
-0.0397666 -0.629765
-0.037917 -0.628192
-0.0360674 -0.626611
-0.0342178 -0.625022
-0.0323682 -0.623426
-0.0305185 -0.621823
-0.0286689 -0.620211
-0.0268193 -0.618593
-0.0249697 -0.616967
-0.0231201 -0.615333
-0.0212705 -0.613691
-0.0194209 -0.612042
-0.0175713 -0.610385
-0.0157217 -0.60872
-0.0138721 -0.607048
-0.0120225 -0.605368
-0.0101728 -0.60368
-0.00832324 -0.601984
-0.00647363 -0.60028
-0.00462402 -0.598569
-0.00277441 -0.596849
-0.000924804 -0.595122
0.000924804 -0.593387
0.00277441 -0.591644
0.00462402 -0.589893
0.00647363 -0.588133
0.00832324 -0.586366
0.0101728 -0.584591
0.0120225 -0.582808
0.0138721 -0.581017
0.0157217 -0.579217
0.0175713 -0.57741
0.0194209 -0.575594
0.0212705 -0.57377
0.0231201 -0.571938
0.0249697 -0.570098
0.0268193 -0.568249
0.0286689 -0.566392
0.0305185 -0.564527
0.0323682 -0.562654
0.0342178 -0.560772
0.0360674 -0.558882
0.037917 -0.556983
0.0397666 -0.555076
0.0416162 -0.553161
0.0434658 -0.551237
0.0453154 -0.549305
0.047165 -0.547364
0.0490146 -0.545415
0.0508642 -0.543457
0.0527138 -0.54149
0.0545635 -0.539515
0.0564131 -0.537532
0.0582627 -0.53554
0.0601123 -0.533539
0.0619619 -0.531529
0.0638115 -0.529511
0.0656611 -0.527484
0.0675107 -0.525448
0.0693603 -0.523404
0.0712099 -0.52135
0.0730595 -0.519288
0.0749092 -0.517217
0.0767588 -0.515137
0.0786084 -0.513049
0.080458 -0.510951
0.0823076 -0.508844
0.0841572 -0.506729
0.0860068 -0.504604
0.0878564 -0.502471
0.089706 -0.500328
0.0915556 -0.498177
0.0934052 -0.496016
0.0952548 -0.493846
0.0971045 -0.491668
0.0989541 -0.48948
0.100804 -0.487283
0.102653 -0.485076
0.104503 -0.482861
0.106352 -0.480636
0.108202 -0.478402
0.110052 -0.476159
0.111901 -0.473906
0.113751 -0.471644
0.115601 -0.469373
0.11745 -0.467092
0.1193 -0.464803
0.121149 -0.462503
0.122999 -0.460194
0.124849 -0.457876
0.126698 -0.455548
0.128548 -0.453211
0.130397 -0.450864
0.132247 -0.448508
0.134097 -0.446142
0.135946 -0.443767
0.137796 -0.441381
0.139645 -0.438987
0.141495 -0.436582
0.143345 -0.434168
0.145194 -0.431744
0.147044 -0.429311
0.148893 -0.426868
0.150743 -0.424415
0.152593 -0.421952
0.154442 -0.419479
0.156292 -0.416997
0.158142 -0.414504
0.159991 -0.412002
0.161841 -0.40949
0.16369 -0.406968
0.16554 -0.404436
0.16739 -0.401893
0.169239 -0.399341
0.171089 -0.396779
0.172938 -0.394207
0.174788 -0.391625
0.176638 -0.389033
0.178487 -0.38643
0.180337 -0.383818
0.182186 -0.381195
0.184036 -0.378562
0.185886 -0.375919
0.187735 -0.373266
0.189585 -0.370602
0.191434 -0.367928
0.193284 -0.365244
0.195134 -0.362549
0.196983 -0.359845
0.198833 -0.357129
0.200683 -0.354404
0.202532 -0.351668
0.204382 -0.348921
0.206231 -0.346164
0.208081 -0.343397
0.209931 -0.340619
0.21178 -0.337831
0.21363 -0.335032
0.215479 -0.332222
0.217329 -0.329402
0.219179 -0.326571
0.221028 -0.32373
0.222878 -0.320878
0.224727 -0.318015
0.226577 -0.315141
0.228427 -0.312257
0.230276 -0.309362
0.232126 -0.306456
0.233975 -0.30354
0.235825 -0.300613
0.237675 -0.297674
0.239524 -0.294725
0.241374 -0.291765
0.243224 -0.288794
0.245073 -0.285812
0.246923 -0.28282
0.248772 -0.279816
0.250622 -0.276801
0.252472 -0.273775
0.254321 -0.270738
0.256171 -0.26769
0.25802 -0.264631
0.25987 -0.261561
0.26172 -0.25848
0.263569 -0.255387
0.265419 -0.252284
0.267268 -0.249169
0.269118 -0.246043
0.270968 -0.242905
0.272817 -0.239756
0.274667 -0.236596
0.276516 -0.233425
0.278366 -0.230242
0.280216 -0.227048
0.282065 -0.223843
0.283915 -0.220626
0.285765 -0.217398
0.287614 -0.214158
0.289464 -0.210907
0.291313 -0.207644
0.293163 -0.20437
0.295013 -0.201084
0.296862 -0.197787
0.298712 -0.194478
0.300561 -0.191157
0.302411 -0.187825
0.304261 -0.184481
0.30611 -0.181125
0.30796 -0.177758
0.309809 -0.174379
0.311659 -0.170988
0.313509 -0.167585
0.315358 -0.164171
0.317208 -0.160744
0.319057 -0.157306
0.320907 -0.153856
0.322757 -0.150394
0.324606 -0.146921
0.326456 -0.143435
0.328306 -0.139937
0.330155 -0.136427
0.332005 -0.132906
0.333854 -0.129372
0.335704 -0.125826
0.337554 -0.122268
0.339403 -0.118698
0.341253 -0.115116
0.343102 -0.111522
0.344952 -0.107915
0.346802 -0.104296
0.348651 -0.100666
0.350501 -0.0970225
0.35235 -0.0933671
0.3542 -0.0896995
0.35605 -0.0860195
0.357899 -0.0823272
0.359749 -0.0786226
0.361598 -0.0749055
0.363448 -0.0711761
0.365298 -0.0674342
0.367147 -0.0636799
0.368997 -0.0599132
0.370847 -0.0561339
0.372696 -0.0523422
0.374546 -0.0485379
0.376395 -0.044721
0.378245 -0.0408915
0.380095 -0.0370495
0.381944 -0.0331948
0.383794 -0.0293275
0.385643 -0.0254475
0.387493 -0.0215549
0.389343 -0.0176498
0.391192 -0.0137322
0.393042 -0.00980217
0.394891 -0.00585969
0.396741 -0.00190483
0.398591 0.00206236
0.40044 0.00604184
0.40229 0.0100336
0.404139 0.0140375
0.405989 0.0180536
0.407839 0.0220818
0.409688 0.026122
0.411538 0.0301743
0.413388 0.0342386
0.415237 0.0383148
0.417087 0.042403
0.418936 0.0465029
0.420786 0.0506147
0.422636 0.0547383
0.424485 0.0588736
0.426335 0.0630205
0.428184 0.0671791
0.430034 0.0713493
0.431884 0.0755311
0.433733 0.0797243
0.435583 0.0839291
0.437432 0.0881452
0.439282 0.0923728
0.441132 0.0966116
0.442981 0.100862
0.444831 0.105123
0.44668 0.109396
0.44853 0.11368
0.45038 0.117974
0.452229 0.12228
0.454079 0.126597
0.455929 0.130925
0.457778 0.135264
0.459628 0.139614
0.461477 0.143975
0.463327 0.148346
0.465177 0.152729
0.467026 0.157122
0.468876 0.161525
0.470725 0.16594
0.472575 0.170365
0.474425 0.1748
0.476274 0.179246
0.478124 0.183703
0.479973 0.18817
0.481823 0.192647
0.483673 0.197135
0.485522 0.201633
0.487372 0.206141
0.489221 0.210659
0.491071 0.215188
0.492921 0.219727
0.49477 0.224275
0.49662 0.228834
0.49847 0.233403
0.500319 0.237982
0.502169 0.24257
0.504018 0.247169
0.505868 0.251777
0.507718 0.256395
0.509567 0.261023
0.511417 0.265661
0.513266 0.270308
0.515116 0.274965
0.516966 0.279631
0.518815 0.284307
0.520665 0.288993
0.522514 0.293687
0.524364 0.298392
0.526214 0.303105
0.528063 0.307828
0.529913 0.31256
0.531762 0.317302
0.533612 0.322052
0.535462 0.326812
0.537311 0.33158
0.539161 0.336358
0.541011 0.341145
0.54286 0.345941
0.54471 0.350745
0.546559 0.355559
0.548409 0.360381
0.550259 0.365212
0.552108 0.370052
0.553958 0.3749
0.555807 0.379758
0.557657 0.384623
0.559507 0.389498
0.561356 0.394381
0.563206 0.399272
0.565055 0.404172
0.566905 0.40908
0.568755 0.413997
0.570604 0.418922
0.572454 0.423855
0.574303 0.428796
0.576153 0.433746
0.578003 0.438703
0.579852 0.443669
0.581702 0.448643
0.583552 0.453625
0.585401 0.458614
0.587251 0.463612
0.5891 0.468618
0.59095 0.473631
0.5928 0.478652
0.594649 0.483681
0.596499 0.488718
0.598348 0.493762
0.600198 0.498814
0.602048 0.503873
0.603897 0.50894
0.605747 0.514015
0.607596 0.519097
0.609446 0.524186
0.611296 0.529283
0.613145 0.534387
0.614995 0.539498
0.616844 0.544616
0.618694 0.549742
0.620544 0.554875
0.622393 0.560015
0.624243 0.565162
0.626093 0.570316
0.627942 0.575477
0.629792 0.580645
0.631641 0.585819
0.633491 0.591001
0.635341 0.596189
0.63719 0.601384
0.63904 0.606586
0.640889 0.611795
0.642739 0.61701
0.644589 0.622231
0.646438 0.62746
0.648288 0.632694
0.650137 0.637935
0.651987 0.643183
0.653837 0.648437
0.655686 0.653697
0.657536 0.658964
0.659385 0.664236
0.661235 0.669515
0.663085 0.6748
0.664934 0.680091
0.666784 0.685389
0.668634 0.690692
0.670483 0.696001
0.672333 0.701316
0.674182 0.706637
0.676032 0.711964
0.677882 0.717297
0.679731 0.722635
0.681581 0.727979
0.68343 0.733329
0.68528 0.738685
0.68713 0.744046
0.688979 0.749412
0.690829 0.754784
0.692678 0.760162
0.694528 0.765544
0.696378 0.770933
0.698227 0.776326
0.700077 0.781725
0.701926 0.787129
0.703776 0.792539
0.705626 0.797953
0.707475 0.803373
0.709325 0.808797
0.711175 0.814227
0.713024 0.819661
0.714874 0.825101
0.716723 0.830545
0.718573 0.835995
0.720423 0.841449
0.722272 0.846907
0.724122 0.852371
0.725971 0.857839
0.727821 0.863312
0.729671 0.868789
0.73152 0.874271
0.73337 0.879758
0.735219 0.885249
0.737069 0.890744
0.738919 0.896244
0.740768 0.901748
0.742618 0.907256
0.744467 0.912769
0.746317 0.918286
0.748167 0.923806
0.750016 0.929331
0.751866 0.934861
0.753716 0.940394
0.755565 0.945931
0.757415 0.951472
0.759264 0.957017
0.761114 0.962565
0.762964 0.968118
0.764813 0.973674
0.766663 0.979234
0.768512 0.984798
0.770362 0.990366
0.772212 0.995937
0.774061 1.00151
0.775911 1.00709
0.77776 1.01267
0.77961 1.01826
0.78146 1.02384
0.783309 1.02944
0.785159 1.03503
0.787008 1.04063
0.788858 1.04623
0.790708 1.05183
0.792557 1.05744
0.794407 1.06305
0.796257 1.06867
0.798106 1.07428
0.799956 1.0799
0.801805 1.08553
0.803655 1.09115
0.805505 1.09678
0.807354 1.10241
0.809204 1.10804
0.811053 1.11368
0.812903 1.11932
0.814753 1.12496
0.816602 1.1306
0.818452 1.13625
0.820301 1.1419
0.822151 1.14755
0.824001 1.15321
0.82585 1.15886
0.8277 1.16452
0.829549 1.17018
0.831399 1.17584
0.833249 1.18151
0.835098 1.18718
0.836948 1.19285
0.838798 1.19852
0.840647 1.20419
0.842497 1.20987
0.844346 1.21554
0.846196 1.22122
0.848046 1.2269
0.849895 1.23259
0.851745 1.23827
0.853594 1.24396
0.855444 1.24965
0.857294 1.25533
0.859143 1.26103
0.860993 1.26672
0.862842 1.27241
0.864692 1.27811
0.866542 1.2838
0.868391 1.2895
0.870241 1.2952
0.87209 1.3009
0.87394 1.3066
0.87579 1.31231
0.877639 1.31801
0.879489 1.32372
0.881339 1.32942
0.883188 1.33513
0.885038 1.34084
0.886887 1.34655
0.888737 1.35226
0.890587 1.35797
0.892436 1.36368
0.894286 1.36939
0.896135 1.37511
0.897985 1.38082
0.899835 1.38653
0.901684 1.39225
0.903534 1.39796
0.905383 1.40368
0.907233 1.4094
0.909083 1.41511
0.910932 1.42083
0.912782 1.42655
0.914631 1.43226
0.916481 1.43798
0.918331 1.4437
0.92018 1.44942
0.92203 1.45514
0.92388 1.46085
