-0.998716 -1.09349
-0.996717 -1.07506
-0.994718 -1.0579
-0.992718 -1.04202
-0.990719 -1.02742
-0.988719 -1.01409
-0.98672 -1.00204
-0.98472 -0.991265
-0.982721 -0.981765
-0.980722 -0.97354
-0.978722 -0.96659
-0.976723 -0.960916
-0.974723 -0.956518
-0.972724 -0.953395
-0.970724 -0.951548
-0.968725 -0.950977
-0.966726 -0.948715
-0.964726 -0.945308
-0.962727 -0.941985
-0.960727 -0.938745
-0.958728 -0.935589
-0.956728 -0.932516
-0.954729 -0.929528
-0.95273 -0.926622
-0.95073 -0.923801
-0.948731 -0.921062
-0.946731 -0.918408
-0.944732 -0.915837
-0.942732 -0.91335
-0.940733 -0.910946
-0.938734 -0.908626
-0.936734 -0.906389
-0.934735 -0.904236
-0.932735 -0.902167
-0.930736 -0.900181
-0.928736 -0.898279
-0.926737 -0.896461
-0.924737 -0.894726
-0.922738 -0.893074
-0.920739 -0.891506
-0.918739 -0.890022
-0.91674 -0.888622
-0.91474 -0.887305
-0.912741 -0.886071
-0.910741 -0.884921
-0.908742 -0.883855
-0.906743 -0.882873
-0.904743 -0.881974
-0.902744 -0.881158
-0.900744 -0.880426
-0.898745 -0.879778
-0.896745 -0.879072
-0.894746 -0.878271
-0.892747 -0.877485
-0.890747 -0.876715
-0.888748 -0.87596
-0.886748 -0.875219
-0.884749 -0.874495
-0.882749 -0.873785
-0.88075 -0.87309
-0.878751 -0.872411
-0.876751 -0.871747
-0.874752 -0.871098
-0.872752 -0.870464
-0.870753 -0.869845
-0.868753 -0.869242
-0.866754 -0.868653
-0.864755 -0.86808
-0.862755 -0.867522
-0.860756 -0.86698
-0.858756 -0.866452
-0.856757 -0.86594
-0.854757 -0.865442
-0.852758 -0.86496
-0.850758 -0.864493
-0.848759 -0.864042
-0.84676 -0.863605
-0.84476 -0.863184
-0.842761 -0.862778
-0.840761 -0.862387
-0.838762 -0.862011
-0.836762 -0.86165
-0.834763 -0.861305
-0.832764 -0.860975
-0.830764 -0.86066
-0.828765 -0.86036
-0.826765 -0.860075
-0.824766 -0.859805
-0.822766 -0.859551
-0.820767 -0.859312
-0.818768 -0.859088
-0.816768 -0.858879
-0.814769 -0.858685
-0.812769 -0.858507
-0.81077 -0.858343
-0.80877 -0.858195
-0.806771 -0.858062
-0.804772 -0.857945
-0.802772 -0.857842
-0.800773 -0.857755
-0.798773 -0.857682
-0.796774 -0.857625
-0.794774 -0.857584
-0.792775 -0.857557
-0.790776 -0.857545
-0.788776 -0.85749
-0.786777 -0.857435
-0.784777 -0.857382
-0.782778 -0.857329
-0.780778 -0.857277
-0.778779 -0.857227
-0.776779 -0.857177
-0.77478 -0.857128
-0.772781 -0.85708
-0.770781 -0.857033
-0.768782 -0.856986
-0.766782 -0.856941
-0.764783 -0.856897
-0.762783 -0.856853
-0.760784 -0.856811
-0.758785 -0.856769
-0.756785 -0.856729
-0.754786 -0.856689
-0.752786 -0.85665
-0.750787 -0.856613
-0.748787 -0.856576
-0.746788 -0.85654
-0.744789 -0.856505
-0.742789 -0.856471
-0.74079 -0.856437
-0.73879 -0.856405
-0.736791 -0.856374
-0.734791 -0.856343
-0.732792 -0.856314
-0.730793 -0.856285
-0.728793 -0.856258
-0.726794 -0.856231
-0.724794 -0.856205
-0.722795 -0.856181
-0.720795 -0.856157
-0.718796 -0.856134
-0.716797 -0.856112
-0.714797 -0.85609
-0.712798 -0.85607
-0.710798 -0.856051
-0.708799 -0.856033
-0.706799 -0.856015
-0.7048 -0.855999
-0.7028 -0.855983
-0.700801 -0.855969
-0.698802 -0.855955
-0.696802 -0.855942
-0.694803 -0.85593
-0.692803 -0.855919
-0.690804 -0.855909
-0.688804 -0.8559
-0.686805 -0.855892
-0.684806 -0.855885
-0.682806 -0.855879
-0.680807 -0.855873
-0.678807 -0.855869
-0.676808 -0.855866
-0.674808 -0.855863
-0.672809 -0.855861
-0.67081 -0.855861
-0.66881 -0.855861
-0.666811 -0.855862
-0.664811 -0.855864
-0.662812 -0.855867
-0.660812 -0.855871
-0.658813 -0.855876
-0.656814 -0.855882
-0.654814 -0.855888
-0.652815 -0.855896
-0.650815 -0.8559
-0.648816 -0.855889
-0.646816 -0.855874
-0.644817 -0.855855
-0.642818 -0.855833
-0.640818 -0.855806
-0.638819 -0.855776
-0.636819 -0.855742
-0.63482 -0.855704
-0.63282 -0.855663
-0.630821 -0.855617
-0.628821 -0.855568
-0.626822 -0.855515
-0.624823 -0.855457
-0.622823 -0.855397
-0.620824 -0.855332
-0.618824 -0.855263
-0.616825 -0.855191
-0.614825 -0.855114
-0.612826 -0.855034
-0.610827 -0.85495
-0.608827 -0.854863
-0.606828 -0.854771
-0.604828 -0.854675
-0.602829 -0.854576
-0.600829 -0.854473
-0.59883 -0.854366
-0.596831 -0.854255
-0.594831 -0.85414
-0.592832 -0.854022
-0.590832 -0.853899
-0.588833 -0.853773
-0.586833 -0.853643
-0.584834 -0.853509
-0.582835 -0.853371
-0.580835 -0.85323
-0.578836 -0.853084
-0.576836 -0.852935
-0.574837 -0.852782
-0.572837 -0.852625
-0.570838 -0.852464
-0.568839 -0.8523
-0.566839 -0.852131
-0.56484 -0.851959
-0.56284 -0.851783
-0.560841 -0.851603
-0.558841 -0.851419
-0.556842 -0.851231
-0.554842 -0.851039
-0.552843 -0.850844
-0.550844 -0.850645
-0.548844 -0.850442
-0.546845 -0.850235
-0.544845 -0.850024
-0.542846 -0.849809
-0.540846 -0.849591
-0.538847 -0.849369
-0.536848 -0.849143
-0.534848 -0.848913
-0.532849 -0.848679
-0.530849 -0.848441
-0.52885 -0.8482
-0.52685 -0.847954
-0.524851 -0.847705
-0.522852 -0.847452
-0.520852 -0.847195
-0.518853 -0.846935
-0.516853 -0.84667
-0.514854 -0.846402
-0.512854 -0.846129
-0.510855 -0.845853
-0.508856 -0.845573
-0.506856 -0.84529
-0.504857 -0.845002
-0.502857 -0.844711
-0.500858 -0.844415
-0.498858 -0.844116
-0.496859 -0.843813
-0.49486 -0.843506
-0.49286 -0.843196
-0.490861 -0.842881
-0.488861 -0.842563
-0.486862 -0.842241
-0.484862 -0.841913
-0.482863 -0.841575
-0.480863 -0.841231
-0.478864 -0.840881
-0.476865 -0.840525
-0.474865 -0.840164
-0.472866 -0.839796
-0.470866 -0.839422
-0.468867 -0.839042
-0.466867 -0.838657
-0.464868 -0.838265
-0.462869 -0.837867
-0.460869 -0.837464
-0.45887 -0.837054
-0.45687 -0.836639
-0.454871 -0.836218
-0.452871 -0.83579
-0.450872 -0.835357
-0.448873 -0.834918
-0.446873 -0.834473
-0.444874 -0.834021
-0.442874 -0.833564
-0.440875 -0.833101
-0.438875 -0.832632
-0.436876 -0.832157
-0.434877 -0.831676
-0.432877 -0.831189
-0.430878 -0.830697
-0.428878 -0.830198
-0.426879 -0.829693
-0.424879 -0.829182
-0.42288 -0.828666
-0.420881 -0.828143
-0.418881 -0.827614
-0.416882 -0.82708
-0.414882 -0.826539
-0.412883 -0.825993
-0.410883 -0.825441
-0.408884 -0.824882
-0.406884 -0.824318
-0.404885 -0.823748
-0.402886 -0.823172
-0.400886 -0.822589
-0.398887 -0.822001
-0.396887 -0.821407
-0.394888 -0.820807
-0.392888 -0.820201
-0.390889 -0.819589
-0.38889 -0.818971
-0.38689 -0.818348
-0.384891 -0.817718
-0.382891 -0.817082
-0.380892 -0.81644
-0.378892 -0.815793
-0.376893 -0.815139
-0.374894 -0.81448
-0.372894 -0.813814
-0.370895 -0.813143
-0.368895 -0.812465
-0.366896 -0.811782
-0.364896 -0.811092
-0.362897 -0.810397
-0.360898 -0.809696
-0.358898 -0.808989
-0.356899 -0.808276
-0.354899 -0.807556
-0.3529 -0.806831
-0.3509 -0.8061
-0.348901 -0.805363
-0.346902 -0.804621
-0.344902 -0.803872
-0.342903 -0.803117
-0.340903 -0.802356
-0.338904 -0.801589
-0.336904 -0.800817
-0.334905 -0.800038
-0.332905 -0.799253
-0.330906 -0.798463
-0.328907 -0.797666
-0.326907 -0.796864
-0.324908 -0.796055
-0.322908 -0.795241
-0.320909 -0.794421
-0.318909 -0.793594
-0.31691 -0.792762
-0.314911 -0.791924
-0.312911 -0.79108
-0.310912 -0.79023
-0.308912 -0.789374
-0.306913 -0.788512
-0.304913 -0.787644
-0.302914 -0.78677
-0.300915 -0.78589
-0.298915 -0.785004
-0.296916 -0.784108
-0.294916 -0.783206
-0.292917 -0.782296
-0.290917 -0.781379
-0.288918 -0.780455
-0.286919 -0.779524
-0.284919 -0.778586
-0.28292 -0.777641
-0.28092 -0.776688
-0.278921 -0.775728
-0.276921 -0.774762
-0.274922 -0.773788
-0.272923 -0.772807
-0.270923 -0.771819
-0.268924 -0.770823
-0.266924 -0.769821
-0.264925 -0.768811
-0.262925 -0.767795
-0.260926 -0.766771
-0.258926 -0.76574
-0.256927 -0.764702
-0.254928 -0.763657
-0.252928 -0.762604
-0.250929 -0.761545
-0.248929 -0.760478
-0.24693 -0.759404
-0.24493 -0.758323
-0.242931 -0.757235
-0.240932 -0.75614
-0.238932 -0.755038
-0.236933 -0.753928
-0.234933 -0.752812
-0.232934 -0.751688
-0.230934 -0.750557
-0.228935 -0.749419
-0.226936 -0.748274
-0.224936 -0.747122
-0.222937 -0.745962
-0.220937 -0.744796
-0.218938 -0.743622
-0.216938 -0.742441
-0.214939 -0.741253
-0.21294 -0.740058
-0.21094 -0.738856
-0.208941 -0.737647
-0.206941 -0.73643
-0.204942 -0.735207
-0.202942 -0.733976
-0.200943 -0.732738
-0.198944 -0.731493
-0.196944 -0.730241
-0.194945 -0.728981
-0.192945 -0.727715
-0.190946 -0.726441
-0.188946 -0.725161
-0.186947 -0.723873
-0.184947 -0.722578
-0.182948 -0.721276
-0.180949 -0.719967
-0.178949 -0.71865
-0.17695 -0.717327
-0.17495 -0.715996
-0.172951 -0.714658
-0.170951 -0.713313
-0.168952 -0.711961
-0.166953 -0.710602
-0.164953 -0.709236
-0.162954 -0.707862
-0.160954 -0.706482
-0.158955 -0.705094
-0.156955 -0.703699
-0.154956 -0.702297
-0.152957 -0.700888
-0.150957 -0.699472
-0.148958 -0.698048
-0.146958 -0.696618
-0.144959 -0.69518
-0.142959 -0.693735
-0.14096 -0.692283
-0.138961 -0.690824
-0.136961 -0.689358
-0.134962 -0.687884
-0.132962 -0.686404
-0.130963 -0.684916
-0.128963 -0.683422
-0.126964 -0.68192
-0.124965 -0.680411
-0.122965 -0.678894
-0.120966 -0.677371
-0.118966 -0.675841
-0.116967 -0.674303
-0.114967 -0.672758
-0.112968 -0.671207
-0.110968 -0.669648
-0.108969 -0.668081
-0.10697 -0.666508
-0.10497 -0.664928
-0.102971 -0.66334
-0.100971 -0.661745
-0.0989719 -0.660142
-0.0969725 -0.658531
-0.094973 -0.656912
-0.0929736 -0.655285
-0.0909742 -0.65365
-0.0889747 -0.652007
-0.0869753 -0.650356
-0.0849759 -0.648697
-0.0829764 -0.64703
-0.080977 -0.645355
-0.0789776 -0.643672
-0.0769781 -0.641981
-0.0749787 -0.640282
-0.0729793 -0.638575
-0.0709799 -0.63686
-0.0689804 -0.635137
-0.066981 -0.633406
-0.0649816 -0.631667
-0.0629821 -0.62992
-0.0609827 -0.628165
-0.0589833 -0.626402
-0.0569838 -0.624631
-0.0549844 -0.622852
-0.052985 -0.621065
-0.0509855 -0.61927
-0.0489861 -0.617467
-0.0469867 -0.615656
-0.0449872 -0.613837
-0.0429878 -0.61201
-0.0409884 -0.610175
-0.0389889 -0.608332
-0.0369895 -0.606481
-0.0349901 -0.604622
-0.0329906 -0.602755
-0.0309912 -0.60088
-0.0289918 -0.598997
-0.0269923 -0.597106
-0.0249929 -0.595207
-0.0229935 -0.593301
-0.020994 -0.591386
-0.0189946 -0.589463
-0.0169952 -0.587532
-0.0149957 -0.585593
-0.0129963 -0.583646
-0.0109969 -0.581691
-0.00899745 -0.579728
-0.00699801 -0.577757
-0.00499858 -0.575778
-0.00299915 -0.573792
-0.000999716 -0.571797
0.000999716 -0.569794
0.00299915 -0.567783
0.00499858 -0.565764
0.00699801 -0.563737
0.00899745 -0.561703
0.0109969 -0.55966
0.0129963 -0.557609
0.0149957 -0.55555
0.0169952 -0.553483
0.0189946 -0.551408
0.020994 -0.549326
0.0229935 -0.547235
0.0249929 -0.545136
0.0269923 -0.543029
0.0289918 -0.540914
0.0309912 -0.538792
0.0329906 -0.536661
0.0349901 -0.534522
0.0369895 -0.532375
0.0389889 -0.53022
0.0409884 -0.528058
0.0429878 -0.525887
0.0449872 -0.523708
0.0469867 -0.521521
0.0489861 -0.519327
0.0509855 -0.517124
0.052985 -0.514913
0.0549844 -0.512694
0.0569838 -0.510468
0.0589833 -0.508233
0.0609827 -0.50599
0.0629821 -0.50374
0.0649816 -0.501481
0.066981 -0.499214
0.0689804 -0.496939
0.0709799 -0.494657
0.0729793 -0.492366
0.0749787 -0.490067
0.0769781 -0.487761
0.0789776 -0.485446
0.080977 -0.483123
0.0829764 -0.480793
0.0849759 -0.478454
0.0869753 -0.476107
0.0889747 -0.473753
0.0909742 -0.47139
0.0929736 -0.469019
0.094973 -0.466641
0.0969725 -0.464254
0.0989719 -0.461859
0.100971 -0.459457
0.102971 -0.457046
0.10497 -0.454627
0.10697 -0.452199
0.108969 -0.449763
0.110968 -0.447317
0.112968 -0.444863
0.114967 -0.442399
0.116967 -0.439927
0.118966 -0.437446
0.120966 -0.434956
0.122965 -0.432457
0.124965 -0.42995
0.126964 -0.427433
0.128963 -0.424908
0.130963 -0.422374
0.132962 -0.419831
0.134962 -0.417279
0.136961 -0.414718
0.138961 -0.412149
0.14096 -0.40957
0.142959 -0.406983
0.144959 -0.404387
0.146958 -0.401782
0.148958 -0.399168
0.150957 -0.396545
0.152957 -0.393913
0.154956 -0.391273
0.156955 -0.388624
0.158955 -0.385965
0.160954 -0.383298
0.162954 -0.380623
0.164953 -0.377938
0.166953 -0.375244
0.168952 -0.372542
0.170951 -0.369831
0.172951 -0.36711
0.17495 -0.364381
0.17695 -0.361644
0.178949 -0.358897
0.180949 -0.356141
0.182948 -0.353377
0.184947 -0.350604
0.186947 -0.347821
0.188946 -0.34503
0.190946 -0.342231
0.192945 -0.339422
0.194945 -0.336604
0.196944 -0.333778
0.198944 -0.330943
0.200943 -0.328099
0.202942 -0.325246
0.204942 -0.322384
0.206941 -0.319513
0.208941 -0.316633
0.21094 -0.313745
0.21294 -0.310848
0.214939 -0.307942
0.216938 -0.305027
0.218938 -0.302103
0.220937 -0.29917
0.222937 -0.296229
0.224936 -0.293278
0.226936 -0.290319
0.228935 -0.287351
0.230934 -0.284374
0.232934 -0.281388
0.234933 -0.278394
0.236933 -0.27539
0.238932 -0.272378
0.240932 -0.269356
0.242931 -0.266326
0.24493 -0.263287
0.24693 -0.26024
0.248929 -0.257183
0.250929 -0.254117
0.252928 -0.251043
0.254928 -0.24796
0.256927 -0.244868
0.258926 -0.241767
0.260926 -0.238657
0.262925 -0.235538
0.264925 -0.232411
0.266924 -0.229275
0.268924 -0.226129
0.270923 -0.222975
0.272923 -0.219812
0.274922 -0.216641
0.276921 -0.21346
0.278921 -0.210271
0.28092 -0.207072
0.28292 -0.203865
0.284919 -0.200649
0.286919 -0.197424
0.288918 -0.19419
0.290917 -0.190948
0.292917 -0.187696
0.294916 -0.184436
0.296916 -0.181167
0.298915 -0.177889
0.300915 -0.174604
0.302914 -0.171309
0.304913 -0.168004
0.306913 -0.16469
0.308912 -0.161365
0.310912 -0.158031
0.312911 -0.154686
0.314911 -0.151331
0.31691 -0.147966
0.318909 -0.144592
0.320909 -0.141207
0.322908 -0.137812
0.324908 -0.134407
0.326907 -0.130992
0.328907 -0.127567
0.330906 -0.124132
0.332905 -0.120687
0.334905 -0.117232
0.336904 -0.113767
0.338904 -0.110292
0.340903 -0.106807
0.342903 -0.103311
0.344902 -0.0998061
0.346902 -0.0962908
0.348901 -0.0927654
0.3509 -0.0892301
0.3529 -0.0856846
0.354899 -0.0821292
0.356899 -0.0785637
0.358898 -0.0749882
0.360898 -0.0714026
0.362897 -0.067807
0.364896 -0.0642014
0.366896 -0.0605857
0.368895 -0.05696
0.370895 -0.0533243
0.372894 -0.0496785
0.374894 -0.0460227
0.376893 -0.0423568
0.378892 -0.0386809
0.380892 -0.034995
0.382891 -0.031299
0.384891 -0.027593
0.38689 -0.023877
0.38889 -0.0201509
0.390889 -0.0164148
0.392888 -0.0126687
0.394888 -0.00891249
0.396887 -0.00514627
0.398887 -0.00137002
0.400886 0.00241628
0.402886 0.00621261
0.404885 0.010019
0.406884 0.0138354
0.408884 0.0176618
0.410883 0.0214983
0.412883 0.0253448
0.414882 0.0292014
0.416882 0.0330679
0.418881 0.0369446
0.420881 0.0408312
0.42288 0.0447279
0.424879 0.0486347
0.426879 0.0525514
0.428878 0.0564782
0.430878 0.0604151
0.432877 0.064362
0.434877 0.0683189
0.436876 0.0722858
0.438875 0.0762628
0.440875 0.0802498
0.442874 0.0842469
0.444874 0.088254
0.446873 0.0922711
0.448873 0.0962983
0.450872 0.100336
0.452871 0.104383
0.454871 0.10844
0.45687 0.112507
0.45887 0.116585
0.460869 0.120672
0.462869 0.12477
0.464868 0.128877
0.466867 0.132995
0.468867 0.137122
0.470866 0.14126
0.472866 0.145407
0.474865 0.149565
0.476865 0.153733
0.478864 0.15791
0.480863 0.162098
0.482863 0.166296
0.484862 0.170504
0.486862 0.174717
0.488861 0.178941
0.490861 0.183177
0.49286 0.187425
0.49486 0.191686
0.496859 0.195958
0.498858 0.200243
0.500858 0.20454
0.502857 0.208849
0.504857 0.21317
0.506856 0.217503
0.508856 0.221849
0.510855 0.226206
0.512854 0.230576
0.514854 0.234958
0.516853 0.239352
0.518853 0.243758
0.520852 0.248177
0.522852 0.252607
0.524851 0.25705
0.52685 0.261505
0.52885 0.265971
0.530849 0.270451
0.532849 0.274942
0.534848 0.279445
0.536848 0.283961
0.538847 0.288488
0.540846 0.293028
0.542846 0.29758
0.544845 0.302144
0.546845 0.306721
0.548844 0.311309
0.550844 0.31591
0.552843 0.320522
0.554842 0.325147
0.556842 0.329784
0.558841 0.334433
0.560841 0.339095
0.56284 0.343768
0.56484 0.348454
0.566839 0.353152
0.568839 0.357861
0.570838 0.362584
0.572837 0.367318
0.574837 0.372064
0.576836 0.376823
0.578836 0.381593
0.580835 0.386376
0.582835 0.391171
0.584834 0.395978
0.586833 0.400797
0.588833 0.405629
0.590832 0.410472
0.592832 0.415328
0.594831 0.420196
0.596831 0.425076
0.59883 0.429968
0.600829 0.434872
0.602829 0.439789
0.604828 0.444717
0.606828 0.449658
0.608827 0.454611
0.610827 0.459576
0.612826 0.464553
0.614825 0.469543
0.616825 0.474544
0.618824 0.479558
0.620824 0.484583
0.622823 0.489621
0.624823 0.494671
0.626822 0.499734
0.628821 0.504808
0.630821 0.509895
0.63282 0.514993
0.63482 0.520104
0.636819 0.525227
0.638819 0.530362
0.640818 0.535509
0.642818 0.540669
0.644817 0.54584
0.646816 0.551024
0.648816 0.55622
0.650815 0.561428
0.652815 0.566637
0.654814 0.571859
0.656814 0.577097
0.658813 0.582352
0.660812 0.587624
0.662812 0.592914
0.664811 0.598219
0.666811 0.603542
0.66881 0.608882
0.67081 0.614239
0.672809 0.619613
0.674808 0.625003
0.676808 0.630411
0.678807 0.635835
0.680807 0.641276
0.682806 0.646735
0.684806 0.65221
0.686805 0.657702
0.688804 0.663211
0.690804 0.668737
0.692803 0.67428
0.694803 0.679839
0.696802 0.685416
0.698802 0.69101
0.700801 0.69662
0.7028 0.702248
0.7048 0.707892
0.706799 0.713553
0.708799 0.719231
0.710798 0.724927
0.712798 0.730639
0.714797 0.736368
0.716797 0.742113
0.718796 0.747876
0.720795 0.753656
0.722795 0.759453
0.724794 0.765266
0.726794 0.771097
0.728793 0.776944
0.730793 0.782808
0.732792 0.788689
0.734791 0.794588
0.736791 0.800503
0.73879 0.806435
0.74079 0.812384
0.742789 0.818349
0.744789 0.824332
0.746788 0.830332
0.748787 0.836348
0.750787 0.842382
0.752786 0.848432
0.754786 0.8545
0.756785 0.860584
0.758785 0.866685
0.760784 0.872803
0.762783 0.878938
0.764783 0.88509
0.766782 0.891259
0.768782 0.897445
0.770781 0.903647
0.772781 0.909867
0.77478 0.916103
0.776779 0.922357
0.778779 0.928627
0.780778 0.934914
0.782778 0.941219
0.784777 0.94754
0.786777 0.953878
0.788776 0.960233
0.790776 0.966605
0.792775 0.972948
0.794774 0.979324
0.796774 0.98573
0.798773 0.992167
0.800773 0.998636
0.802772 1.00514
0.804772 1.01167
0.806771 1.01823
0.80877 1.02482
0.81077 1.03145
0.812769 1.0381
0.814769 1.04479
0.816768 1.05151
0.818768 1.05826
0.820767 1.06504
0.822766 1.07185
0.824766 1.07869
0.826765 1.08556
0.828765 1.09247
0.830764 1.09941
0.832764 1.10637
0.834763 1.11337
0.836762 1.1204
0.838762 1.12746
0.840761 1.13455
0.842761 1.14168
0.84476 1.14883
0.84676 1.15602
0.848759 1.16323
0.850758 1.17048
0.852758 1.17776
0.854757 1.18507
0.856757 1.19241
0.858756 1.19978
0.860756 1.20719
0.862755 1.21462
0.864755 1.22209
0.866754 1.22959
0.868753 1.23711
0.870753 1.24467
0.872752 1.25226
0.874752 1.25989
0.876751 1.26754
0.878751 1.27522
0.88075 1.28294
0.882749 1.29069
0.884749 1.29846
0.886748 1.30627
0.888748 1.31411
0.890747 1.32198
0.892747 1.32989
0.894746 1.33782
0.896745 1.34578
0.898745 1.35367
0.900744 1.36151
0.902744 1.36946
0.904743 1.3775
0.906743 1.38564
0.908742 1.39389
0.910741 1.40223
0.912741 1.41067
0.91474 1.41921
0.91674 1.42785
0.918739 1.43659
0.920739 1.44543
0.922738 1.45437
0.924737 1.46341
0.926737 1.47255
0.928736 1.48179
0.930736 1.49113
0.932735 1.50056
0.934735 1.5101
0.936734 1.51974
0.938734 1.52947
0.940733 1.53931
0.942732 1.54925
0.944732 1.55928
0.946731 1.56942
0.948731 1.57965
0.95073 1.58998
0.95273 1.60042
0.954729 1.61095
0.956728 1.62158
0.958728 1.63231
0.960727 1.64315
0.962727 1.65408
0.964726 1.66511
0.966726 1.67624
0.968725 1.68624
0.970724 1.69457
0.972724 1.70419
0.974723 1.7151
0.976723 1.7273
0.978722 1.74079
0.980722 1.75558
0.982721 1.77165
0.98472 1.78902
0.98672 1.80768
0.988719 1.82763
0.990719 1.84888
0.992718 1.87141
0.994718 1.89524
0.996717 1.92035
0.998716 1.94676
