-0.999266 -1.10475
-0.997266 -1.08259
-0.995265 -1.06044
-0.993265 -1.03918
-0.991264 -1.03002
-0.989264 -1.02086
-0.987263 -1.01171
-0.985262 -1.00255
-0.983262 -0.993392
-0.981261 -0.985189
-0.979261 -0.9803
-0.97726 -0.97541
-0.97526 -0.970521
-0.973259 -0.965632
-0.971259 -0.960743
-0.969258 -0.955854
-0.967258 -0.950965
-0.965257 -0.946076
-0.963257 -0.942218
-0.961256 -0.939397
-0.959256 -0.936577
-0.957255 -0.933757
-0.955254 -0.930937
-0.953254 -0.928117
-0.951253 -0.925296
-0.949253 -0.922476
-0.947252 -0.919656
-0.945252 -0.916836
-0.943251 -0.914015
-0.941251 -0.911195
-0.93925 -0.909485
-0.93725 -0.907841
-0.935249 -0.906196
-0.933249 -0.904551
-0.931248 -0.902907
-0.929248 -0.901262
-0.927247 -0.899617
-0.925246 -0.897973
-0.923246 -0.896328
-0.921245 -0.894683
-0.919245 -0.893039
-0.917244 -0.891394
-0.915244 -0.889749
-0.913243 -0.888105
-0.911243 -0.886913
-0.909242 -0.885986
-0.907242 -0.885059
-0.905241 -0.884133
-0.903241 -0.883206
-0.90124 -0.882279
-0.89924 -0.881353
-0.897239 -0.880426
-0.895238 -0.879499
-0.893238 -0.878573
-0.891237 -0.877646
-0.889237 -0.876719
-0.887236 -0.875793
-0.885236 -0.874866
-0.883235 -0.873939
-0.881235 -0.873013
-0.879234 -0.872086
-0.877234 -0.871445
-0.875233 -0.870966
-0.873233 -0.870487
-0.871232 -0.870008
-0.869232 -0.869529
-0.867231 -0.86905
-0.86523 -0.868571
-0.86323 -0.868092
-0.861229 -0.867613
-0.859229 -0.867134
-0.857228 -0.866655
-0.855228 -0.866175
-0.853227 -0.865696
-0.851227 -0.865217
-0.849226 -0.864738
-0.847226 -0.864259
-0.845225 -0.86378
-0.843225 -0.863301
-0.841224 -0.862822
-0.839224 -0.862362
-0.837223 -0.862154
-0.835222 -0.861946
-0.833222 -0.861738
-0.831221 -0.86153
-0.829221 -0.861322
-0.82722 -0.861114
-0.82522 -0.860907
-0.823219 -0.860699
-0.821219 -0.860491
-0.819218 -0.860283
-0.817218 -0.860075
-0.815217 -0.859867
-0.813217 -0.859659
-0.811216 -0.859451
-0.809216 -0.859243
-0.807215 -0.859035
-0.805214 -0.858827
-0.803214 -0.858619
-0.801213 -0.858411
-0.799213 -0.858204
-0.797212 -0.857996
-0.795212 -0.857794
-0.793211 -0.857733
-0.791211 -0.857673
-0.78921 -0.857612
-0.78721 -0.857551
-0.785209 -0.857491
-0.783209 -0.85743
-0.781208 -0.85737
-0.779208 -0.857309
-0.777207 -0.857249
-0.775206 -0.857188
-0.773206 -0.857128
-0.771205 -0.857067
-0.769205 -0.857007
-0.767204 -0.856946
-0.765204 -0.856885
-0.763203 -0.856825
-0.761203 -0.856764
-0.759202 -0.856704
-0.757202 -0.856643
-0.755201 -0.856583
-0.753201 -0.856522
-0.7512 -0.856462
-0.7492 -0.856401
-0.747199 -0.85634
-0.745198 -0.856318
-0.743198 -0.856313
-0.741197 -0.856308
-0.739197 -0.856303
-0.737196 -0.856298
-0.735196 -0.856293
-0.733195 -0.856288
-0.731195 -0.856283
-0.729194 -0.856278
-0.727194 -0.856273
-0.725193 -0.856268
-0.723193 -0.856263
-0.721192 -0.856258
-0.719192 -0.856253
-0.717191 -0.856248
-0.715191 -0.856244
-0.71319 -0.856239
-0.711189 -0.856234
-0.709189 -0.856229
-0.707188 -0.856224
-0.705188 -0.856219
-0.703187 -0.856214
-0.701187 -0.856209
-0.699186 -0.856204
-0.697186 -0.856199
-0.695185 -0.856194
-0.693185 -0.856187
-0.691184 -0.856167
-0.689184 -0.856147
-0.687183 -0.856126
-0.685183 -0.856106
-0.683182 -0.856086
-0.681181 -0.856066
-0.679181 -0.856045
-0.67718 -0.856025
-0.67518 -0.856005
-0.673179 -0.855984
-0.671179 -0.855964
-0.669178 -0.855944
-0.667178 -0.855924
-0.665177 -0.855903
-0.663177 -0.855883
-0.661176 -0.855863
-0.659176 -0.855842
-0.657175 -0.855822
-0.655175 -0.855802
-0.653174 -0.855782
-0.651173 -0.855761
-0.649173 -0.855741
-0.647172 -0.855721
-0.645172 -0.8557
-0.643171 -0.85568
-0.641171 -0.85566
-0.63917 -0.855639
-0.63717 -0.855619
-0.635169 -0.85556
-0.633169 -0.855468
-0.631168 -0.855376
-0.629168 -0.855283
-0.627167 -0.855191
-0.625167 -0.855099
-0.623166 -0.855006
-0.621165 -0.854914
-0.619165 -0.854822
-0.617164 -0.854729
-0.615164 -0.854637
-0.613163 -0.854545
-0.611163 -0.854452
-0.609162 -0.85436
-0.607162 -0.854268
-0.605161 -0.854176
-0.603161 -0.854083
-0.60116 -0.853991
-0.59916 -0.853899
-0.597159 -0.853806
-0.595159 -0.853714
-0.593158 -0.853622
-0.591157 -0.853529
-0.589157 -0.853437
-0.587156 -0.853345
-0.585156 -0.853252
-0.583155 -0.85316
-0.581155 -0.853068
-0.579154 -0.852975
-0.577154 -0.852883
-0.575153 -0.852781
-0.573153 -0.85257
-0.571152 -0.85236
-0.569152 -0.852149
-0.567151 -0.851938
-0.565151 -0.851727
-0.56315 -0.851517
-0.561149 -0.851306
-0.559149 -0.851095
-0.557148 -0.850885
-0.555148 -0.850674
-0.553147 -0.850463
-0.551147 -0.850252
-0.549146 -0.850042
-0.547146 -0.849831
-0.545145 -0.84962
-0.543145 -0.84941
-0.541144 -0.849199
-0.539144 -0.848988
-0.537143 -0.848777
-0.535143 -0.848567
-0.533142 -0.848356
-0.531141 -0.848145
-0.529141 -0.847935
-0.52714 -0.847724
-0.52514 -0.847513
-0.523139 -0.847302
-0.521139 -0.847092
-0.519138 -0.846881
-0.517138 -0.84667
-0.515137 -0.84646
-0.513137 -0.846249
-0.511136 -0.846038
-0.509136 -0.84568
-0.507135 -0.845312
-0.505135 -0.844944
-0.503134 -0.844576
-0.501133 -0.844209
-0.499133 -0.843841
-0.497132 -0.843473
-0.495132 -0.843105
-0.493131 -0.842738
-0.491131 -0.84237
-0.48913 -0.842002
-0.48713 -0.841634
-0.485129 -0.841267
-0.483129 -0.840899
-0.481128 -0.840531
-0.479128 -0.840163
-0.477127 -0.839795
-0.475127 -0.839428
-0.473126 -0.83906
-0.471125 -0.838692
-0.469125 -0.838324
-0.467124 -0.837957
-0.465124 -0.837589
-0.463123 -0.837221
-0.461123 -0.836853
-0.459122 -0.836486
-0.457122 -0.836118
-0.455121 -0.83575
-0.453121 -0.835382
-0.45112 -0.835015
-0.44912 -0.834647
-0.447119 -0.834279
-0.445119 -0.833911
-0.443118 -0.833487
-0.441117 -0.832929
-0.439117 -0.832372
-0.437116 -0.831814
-0.435116 -0.831257
-0.433115 -0.8307
-0.431115 -0.830142
-0.429114 -0.829585
-0.427114 -0.829028
-0.425113 -0.82847
-0.423113 -0.827913
-0.421112 -0.827355
-0.419112 -0.826798
-0.417111 -0.826241
-0.415111 -0.825683
-0.41311 -0.825126
-0.41111 -0.824568
-0.409109 -0.824011
-0.407108 -0.823454
-0.405108 -0.822896
-0.403107 -0.822339
-0.401107 -0.821782
-0.399106 -0.821224
-0.397106 -0.820667
-0.395105 -0.820109
-0.393105 -0.819552
-0.391104 -0.818995
-0.389104 -0.818437
-0.387103 -0.81788
-0.385103 -0.817323
-0.383102 -0.816765
-0.381102 -0.816208
-0.379101 -0.81565
-0.3771 -0.815093
-0.3751 -0.814536
-0.373099 -0.8139
-0.371099 -0.813126
-0.369098 -0.812351
-0.367098 -0.811576
-0.365097 -0.810801
-0.363097 -0.810027
-0.361096 -0.809252
-0.359096 -0.808477
-0.357095 -0.807702
-0.355095 -0.806928
-0.353094 -0.806153
-0.351094 -0.805378
-0.349093 -0.804603
-0.347092 -0.803829
-0.345092 -0.803054
-0.343091 -0.802279
-0.341091 -0.801505
-0.33909 -0.80073
-0.33709 -0.799955
-0.335089 -0.79918
-0.333089 -0.798406
-0.331088 -0.797631
-0.329088 -0.796856
-0.327087 -0.796081
-0.325087 -0.795307
-0.323086 -0.794532
-0.321086 -0.793757
-0.319085 -0.792982
-0.317084 -0.792208
-0.315084 -0.791433
-0.313083 -0.790658
-0.311083 -0.789884
-0.309082 -0.789109
-0.307082 -0.788334
-0.305081 -0.787559
-0.303081 -0.786785
-0.30108 -0.785933
-0.29908 -0.784917
-0.297079 -0.783901
-0.295079 -0.782885
-0.293078 -0.78187
-0.291078 -0.780854
-0.289077 -0.779838
-0.287076 -0.778822
-0.285076 -0.777807
-0.283075 -0.776791
-0.281075 -0.775775
-0.279074 -0.774759
-0.277074 -0.773743
-0.275073 -0.772728
-0.273073 -0.771712
-0.271072 -0.770696
-0.269072 -0.76968
-0.267071 -0.768665
-0.265071 -0.767649
-0.26307 -0.766633
-0.26107 -0.765617
-0.259069 -0.764601
-0.257068 -0.763586
-0.255068 -0.76257
-0.253067 -0.761554
-0.251067 -0.760538
-0.249066 -0.759523
-0.247066 -0.758507
-0.245065 -0.757491
-0.243065 -0.756475
-0.241064 -0.755459
-0.239064 -0.754444
-0.237063 -0.753428
-0.235063 -0.752412
-0.233062 -0.751396
-0.231062 -0.750381
-0.229061 -0.749365
-0.22706 -0.748245
-0.22506 -0.746968
-0.223059 -0.745691
-0.221059 -0.744414
-0.219058 -0.743137
-0.217058 -0.74186
-0.215057 -0.740583
-0.213057 -0.739306
-0.211056 -0.738029
-0.209056 -0.736752
-0.207055 -0.735475
-0.205055 -0.734197
-0.203054 -0.73292
-0.201054 -0.731643
-0.199053 -0.730366
-0.197052 -0.729089
-0.195052 -0.727812
-0.193051 -0.726535
-0.191051 -0.725258
-0.18905 -0.723981
-0.18705 -0.722704
-0.185049 -0.721426
-0.183049 -0.720149
-0.181048 -0.718872
-0.179048 -0.717595
-0.177047 -0.716318
-0.175047 -0.715041
-0.173046 -0.713764
-0.171046 -0.712487
-0.169045 -0.71121
-0.167044 -0.709933
-0.165044 -0.708655
-0.163043 -0.707378
-0.161043 -0.706101
-0.159042 -0.704824
-0.157042 -0.703547
-0.155041 -0.70227
-0.153041 -0.700993
-0.15104 -0.699492
-0.14904 -0.697936
-0.147039 -0.69638
-0.145039 -0.694824
-0.143038 -0.693268
-0.141038 -0.691713
-0.139037 -0.690157
-0.137037 -0.688601
-0.135036 -0.687045
-0.133035 -0.685489
-0.131035 -0.683934
-0.129034 -0.682378
-0.127034 -0.680822
-0.125033 -0.679266
-0.123033 -0.67771
-0.121032 -0.676155
-0.119032 -0.674599
-0.117031 -0.673043
-0.115031 -0.671487
-0.11303 -0.669932
-0.11103 -0.668376
-0.109029 -0.66682
-0.107029 -0.665264
-0.105028 -0.663708
-0.103027 -0.662153
-0.101027 -0.660597
-0.0990264 -0.659041
-0.0970258 -0.657485
-0.0950253 -0.655929
-0.0930248 -0.654374
-0.0910242 -0.652818
-0.0890237 -0.651262
-0.0870232 -0.649706
-0.0850226 -0.64815
-0.0830221 -0.646595
-0.0810216 -0.645039
-0.079021 -0.643483
-0.0770205 -0.641927
-0.07502 -0.640147
-0.0730194 -0.638298
-0.0710189 -0.636448
-0.0690184 -0.634599
-0.0670179 -0.63275
-0.0650173 -0.6309
-0.0630168 -0.629051
-0.0610163 -0.627202
-0.0590157 -0.625352
-0.0570152 -0.623503
-0.0550147 -0.621654
-0.0530141 -0.619804
-0.0510136 -0.617955
-0.0490131 -0.616105
-0.0470125 -0.614256
-0.045012 -0.612407
-0.0430115 -0.610557
-0.0410109 -0.608708
-0.0390104 -0.606859
-0.0370099 -0.605009
-0.0350093 -0.60316
-0.0330088 -0.601311
-0.0310083 -0.599461
-0.0290077 -0.597612
-0.0270072 -0.595763
-0.0250067 -0.593913
-0.0230061 -0.592064
-0.0210056 -0.590215
-0.0190051 -0.588365
-0.0170045 -0.586516
-0.015004 -0.584666
-0.0130035 -0.582817
-0.0110029 -0.580968
-0.0090024 -0.579118
-0.00700187 -0.577269
-0.00500133 -0.57542
-0.0030008 -0.57357
-0.00100027 -0.571721
0.00100027 -0.569719
0.0030008 -0.567563
0.00500133 -0.565407
0.00700187 -0.563252
0.0090024 -0.561096
0.0110029 -0.55894
0.0130035 -0.556785
0.015004 -0.554629
0.0170045 -0.552473
0.0190051 -0.550318
0.0210056 -0.548162
0.0230061 -0.546007
0.0250067 -0.543851
0.0270072 -0.541695
0.0290077 -0.53954
0.0310083 -0.537384
0.0330088 -0.535228
0.0350093 -0.533073
0.0370099 -0.530917
0.0390104 -0.528762
0.0410109 -0.526606
0.0430115 -0.52445
0.045012 -0.522295
0.0470125 -0.520139
0.0490131 -0.517983
0.0510136 -0.515828
0.0530141 -0.513672
0.0550147 -0.511516
0.0570152 -0.509361
0.0590157 -0.507205
0.0610163 -0.50505
0.0630168 -0.502894
0.0650173 -0.500738
0.0670179 -0.498583
0.0690184 -0.496427
0.0710189 -0.494271
0.0730194 -0.492116
0.07502 -0.48996
0.0770205 -0.48773
0.079021 -0.485257
0.0810216 -0.482784
0.0830221 -0.480311
0.0850226 -0.477838
0.0870232 -0.475366
0.0890237 -0.472893
0.0910242 -0.47042
0.0930248 -0.467947
0.0950253 -0.465474
0.0970258 -0.463001
0.0990264 -0.460529
0.101027 -0.458056
0.103027 -0.455583
0.105028 -0.45311
0.107029 -0.450637
0.109029 -0.448164
0.11103 -0.445692
0.11303 -0.443219
0.115031 -0.440746
0.117031 -0.438273
0.119032 -0.4358
0.121032 -0.433328
0.123033 -0.430855
0.125033 -0.428382
0.127034 -0.425909
0.129034 -0.423436
0.131035 -0.420963
0.133035 -0.418491
0.135036 -0.416018
0.137037 -0.413545
0.139037 -0.411072
0.141038 -0.408599
0.143038 -0.406126
0.145039 -0.403654
0.147039 -0.401181
0.14904 -0.398708
0.15104 -0.396235
0.153041 -0.393698
0.155041 -0.390899
0.157042 -0.388099
0.159042 -0.3853
0.161043 -0.3825
0.163043 -0.379701
0.165044 -0.376901
0.167044 -0.374102
0.169045 -0.371302
0.171046 -0.368503
0.173046 -0.365703
0.175047 -0.362904
0.177047 -0.360104
0.179048 -0.357305
0.181048 -0.354505
0.183049 -0.351706
0.185049 -0.348906
0.18705 -0.346107
0.18905 -0.343307
0.191051 -0.340507
0.193051 -0.337708
0.195052 -0.334908
0.197052 -0.332109
0.199053 -0.329309
0.201054 -0.32651
0.203054 -0.32371
0.205055 -0.320911
0.207055 -0.318111
0.209056 -0.315312
0.211056 -0.312512
0.213057 -0.309713
0.215057 -0.306913
0.217058 -0.304114
0.219058 -0.301314
0.221059 -0.298515
0.223059 -0.295715
0.22506 -0.292916
0.22706 -0.290116
0.229061 -0.287114
0.231062 -0.28398
0.233062 -0.280845
0.235063 -0.277711
0.237063 -0.274576
0.239064 -0.271441
0.241064 -0.268307
0.243065 -0.265172
0.245065 -0.262037
0.247066 -0.258903
0.249066 -0.255768
0.251067 -0.252633
0.253067 -0.249499
0.255068 -0.246364
0.257068 -0.24323
0.259069 -0.240095
0.26107 -0.23696
0.26307 -0.233826
0.265071 -0.230691
0.267071 -0.227556
0.269072 -0.224422
0.271072 -0.221287
0.273073 -0.218152
0.275073 -0.215018
0.277074 -0.211883
0.279074 -0.208749
0.281075 -0.205614
0.283075 -0.202479
0.285076 -0.199345
0.287076 -0.19621
0.289077 -0.193075
0.291078 -0.189941
0.293078 -0.186806
0.295079 -0.183672
0.297079 -0.180537
0.29908 -0.177402
0.30108 -0.174268
0.303081 -0.1709
0.305081 -0.167422
0.307082 -0.163945
0.309082 -0.160467
0.311083 -0.156989
0.313083 -0.153512
0.315084 -0.150034
0.317084 -0.146557
0.319085 -0.143079
0.321086 -0.139601
0.323086 -0.136124
0.325087 -0.132646
0.327087 -0.129169
0.329088 -0.125691
0.331088 -0.122213
0.333089 -0.118736
0.335089 -0.115258
0.33709 -0.111781
0.33909 -0.108303
0.341091 -0.104825
0.343091 -0.101348
0.345092 -0.0978701
0.347092 -0.0943925
0.349093 -0.0909149
0.351094 -0.0874373
0.353094 -0.0839597
0.355095 -0.0804821
0.357095 -0.0770045
0.359096 -0.0735269
0.361096 -0.0700493
0.363097 -0.0665717
0.365097 -0.0630941
0.367098 -0.0596165
0.369098 -0.0561389
0.371099 -0.0526613
0.373099 -0.0491837
0.3751 -0.0454811
0.3771 -0.0416527
0.379101 -0.0378243
0.381102 -0.0339959
0.383102 -0.0301675
0.385103 -0.0263391
0.387103 -0.0225107
0.389104 -0.0186823
0.391104 -0.0148539
0.393105 -0.0110255
0.395105 -0.00719708
0.397106 -0.00336868
0.399106 0.000459719
0.401107 0.00428812
0.403107 0.00811652
0.405108 0.0119449
0.407108 0.0157733
0.409109 0.0196017
0.41111 0.0234301
0.41311 0.0272585
0.415111 0.0310869
0.417111 0.0349153
0.419112 0.0387437
0.421112 0.0425721
0.423113 0.0464005
0.425113 0.0502289
0.427114 0.0540573
0.429114 0.0578857
0.431115 0.0617142
0.433115 0.0655426
0.435116 0.069371
0.437116 0.0731994
0.439117 0.0770278
0.441117 0.0808562
0.443118 0.0846846
0.445119 0.0887642
0.447119 0.0929519
0.44912 0.0971396
0.45112 0.101327
0.453121 0.105515
0.455121 0.109703
0.457122 0.113891
0.459122 0.118078
0.461123 0.122266
0.463123 0.126454
0.465124 0.130641
0.467124 0.134829
0.469125 0.139017
0.471125 0.143205
0.473126 0.147392
0.475127 0.15158
0.477127 0.155768
0.479128 0.159956
0.481128 0.164143
0.483129 0.168331
0.485129 0.172519
0.48713 0.176706
0.48913 0.180894
0.491131 0.185082
0.493131 0.18927
0.495132 0.193457
0.497132 0.197645
0.499133 0.201833
0.501133 0.206021
0.503134 0.210208
0.505135 0.214396
0.507135 0.218584
0.509136 0.222771
0.511136 0.226981
0.513137 0.231538
0.515137 0.236095
0.517138 0.240653
0.519138 0.24521
0.521139 0.249767
0.523139 0.254324
0.52514 0.258881
0.52714 0.263439
0.529141 0.267996
0.531141 0.272553
0.533142 0.27711
0.535143 0.281668
0.537143 0.286225
0.539144 0.290782
0.541144 0.295339
0.543145 0.299896
0.545145 0.304454
0.547146 0.309011
0.549146 0.313568
0.551147 0.318125
0.553147 0.322683
0.555148 0.32724
0.557148 0.331797
0.559149 0.336354
0.561149 0.340911
0.56315 0.345469
0.565151 0.350026
0.567151 0.354583
0.569152 0.35914
0.571152 0.363698
0.573153 0.368255
0.575153 0.372812
0.577154 0.37772
0.579154 0.38266
0.581155 0.3876
0.583155 0.39254
0.585156 0.39748
0.587156 0.402419
0.589157 0.407359
0.591157 0.412299
0.593158 0.417239
0.595159 0.422179
0.597159 0.427119
0.59916 0.432059
0.60116 0.436998
0.603161 0.441938
0.605161 0.446878
0.607162 0.451818
0.609162 0.456758
0.611163 0.461698
0.613163 0.466638
0.615164 0.471577
0.617164 0.476517
0.619165 0.481457
0.621165 0.486397
0.623166 0.491337
0.625167 0.496277
0.627167 0.501216
0.629168 0.506156
0.631168 0.511096
0.633169 0.516036
0.635169 0.520976
0.63717 0.526101
0.63917 0.531442
0.641171 0.536782
0.643171 0.542123
0.645172 0.547463
0.647172 0.552803
0.649173 0.558144
0.651173 0.563484
0.653174 0.568825
0.655175 0.574165
0.657175 0.579505
0.659176 0.584846
0.661176 0.590186
0.663177 0.595527
0.665177 0.600867
0.667178 0.606207
0.669178 0.611548
0.671179 0.616888
0.673179 0.622229
0.67518 0.627569
0.67718 0.63291
0.679181 0.63825
0.681181 0.64359
0.683182 0.648931
0.685183 0.654271
0.687183 0.659612
0.689184 0.664952
0.691184 0.670292
0.693185 0.675633
0.695185 0.681346
0.697186 0.687113
0.699186 0.692879
0.701187 0.698646
0.703187 0.704412
0.705188 0.710178
0.707188 0.715945
0.709189 0.721711
0.711189 0.727478
0.71319 0.733244
0.715191 0.739011
0.717191 0.744777
0.719192 0.750543
0.721192 0.75631
0.723193 0.762076
0.725193 0.767843
0.727194 0.773609
0.729194 0.779375
0.731195 0.785142
0.733195 0.790908
0.735196 0.796675
0.737196 0.802441
0.739197 0.808208
0.741197 0.813974
0.743198 0.81974
0.745198 0.825507
0.747199 0.831423
0.7492 0.837652
0.7512 0.843882
0.753201 0.850111
0.755201 0.856341
0.757202 0.862571
0.759202 0.8688
0.761203 0.87503
0.763203 0.881259
0.765204 0.887489
0.767204 0.893718
0.769205 0.899948
0.771205 0.906178
0.773206 0.912407
0.775206 0.918637
0.777207 0.924866
0.779208 0.931096
0.781208 0.937326
0.783209 0.943555
0.785209 0.949785
0.78721 0.956014
0.78921 0.962244
0.791211 0.968473
0.793211 0.974703
0.795212 0.980933
0.797212 0.98766
0.799213 0.994408
0.801213 1.00116
0.803214 1.0079
0.805214 1.01465
0.807215 1.0214
0.809216 1.02815
0.811216 1.0349
0.813217 1.04165
0.815217 1.04839
0.817218 1.05514
0.819218 1.06189
0.821219 1.06864
0.823219 1.07539
0.82522 1.08214
0.82722 1.08888
0.829221 1.09563
0.831221 1.10238
0.833222 1.10913
0.835222 1.11588
0.837223 1.12263
0.839224 1.12937
0.841224 1.13668
0.843225 1.14404
0.845225 1.15139
0.847226 1.15874
0.849226 1.16609
0.851227 1.17345
0.853227 1.1808
0.855228 1.18815
0.857228 1.1955
0.859229 1.20286
0.861229 1.21021
0.86323 1.21756
0.86523 1.22491
0.867231 1.23227
0.869232 1.23962
0.871232 1.24697
0.873233 1.25432
0.875233 1.26167
0.877234 1.26903
0.879234 1.27665
0.881235 1.28474
0.883235 1.29283
0.885236 1.30092
0.887236 1.30902
0.889237 1.31711
0.891237 1.3252
0.893238 1.3333
0.895238 1.34139
0.897239 1.34948
0.89924 1.35757
0.90124 1.36567
0.903241 1.37376
0.905241 1.38185
0.907242 1.38994
0.909242 1.39804
0.911243 1.40613
0.913243 1.41458
0.915244 1.42364
0.917244 1.4327
0.919245 1.44176
0.921245 1.45082
0.923246 1.45989
0.925246 1.46895
0.927247 1.47801
0.929248 1.48707
0.931248 1.49613
0.933249 1.50519
0.935249 1.51425
0.93725 1.52331
0.93925 1.53238
0.941251 1.54151
0.943251 1.55196
0.945252 1.5624
0.947252 1.57284
0.949253 1.58329
0.951253 1.59373
0.953254 1.60418
0.955254 1.61462
0.957255 1.62506
0.959256 1.63551
0.961256 1.64595
0.963257 1.6564
0.965257 1.66796
0.967258 1.68063
0.969258 1.69331
0.971259 1.70598
0.973259 1.71866
0.97526 1.73133
0.97726 1.74401
0.979261 1.75668
0.981261 1.76936
0.983262 1.78544
0.985262 1.8025
0.987263 1.81956
0.989264 1.83662
0.991264 1.85368
0.993265 1.87074
0.995265 1.89997
0.997266 1.93009
0.999266 1.96022
