-0.999526 -1.11174
-0.997525 -1.08067
-0.995524 -1.05531
-0.993523 -1.03565
-0.991521 -1.0217
-0.98952 -1.01346
-0.987519 -1.00853
-0.985518 -1.00077
-0.983517 -0.993406
-0.981516 -0.986445
-0.979515 -0.979883
-0.977514 -0.973722
-0.975513 -0.967961
-0.973512 -0.9626
-0.971511 -0.957639
-0.96951 -0.953079
-0.967509 -0.948918
-0.965508 -0.945158
-0.963507 -0.941798
-0.961506 -0.938768
-0.959505 -0.935595
-0.957504 -0.932517
-0.955503 -0.929535
-0.953502 -0.926649
-0.9515 -0.923858
-0.949499 -0.921164
-0.947498 -0.918565
-0.945497 -0.916062
-0.943496 -0.913655
-0.941495 -0.911343
-0.939494 -0.909128
-0.937493 -0.907008
-0.935492 -0.904984
-0.933491 -0.903056
-0.93149 -0.901224
-0.929489 -0.899488
-0.927488 -0.897847
-0.925487 -0.896302
-0.923486 -0.894853
-0.921485 -0.8935
-0.919484 -0.892165
-0.917483 -0.89084
-0.915482 -0.889548
-0.91348 -0.888288
-0.911479 -0.887061
-0.909478 -0.885867
-0.907477 -0.884705
-0.905476 -0.883576
-0.903475 -0.88248
-0.901474 -0.881417
-0.899473 -0.880386
-0.897472 -0.879387
-0.895471 -0.878422
-0.89347 -0.877489
-0.891469 -0.876589
-0.889468 -0.875722
-0.887467 -0.874887
-0.885466 -0.874085
-0.883465 -0.873315
-0.881464 -0.872579
-0.879463 -0.871875
-0.877462 -0.871203
-0.87546 -0.870565
-0.873459 -0.869959
-0.871458 -0.869385
-0.869457 -0.868845
-0.867456 -0.868337
-0.865455 -0.867853
-0.863454 -0.867365
-0.861453 -0.866889
-0.859452 -0.866426
-0.857451 -0.865974
-0.85545 -0.865534
-0.853449 -0.865105
-0.851448 -0.864689
-0.849447 -0.864285
-0.847446 -0.863892
-0.845445 -0.863511
-0.843444 -0.863142
-0.841443 -0.862785
-0.839442 -0.86244
-0.83744 -0.862107
-0.835439 -0.861786
-0.833438 -0.861476
-0.831437 -0.861179
-0.829436 -0.860893
-0.827435 -0.860619
-0.825434 -0.860357
-0.823433 -0.860107
-0.821432 -0.859868
-0.819431 -0.859642
-0.81743 -0.859428
-0.815429 -0.859225
-0.813428 -0.859034
-0.811427 -0.858855
-0.809426 -0.858688
-0.807425 -0.858533
-0.805424 -0.85839
-0.803423 -0.858258
-0.801422 -0.858139
-0.79942 -0.858031
-0.797419 -0.857931
-0.795418 -0.857828
-0.793417 -0.857728
-0.791416 -0.857632
-0.789415 -0.857538
-0.787414 -0.857447
-0.785413 -0.857359
-0.783412 -0.857275
-0.781411 -0.857193
-0.77941 -0.857115
-0.777409 -0.857039
-0.775408 -0.856967
-0.773407 -0.856898
-0.771406 -0.856831
-0.769405 -0.856768
-0.767404 -0.856708
-0.765403 -0.856651
-0.763402 -0.856597
-0.7614 -0.856546
-0.759399 -0.856498
-0.757398 -0.856454
-0.755397 -0.856412
-0.753396 -0.856373
-0.751395 -0.856338
-0.749394 -0.856305
-0.747393 -0.856276
-0.745392 -0.856249
-0.743391 -0.856226
-0.74139 -0.856206
-0.739389 -0.856189
-0.737388 -0.856174
-0.735387 -0.856163
-0.733386 -0.856155
-0.731385 -0.85615
-0.729384 -0.856149
-0.727383 -0.85615
-0.725382 -0.856154
-0.72338 -0.856161
-0.721379 -0.856172
-0.719378 -0.856185
-0.717377 -0.8562
-0.715376 -0.85621
-0.713375 -0.856219
-0.711374 -0.856227
-0.709373 -0.856234
-0.707372 -0.856239
-0.705371 -0.856243
-0.70337 -0.856245
-0.701369 -0.856246
-0.699368 -0.856246
-0.697367 -0.856245
-0.695366 -0.856242
-0.693365 -0.856238
-0.691364 -0.856233
-0.689363 -0.856226
-0.687362 -0.856218
-0.68536 -0.856209
-0.683359 -0.856198
-0.681358 -0.856186
-0.679357 -0.856173
-0.677356 -0.856159
-0.675355 -0.856143
-0.673354 -0.856126
-0.671353 -0.856107
-0.669352 -0.856088
-0.667351 -0.856067
-0.66535 -0.856044
-0.663349 -0.856021
-0.661348 -0.855996
-0.659347 -0.855969
-0.657346 -0.855942
-0.655345 -0.855913
-0.653344 -0.855883
-0.651343 -0.855851
-0.649342 -0.855818
-0.64734 -0.855784
-0.645339 -0.855749
-0.643338 -0.855712
-0.641337 -0.855674
-0.639336 -0.855635
-0.637335 -0.855594
-0.635334 -0.855552
-0.633333 -0.855509
-0.631332 -0.855464
-0.629331 -0.855418
-0.62733 -0.855371
-0.625329 -0.855319
-0.623328 -0.855263
-0.621327 -0.855203
-0.619326 -0.85514
-0.617325 -0.855072
-0.615324 -0.855001
-0.613323 -0.854926
-0.611322 -0.854848
-0.60932 -0.854765
-0.607319 -0.854679
-0.605318 -0.854589
-0.603317 -0.854496
-0.601316 -0.854398
-0.599315 -0.854297
-0.597314 -0.854193
-0.595313 -0.854084
-0.593312 -0.853972
-0.591311 -0.853856
-0.58931 -0.853736
-0.587309 -0.853612
-0.585308 -0.853485
-0.583307 -0.853354
-0.581306 -0.853219
-0.579305 -0.853081
-0.577304 -0.852939
-0.575303 -0.852793
-0.573302 -0.852643
-0.5713 -0.852489
-0.569299 -0.852332
-0.567298 -0.852171
-0.565297 -0.852006
-0.563296 -0.851838
-0.561295 -0.851666
-0.559294 -0.85149
-0.557293 -0.85131
-0.555292 -0.851127
-0.553291 -0.850939
-0.55129 -0.850748
-0.549289 -0.850554
-0.547288 -0.850355
-0.545287 -0.850153
-0.543286 -0.849947
-0.541285 -0.849737
-0.539284 -0.849524
-0.537283 -0.849307
-0.535282 -0.849086
-0.53328 -0.848861
-0.531279 -0.848633
-0.529278 -0.848401
-0.527277 -0.848165
-0.525276 -0.847924
-0.523275 -0.847677
-0.521274 -0.847425
-0.519273 -0.847168
-0.517272 -0.846906
-0.515271 -0.846638
-0.51327 -0.846365
-0.511269 -0.846087
-0.509268 -0.845803
-0.507267 -0.845515
-0.505266 -0.845221
-0.503265 -0.844922
-0.501264 -0.844617
-0.499263 -0.844308
-0.497262 -0.843993
-0.49526 -0.843673
-0.493259 -0.843348
-0.491258 -0.843017
-0.489257 -0.842681
-0.487256 -0.84234
-0.485255 -0.841994
-0.483254 -0.841643
-0.481253 -0.841286
-0.479252 -0.840924
-0.477251 -0.840557
-0.47525 -0.840185
-0.473249 -0.839807
-0.471248 -0.839424
-0.469247 -0.839036
-0.467246 -0.838643
-0.465245 -0.838244
-0.463244 -0.837841
-0.461243 -0.837432
-0.459242 -0.837017
-0.45724 -0.836598
-0.455239 -0.836173
-0.453238 -0.835743
-0.451237 -0.835308
-0.449236 -0.834868
-0.447235 -0.834422
-0.445234 -0.833971
-0.443233 -0.833515
-0.441232 -0.833054
-0.439231 -0.832587
-0.43723 -0.832116
-0.435229 -0.831639
-0.433228 -0.831156
-0.431227 -0.830669
-0.429226 -0.830176
-0.427225 -0.829678
-0.425224 -0.829175
-0.423223 -0.828666
-0.421222 -0.828153
-0.41922 -0.827634
-0.417219 -0.827109
-0.415218 -0.826578
-0.413217 -0.826041
-0.411216 -0.825497
-0.409215 -0.824947
-0.407214 -0.824391
-0.405213 -0.823828
-0.403212 -0.82326
-0.401211 -0.822685
-0.39921 -0.822104
-0.397209 -0.821517
-0.395208 -0.820923
-0.393207 -0.820323
-0.391206 -0.819717
-0.389205 -0.819105
-0.387204 -0.818487
-0.385203 -0.817862
-0.383202 -0.817231
-0.3812 -0.816594
-0.379199 -0.815951
-0.377198 -0.815302
-0.375197 -0.814646
-0.373196 -0.813984
-0.371195 -0.813316
-0.369194 -0.812641
-0.367193 -0.811961
-0.365192 -0.811274
-0.363191 -0.810581
-0.36119 -0.809882
-0.359189 -0.809176
-0.357188 -0.808465
-0.355187 -0.807747
-0.353186 -0.807023
-0.351185 -0.806292
-0.349184 -0.805556
-0.347183 -0.804813
-0.345182 -0.804064
-0.34318 -0.803309
-0.341179 -0.802547
-0.339178 -0.801779
-0.337177 -0.801005
-0.335176 -0.800225
-0.333175 -0.799439
-0.331174 -0.798646
-0.329173 -0.797848
-0.327172 -0.797043
-0.325171 -0.796231
-0.32317 -0.795414
-0.321169 -0.79459
-0.319168 -0.79376
-0.317167 -0.792924
-0.315166 -0.792082
-0.313165 -0.791233
-0.311164 -0.790378
-0.309163 -0.789517
-0.307162 -0.78865
-0.305161 -0.787777
-0.303159 -0.786897
-0.301158 -0.78601
-0.299157 -0.785116
-0.297156 -0.784216
-0.295155 -0.783308
-0.293154 -0.782393
-0.291153 -0.781472
-0.289152 -0.780543
-0.287151 -0.779608
-0.28515 -0.778665
-0.283149 -0.777716
-0.281148 -0.77676
-0.279147 -0.775797
-0.277146 -0.774827
-0.275145 -0.77385
-0.273144 -0.772866
-0.271143 -0.771875
-0.269142 -0.770877
-0.267141 -0.769872
-0.265139 -0.76886
-0.263138 -0.767842
-0.261137 -0.766816
-0.259136 -0.765784
-0.257135 -0.764744
-0.255134 -0.763698
-0.253133 -0.762644
-0.251132 -0.761584
-0.249131 -0.760517
-0.24713 -0.759443
-0.245129 -0.758362
-0.243128 -0.757274
-0.241127 -0.756179
-0.239126 -0.755077
-0.237125 -0.753968
-0.235124 -0.752852
-0.233123 -0.75173
-0.231122 -0.7506
-0.229121 -0.749463
-0.227119 -0.74832
-0.225118 -0.74717
-0.223117 -0.746012
-0.221116 -0.744848
-0.219115 -0.743677
-0.217114 -0.742498
-0.215113 -0.741313
-0.213112 -0.740121
-0.211111 -0.738922
-0.20911 -0.737716
-0.207109 -0.736503
-0.205108 -0.735284
-0.203107 -0.734057
-0.201106 -0.732823
-0.199105 -0.731583
-0.197104 -0.730335
-0.195103 -0.729081
-0.193102 -0.727819
-0.191101 -0.726551
-0.189099 -0.725276
-0.187098 -0.723993
-0.185097 -0.722704
-0.183096 -0.721408
-0.181095 -0.720104
-0.179094 -0.718793
-0.177093 -0.717474
-0.175092 -0.716148
-0.173091 -0.714814
-0.17109 -0.713473
-0.169089 -0.712124
-0.167088 -0.710767
-0.165087 -0.709403
-0.163086 -0.708032
-0.161085 -0.706653
-0.159084 -0.705267
-0.157083 -0.703873
-0.155082 -0.702472
-0.153081 -0.701063
-0.151079 -0.699646
-0.149078 -0.698222
-0.147077 -0.696791
-0.145076 -0.695352
-0.143075 -0.693906
-0.141074 -0.692452
-0.139073 -0.69099
-0.137072 -0.689522
-0.135071 -0.688045
-0.13307 -0.686561
-0.131069 -0.68507
-0.129068 -0.683571
-0.127067 -0.682064
-0.125066 -0.68055
-0.123065 -0.679029
-0.121064 -0.6775
-0.119063 -0.675964
-0.117062 -0.67442
-0.115061 -0.672868
-0.113059 -0.671309
-0.111058 -0.669743
-0.109057 -0.668169
-0.107056 -0.666587
-0.105055 -0.664998
-0.103054 -0.663402
-0.101053 -0.661798
-0.0990521 -0.660186
-0.097051 -0.658567
-0.09505 -0.656941
-0.0930489 -0.655307
-0.0910479 -0.653665
-0.0890468 -0.652016
-0.0870458 -0.65036
-0.0850447 -0.648696
-0.0830437 -0.647024
-0.0810426 -0.645345
-0.0790416 -0.643659
-0.0770405 -0.641965
-0.0750395 -0.640263
-0.0730384 -0.638554
-0.0710374 -0.636837
-0.0690363 -0.635113
-0.0670353 -0.633382
-0.0650342 -0.631643
-0.0630332 -0.629896
-0.0610321 -0.628142
-0.059031 -0.62638
-0.05703 -0.62461
-0.0550289 -0.622832
-0.0530279 -0.621046
-0.0510268 -0.619252
-0.0490258 -0.61745
-0.0470247 -0.615639
-0.0450237 -0.613821
-0.0430226 -0.611995
-0.0410216 -0.610161
-0.0390205 -0.608319
-0.0370195 -0.606469
-0.0350184 -0.604611
-0.0330174 -0.602744
-0.0310163 -0.60087
-0.0290153 -0.598988
-0.0270142 -0.597098
-0.0250132 -0.5952
-0.0230121 -0.593293
-0.0210111 -0.591379
-0.01901 -0.589457
-0.0170089 -0.587527
-0.0150079 -0.585588
-0.0130068 -0.583642
-0.0110058 -0.581688
-0.00900474 -0.579726
-0.00700368 -0.577755
-0.00500263 -0.575777
-0.00300158 -0.573791
-0.00100053 -0.571796
0.00100053 -0.569794
0.00300158 -0.567784
0.00500263 -0.565766
0.00700368 -0.563739
0.00900474 -0.561705
0.0110058 -0.559662
0.0130068 -0.557612
0.0150079 -0.555554
0.0170089 -0.553487
0.01901 -0.551413
0.0210111 -0.549331
0.0230121 -0.54724
0.0250132 -0.545142
0.0270142 -0.543035
0.0290153 -0.540921
0.0310163 -0.538798
0.0330174 -0.536668
0.0350184 -0.534529
0.0370195 -0.532383
0.0390205 -0.530229
0.0410216 -0.528066
0.0430226 -0.525896
0.0450237 -0.523717
0.0470247 -0.521531
0.0490258 -0.519336
0.0510268 -0.517133
0.0530279 -0.514923
0.0550289 -0.512704
0.05703 -0.510478
0.059031 -0.508243
0.0610321 -0.506001
0.0630332 -0.50375
0.0650342 -0.501491
0.0670353 -0.499223
0.0690363 -0.496947
0.0710374 -0.494663
0.0730384 -0.492369
0.0750395 -0.490068
0.0770405 -0.487758
0.0790416 -0.485439
0.0810426 -0.483112
0.0830437 -0.480776
0.0850447 -0.478432
0.0870458 -0.476079
0.0890468 -0.473718
0.0910479 -0.471348
0.0930489 -0.46897
0.09505 -0.466583
0.097051 -0.464187
0.0990521 -0.461784
0.101053 -0.459371
0.103054 -0.45695
0.105055 -0.454521
0.107056 -0.452083
0.109057 -0.449637
0.111058 -0.447182
0.113059 -0.444719
0.115061 -0.442247
0.117062 -0.439766
0.119063 -0.437277
0.121064 -0.43478
0.123065 -0.432274
0.125066 -0.429759
0.127067 -0.427236
0.129068 -0.424705
0.131069 -0.422165
0.13307 -0.419616
0.135071 -0.417059
0.137072 -0.414494
0.139073 -0.41192
0.141074 -0.409337
0.143075 -0.406746
0.145076 -0.404146
0.147077 -0.401538
0.149078 -0.398921
0.151079 -0.396296
0.153081 -0.393663
0.155082 -0.39102
0.157083 -0.38837
0.159084 -0.385711
0.161085 -0.383043
0.163086 -0.380367
0.165087 -0.377682
0.167088 -0.374989
0.169089 -0.372287
0.17109 -0.369577
0.173091 -0.366858
0.175092 -0.36413
0.177093 -0.361395
0.179094 -0.35865
0.181095 -0.355897
0.183096 -0.353136
0.185097 -0.350366
0.187098 -0.347588
0.189099 -0.3448
0.191101 -0.342003
0.193102 -0.339197
0.195103 -0.336382
0.197104 -0.333558
0.199105 -0.330725
0.201106 -0.327882
0.203107 -0.325031
0.205108 -0.322171
0.207109 -0.319301
0.20911 -0.316422
0.211111 -0.313535
0.213112 -0.310638
0.215113 -0.307732
0.217114 -0.304817
0.219115 -0.301893
0.221116 -0.29896
0.223117 -0.296018
0.225118 -0.293067
0.227119 -0.290106
0.229121 -0.287137
0.231122 -0.284158
0.233123 -0.281171
0.235124 -0.278174
0.237125 -0.275168
0.239126 -0.272153
0.241127 -0.26913
0.243128 -0.266097
0.245129 -0.263055
0.24713 -0.260003
0.249131 -0.256943
0.251132 -0.253874
0.253133 -0.250795
0.255134 -0.247708
0.257135 -0.244611
0.259136 -0.241506
0.261137 -0.238391
0.263138 -0.235267
0.265139 -0.232134
0.267141 -0.228992
0.269142 -0.225841
0.271143 -0.222681
0.273144 -0.219512
0.275145 -0.216334
0.277146 -0.213146
0.279147 -0.20995
0.281148 -0.206744
0.283149 -0.20353
0.28515 -0.200306
0.287151 -0.197073
0.289152 -0.193832
0.291153 -0.190581
0.293154 -0.187321
0.295155 -0.184051
0.297156 -0.180773
0.299157 -0.177486
0.301158 -0.17419
0.303159 -0.170884
0.305161 -0.16757
0.307162 -0.164246
0.309163 -0.160912
0.311164 -0.157569
0.313165 -0.154215
0.315166 -0.150852
0.317167 -0.147479
0.319168 -0.144096
0.321169 -0.140704
0.32317 -0.137301
0.325171 -0.133889
0.327172 -0.130467
0.329173 -0.127035
0.331174 -0.123594
0.333175 -0.120142
0.335176 -0.116681
0.337177 -0.11321
0.339178 -0.109729
0.341179 -0.106239
0.34318 -0.102738
0.345182 -0.0992283
0.347183 -0.0957084
0.349184 -0.0921786
0.351185 -0.0886391
0.353186 -0.0850898
0.355187 -0.0815306
0.357188 -0.0779617
0.359189 -0.074383
0.36119 -0.0707945
0.363191 -0.0671962
0.365192 -0.0635881
0.367193 -0.0599702
0.369194 -0.0563425
0.371195 -0.052705
0.373196 -0.0490577
0.375197 -0.0454006
0.377198 -0.0417338
0.379199 -0.0380571
0.3812 -0.0343706
0.383202 -0.0306744
0.385203 -0.0269683
0.387204 -0.0232525
0.389205 -0.0195268
0.391206 -0.0157914
0.393207 -0.0120461
0.395208 -0.00829109
0.397209 -0.00452626
0.39921 -0.000751629
0.401211 0.00303279
0.403212 0.00682701
0.405213 0.010631
0.407214 0.0144448
0.409215 0.0182684
0.411216 0.0221018
0.413217 0.025945
0.415218 0.029798
0.417219 0.0336608
0.41922 0.0375329
0.421222 0.0414153
0.423223 0.0453086
0.425224 0.0492125
0.427225 0.0531273
0.429226 0.0570529
0.431227 0.0609892
0.433228 0.0649364
0.435229 0.0688943
0.43723 0.072863
0.439231 0.0768425
0.441232 0.0808327
0.443233 0.0848338
0.445234 0.0888456
0.447235 0.0928682
0.449236 0.0969016
0.451237 0.100946
0.453238 0.105001
0.455239 0.109067
0.45724 0.113143
0.459242 0.11723
0.461243 0.121329
0.463244 0.125437
0.465245 0.129557
0.467246 0.133688
0.469247 0.137829
0.471248 0.141981
0.473249 0.146144
0.47525 0.150317
0.477251 0.154502
0.479252 0.158697
0.481253 0.162903
0.483254 0.167119
0.485255 0.171347
0.487256 0.175585
0.489257 0.179834
0.491258 0.184094
0.493259 0.188365
0.49526 0.192646
0.497262 0.196938
0.499263 0.201241
0.501264 0.205555
0.503265 0.20988
0.505266 0.214215
0.507267 0.218561
0.509268 0.222918
0.511269 0.227286
0.51327 0.231664
0.515271 0.236054
0.517272 0.240454
0.519273 0.244865
0.521274 0.249286
0.523275 0.253719
0.525276 0.258162
0.527277 0.262615
0.529278 0.267079
0.531279 0.271556
0.53328 0.276045
0.535282 0.280546
0.537283 0.285059
0.539284 0.289585
0.541285 0.294123
0.543286 0.298673
0.545287 0.303236
0.547288 0.307811
0.549289 0.312398
0.55129 0.316997
0.553291 0.321609
0.555292 0.326232
0.557293 0.330869
0.559294 0.335517
0.561295 0.340178
0.563296 0.344851
0.565297 0.349536
0.567298 0.354233
0.569299 0.358943
0.5713 0.363665
0.573302 0.368399
0.575303 0.373146
0.577304 0.377905
0.579305 0.382676
0.581306 0.387459
0.583307 0.392255
0.585308 0.397063
0.587309 0.401883
0.58931 0.406716
0.591311 0.41156
0.593312 0.416417
0.595313 0.421287
0.597314 0.426168
0.599315 0.431062
0.601316 0.435968
0.603317 0.440887
0.605318 0.445817
0.607319 0.45076
0.60932 0.455716
0.611322 0.460683
0.613323 0.465663
0.615324 0.470655
0.617325 0.475659
0.619326 0.480676
0.621327 0.485705
0.623328 0.490746
0.625329 0.495799
0.62733 0.500864
0.629331 0.505941
0.631332 0.511032
0.633333 0.516138
0.635334 0.521258
0.637335 0.526394
0.639336 0.531544
0.641337 0.536708
0.643338 0.541888
0.645339 0.547082
0.64734 0.552291
0.649342 0.557515
0.651343 0.562753
0.653344 0.568006
0.655345 0.573274
0.657346 0.578556
0.659347 0.583853
0.661348 0.589165
0.663349 0.594491
0.66535 0.599833
0.667351 0.605189
0.669352 0.610559
0.671353 0.615945
0.673354 0.621345
0.675355 0.62676
0.677356 0.632189
0.679357 0.637633
0.681358 0.643092
0.683359 0.648566
0.68536 0.654054
0.687362 0.659557
0.689363 0.665075
0.691364 0.670607
0.693365 0.676154
0.695366 0.681716
0.697367 0.687293
0.699368 0.692884
0.701369 0.69849
0.70337 0.704111
0.705371 0.709746
0.707372 0.715396
0.709373 0.721061
0.711374 0.726741
0.713375 0.732435
0.715376 0.738144
0.717377 0.743868
0.719378 0.749603
0.721379 0.755356
0.72338 0.761127
0.725382 0.766918
0.727383 0.772728
0.729384 0.778557
0.731385 0.784405
0.733386 0.790272
0.735387 0.796158
0.737388 0.802063
0.739389 0.807988
0.74139 0.813931
0.743391 0.819894
0.745392 0.825875
0.747393 0.831876
0.749394 0.837896
0.751395 0.843934
0.753396 0.849992
0.755397 0.856069
0.757398 0.862165
0.759399 0.868281
0.7614 0.874415
0.763402 0.880568
0.765403 0.886741
0.767404 0.892932
0.769405 0.899143
0.771406 0.905372
0.773407 0.911621
0.775408 0.917889
0.777409 0.924176
0.77941 0.930482
0.781411 0.936807
0.783412 0.943151
0.785413 0.949514
0.787414 0.955896
0.789415 0.962298
0.791416 0.968718
0.793417 0.975158
0.795418 0.981616
0.797419 0.988094
0.79942 0.994585
0.801422 1.0011
0.803423 1.00764
0.805424 1.01421
0.807425 1.02081
0.809426 1.02744
0.811427 1.03409
0.813428 1.04077
0.815429 1.04748
0.81743 1.05422
0.819431 1.06098
0.821432 1.06778
0.823433 1.0746
0.825434 1.08145
0.827435 1.08832
0.829436 1.09523
0.831437 1.10216
0.833438 1.10912
0.835439 1.11611
0.83744 1.12313
0.839442 1.13017
0.841443 1.13724
0.843444 1.14434
0.845445 1.15147
0.847446 1.15863
0.849447 1.16581
0.851448 1.17302
0.853449 1.18026
0.85545 1.18753
0.857451 1.19483
0.859452 1.20215
0.861453 1.2095
0.863454 1.21688
0.865455 1.22429
0.867456 1.23171
0.869457 1.23916
0.871458 1.24667
0.873459 1.25423
0.87546 1.26183
0.877462 1.26949
0.879463 1.27719
0.881464 1.28494
0.883465 1.29274
0.885466 1.30059
0.887467 1.30849
0.889468 1.31643
0.891469 1.32443
0.89347 1.33247
0.895471 1.34057
0.897472 1.34871
0.899473 1.3569
0.901474 1.36514
0.903475 1.37342
0.905476 1.38176
0.907477 1.39014
0.909478 1.39858
0.911479 1.40706
0.91348 1.41559
0.915482 1.42417
0.917483 1.4328
0.919484 1.44147
0.921485 1.45018
0.923486 1.45891
0.925487 1.46776
0.927488 1.47672
0.929489 1.48579
0.93149 1.49498
0.933491 1.50427
0.935492 1.51368
0.937493 1.5232
0.939494 1.53283
0.941495 1.54258
0.943496 1.55243
0.945497 1.5624
0.947498 1.57248
0.949499 1.58267
0.9515 1.59297
0.953502 1.60339
0.955503 1.61391
0.957504 1.62455
0.959505 1.6353
0.961506 1.64616
0.963507 1.6569
0.965508 1.66798
0.967509 1.67947
0.96951 1.69138
0.971511 1.70371
0.973512 1.71646
0.975513 1.72962
0.977514 1.7432
0.979515 1.75719
0.981516 1.7716
0.983517 1.78643
0.985518 1.80167
0.987519 1.81733
0.98952 1.83017
0.991521 1.84634
0.993523 1.86823
0.995524 1.89585
0.997525 1.92919
0.999526 1.96825
