-1 -1.05007
-0.997998 -1.04363
-0.995996 -1.03736
-0.993994 -1.03125
-0.991992 -1.02531
-0.98999 -1.01953
-0.987988 -1.0139
-0.985986 -1.00842
-0.983984 -1.0031
-0.981982 -0.997917
-0.97998 -0.992879
-0.977978 -0.987982
-0.975976 -0.983222
-0.973974 -0.978596
-0.971972 -0.974101
-0.96997 -0.969734
-0.967968 -0.965492
-0.965966 -0.961373
-0.963964 -0.957374
-0.961962 -0.953492
-0.95996 -0.949725
-0.957958 -0.94607
-0.955956 -0.942524
-0.953954 -0.939085
-0.951952 -0.935751
-0.94995 -0.932519
-0.947948 -0.929387
-0.945946 -0.926352
-0.943944 -0.923413
-0.941942 -0.920566
-0.93994 -0.91781
-0.937938 -0.915143
-0.935936 -0.912562
-0.933934 -0.910066
-0.931932 -0.907652
-0.92993 -0.905318
-0.927928 -0.903063
-0.925926 -0.900884
-0.923924 -0.89878
-0.921922 -0.896748
-0.91992 -0.894787
-0.917918 -0.892896
-0.915916 -0.891071
-0.913914 -0.889313
-0.911912 -0.887618
-0.90991 -0.885985
-0.907908 -0.884413
-0.905906 -0.8829
-0.903904 -0.881444
-0.901902 -0.880045
-0.8999 -0.878699
-0.897898 -0.877407
-0.895896 -0.876166
-0.893894 -0.874975
-0.891892 -0.873833
-0.88989 -0.872738
-0.887888 -0.871689
-0.885886 -0.870685
-0.883884 -0.869724
-0.881882 -0.868805
-0.87988 -0.867927
-0.877878 -0.867089
-0.875876 -0.866289
-0.873874 -0.865527
-0.871872 -0.864801
-0.86987 -0.86411
-0.867868 -0.863453
-0.865866 -0.862829
-0.863864 -0.862237
-0.861862 -0.861675
-0.85986 -0.861144
-0.857858 -0.860642
-0.855856 -0.860168
-0.853854 -0.859721
-0.851852 -0.8593
-0.84985 -0.858904
-0.847848 -0.858533
-0.845846 -0.858185
-0.843844 -0.857861
-0.841842 -0.857558
-0.83984 -0.857276
-0.837838 -0.857014
-0.835836 -0.856773
-0.833834 -0.85655
-0.831832 -0.856345
-0.82983 -0.856158
-0.827828 -0.855987
-0.825826 -0.855833
-0.823824 -0.855694
-0.821822 -0.85557
-0.81982 -0.85546
-0.817818 -0.855364
-0.815816 -0.85528
-0.813814 -0.855209
-0.811812 -0.85515
-0.80981 -0.855102
-0.807808 -0.855065
-0.805806 -0.855039
-0.803804 -0.855022
-0.801802 -0.855014
-0.7998 -0.855015
-0.797798 -0.855025
-0.795796 -0.855042
-0.793794 -0.855066
-0.791792 -0.855098
-0.78979 -0.855136
-0.787788 -0.855181
-0.785786 -0.855231
-0.783784 -0.855286
-0.781782 -0.855347
-0.77978 -0.855412
-0.777778 -0.855481
-0.775776 -0.855555
-0.773774 -0.855632
-0.771772 -0.855712
-0.76977 -0.855795
-0.767768 -0.855881
-0.765766 -0.855969
-0.763764 -0.85606
-0.761762 -0.856152
-0.75976 -0.856246
-0.757758 -0.856341
-0.755756 -0.856437
-0.753754 -0.856533
-0.751752 -0.856631
-0.74975 -0.856729
-0.747748 -0.856826
-0.745746 -0.856924
-0.743744 -0.857022
-0.741742 -0.857119
-0.73974 -0.857215
-0.737738 -0.85731
-0.735736 -0.857405
-0.733734 -0.857498
-0.731732 -0.857589
-0.72973 -0.85768
-0.727728 -0.857768
-0.725726 -0.857855
-0.723724 -0.857939
-0.721722 -0.858022
-0.71972 -0.858102
-0.717718 -0.85818
-0.715716 -0.858255
-0.713714 -0.858328
-0.711712 -0.858398
-0.70971 -0.858465
-0.707708 -0.858529
-0.705706 -0.85859
-0.703704 -0.858648
-0.701702 -0.858703
-0.6997 -0.858755
-0.697698 -0.858803
-0.695696 -0.858848
-0.693694 -0.858889
-0.691692 -0.858927
-0.68969 -0.858961
-0.687688 -0.858991
-0.685686 -0.859017
-0.683684 -0.85904
-0.681682 -0.859059
-0.67968 -0.859074
-0.677678 -0.859085
-0.675676 -0.859092
-0.673674 -0.859094
-0.671672 -0.859093
-0.66967 -0.859088
-0.667668 -0.859078
-0.665666 -0.859065
-0.663664 -0.859047
-0.661662 -0.859024
-0.65966 -0.858998
-0.657658 -0.858967
-0.655656 -0.858932
-0.653654 -0.858893
-0.651652 -0.858849
-0.64965 -0.858802
-0.647648 -0.858749
-0.645646 -0.858693
-0.643644 -0.858631
-0.641642 -0.858566
-0.63964 -0.858496
-0.637638 -0.858422
-0.635636 -0.858343
-0.633634 -0.85826
-0.631632 -0.858173
-0.62963 -0.858081
-0.627628 -0.857985
-0.625626 -0.857885
-0.623624 -0.85778
-0.621622 -0.85767
-0.61962 -0.857557
-0.617618 -0.857439
-0.615616 -0.857316
-0.613614 -0.85719
-0.611612 -0.857059
-0.60961 -0.856923
-0.607608 -0.856784
-0.605606 -0.85664
-0.603604 -0.856491
-0.601602 -0.856339
-0.5996 -0.856182
-0.597598 -0.856021
-0.595596 -0.855855
-0.593594 -0.855686
-0.591592 -0.855512
-0.58959 -0.855334
-0.587588 -0.855151
-0.585586 -0.854965
-0.583584 -0.854774
-0.581582 -0.854579
-0.57958 -0.85438
-0.577578 -0.854177
-0.575576 -0.85397
-0.573574 -0.853759
-0.571572 -0.853543
-0.56957 -0.853324
-0.567568 -0.8531
-0.565566 -0.852873
-0.563564 -0.852641
-0.561562 -0.852405
-0.55956 -0.852165
-0.557558 -0.851922
-0.555556 -0.851674
-0.553554 -0.851422
-0.551552 -0.851166
-0.54955 -0.850906
-0.547548 -0.850643
-0.545546 -0.850375
-0.543544 -0.850103
-0.541542 -0.849828
-0.53954 -0.849548
-0.537538 -0.849265
-0.535536 -0.848977
-0.533534 -0.848686
-0.531532 -0.848391
-0.52953 -0.848092
-0.527528 -0.847789
-0.525526 -0.847482
-0.523524 -0.847172
-0.521522 -0.846857
-0.51952 -0.846538
-0.517518 -0.846216
-0.515516 -0.84589
-0.513514 -0.84556
-0.511512 -0.845226
-0.50951 -0.844888
-0.507508 -0.844546
-0.505506 -0.8442
-0.503503 -0.843851
-0.501501 -0.843498
-0.499499 -0.84314
-0.497497 -0.842779
-0.495495 -0.842414
-0.493493 -0.842045
-0.491491 -0.841672
-0.489489 -0.841295
-0.487487 -0.840915
-0.485485 -0.84053
-0.483483 -0.840142
-0.481481 -0.839749
-0.479479 -0.839353
-0.477477 -0.838952
-0.475475 -0.838548
-0.473473 -0.83814
-0.471471 -0.837727
-0.469469 -0.837311
-0.467467 -0.83689
-0.465465 -0.836466
-0.463463 -0.836038
-0.461461 -0.835605
-0.459459 -0.835168
-0.457457 -0.834728
-0.455455 -0.834283
-0.453453 -0.833834
-0.451451 -0.833381
-0.449449 -0.832924
-0.447447 -0.832462
-0.445445 -0.831996
-0.443443 -0.831527
-0.441441 -0.831052
-0.439439 -0.830574
-0.437437 -0.830091
-0.435435 -0.829604
-0.433433 -0.829113
-0.431431 -0.828617
-0.429429 -0.828117
-0.427427 -0.827613
-0.425425 -0.827104
-0.423423 -0.826591
-0.421421 -0.826073
-0.419419 -0.825551
-0.417417 -0.825024
-0.415415 -0.824492
-0.413413 -0.823956
-0.411411 -0.823416
-0.409409 -0.82287
-0.407407 -0.822321
-0.405405 -0.821766
-0.403403 -0.821207
-0.401401 -0.820642
-0.399399 -0.820074
-0.397397 -0.8195
-0.395395 -0.818921
-0.393393 -0.818338
-0.391391 -0.817749
-0.389389 -0.817156
-0.387387 -0.816558
-0.385385 -0.815955
-0.383383 -0.815346
-0.381381 -0.814733
-0.379379 -0.814114
-0.377377 -0.813491
-0.375375 -0.812862
-0.373373 -0.812228
-0.371371 -0.811588
-0.369369 -0.810944
-0.367367 -0.810294
-0.365365 -0.809639
-0.363363 -0.808978
-0.361361 -0.808312
-0.359359 -0.807641
-0.357357 -0.806964
-0.355355 -0.806281
-0.353353 -0.805593
-0.351351 -0.804899
-0.349349 -0.8042
-0.347347 -0.803495
-0.345345 -0.802784
-0.343343 -0.802068
-0.341341 -0.801346
-0.339339 -0.800618
-0.337337 -0.799884
-0.335335 -0.799144
-0.333333 -0.798399
-0.331331 -0.797647
-0.329329 -0.79689
-0.327327 -0.796126
-0.325325 -0.795356
-0.323323 -0.79458
-0.321321 -0.793799
-0.319319 -0.79301
-0.317317 -0.792216
-0.315315 -0.791416
-0.313313 -0.790609
-0.311311 -0.789796
-0.309309 -0.788976
-0.307307 -0.78815
-0.305305 -0.787318
-0.303303 -0.786479
-0.301301 -0.785634
-0.299299 -0.784782
-0.297297 -0.783924
-0.295295 -0.783059
-0.293293 -0.782187
-0.291291 -0.781309
-0.289289 -0.780424
-0.287287 -0.779532
-0.285285 -0.778634
-0.283283 -0.777728
-0.281281 -0.776816
-0.279279 -0.775897
-0.277277 -0.774971
-0.275275 -0.774038
-0.273273 -0.773099
-0.271271 -0.772152
-0.269269 -0.771198
-0.267267 -0.770237
-0.265265 -0.769269
-0.263263 -0.768294
-0.261261 -0.767312
-0.259259 -0.766322
-0.257257 -0.765325
-0.255255 -0.764322
-0.253253 -0.76331
-0.251251 -0.762292
-0.249249 -0.761266
-0.247247 -0.760233
-0.245245 -0.759192
-0.243243 -0.758144
-0.241241 -0.757088
-0.239239 -0.756025
-0.237237 -0.754955
-0.235235 -0.753877
-0.233233 -0.752791
-0.231231 -0.751698
-0.229229 -0.750597
-0.227227 -0.749489
-0.225225 -0.748373
-0.223223 -0.747249
-0.221221 -0.746118
-0.219219 -0.744979
-0.217217 -0.743832
-0.215215 -0.742677
-0.213213 -0.741515
-0.211211 -0.740344
-0.209209 -0.739166
-0.207207 -0.73798
-0.205205 -0.736786
-0.203203 -0.735584
-0.201201 -0.734375
-0.199199 -0.733157
-0.197197 -0.731931
-0.195195 -0.730698
-0.193193 -0.729456
-0.191191 -0.728207
-0.189189 -0.726949
-0.187187 -0.725683
-0.185185 -0.72441
-0.183183 -0.723128
-0.181181 -0.721838
-0.179179 -0.72054
-0.177177 -0.719234
-0.175175 -0.717919
-0.173173 -0.716597
-0.171171 -0.715266
-0.169169 -0.713927
-0.167167 -0.71258
-0.165165 -0.711225
-0.163163 -0.709862
-0.161161 -0.70849
-0.159159 -0.70711
-0.157157 -0.705722
-0.155155 -0.704326
-0.153153 -0.702921
-0.151151 -0.701508
-0.149149 -0.700087
-0.147147 -0.698657
-0.145145 -0.697219
-0.143143 -0.695773
-0.141141 -0.694319
-0.139139 -0.692856
-0.137137 -0.691385
-0.135135 -0.689906
-0.133133 -0.688418
-0.131131 -0.686922
-0.129129 -0.685417
-0.127127 -0.683904
-0.125125 -0.682383
-0.123123 -0.680854
-0.121121 -0.679316
-0.119119 -0.677769
-0.117117 -0.676215
-0.115115 -0.674652
-0.113113 -0.67308
-0.111111 -0.671501
-0.109109 -0.669912
-0.107107 -0.668316
-0.105105 -0.666711
-0.103103 -0.665098
-0.101101 -0.663476
-0.0990991 -0.661846
-0.0970971 -0.660208
-0.0950951 -0.658561
-0.0930931 -0.656906
-0.0910911 -0.655243
-0.0890891 -0.653571
-0.0870871 -0.651891
-0.0850851 -0.650202
-0.0830831 -0.648505
-0.0810811 -0.6468
-0.0790791 -0.645086
-0.0770771 -0.643364
-0.0750751 -0.641634
-0.0730731 -0.639895
-0.0710711 -0.638148
-0.0690691 -0.636393
-0.0670671 -0.63463
-0.0650651 -0.632858
-0.0630631 -0.631078
-0.0610611 -0.629289
-0.0590591 -0.627492
-0.0570571 -0.625687
-0.0550551 -0.623874
-0.0530531 -0.622052
-0.0510511 -0.620222
-0.049049 -0.618384
-0.047047 -0.616538
-0.045045 -0.614683
-0.043043 -0.612821
-0.041041 -0.61095
-0.039039 -0.60907
-0.037037 -0.607183
-0.035035 -0.605287
-0.033033 -0.603383
-0.031031 -0.601471
-0.029029 -0.599551
-0.027027 -0.597623
-0.025025 -0.595686
-0.023023 -0.593742
-0.021021 -0.591789
-0.019019 -0.589828
-0.017017 -0.587859
-0.015015 -0.585882
-0.013013 -0.583897
-0.011011 -0.581903
-0.00900901 -0.579902
-0.00700701 -0.577893
-0.005005 -0.575875
-0.003003 -0.57385
-0.001001 -0.571816
0.001001 -0.569775
0.003003 -0.567725
0.005005 -0.565667
0.00700701 -0.563602
0.00900901 -0.561528
0.011011 -0.559447
0.013013 -0.557357
0.015015 -0.55526
0.017017 -0.553155
0.019019 -0.551041
0.021021 -0.54892
0.023023 -0.546791
0.025025 -0.544654
0.027027 -0.542509
0.029029 -0.540356
0.031031 -0.538196
0.033033 -0.536027
0.035035 -0.533851
0.037037 -0.531666
0.039039 -0.529474
0.041041 -0.527274
0.043043 -0.525067
0.045045 -0.522851
0.047047 -0.520628
0.049049 -0.518397
0.0510511 -0.516158
0.0530531 -0.513911
0.0550551 -0.511657
0.0570571 -0.509394
0.0590591 -0.507124
0.0610611 -0.504847
0.0630631 -0.502561
0.0650651 -0.500268
0.0670671 -0.497967
0.0690691 -0.495658
0.0710711 -0.493342
0.0730731 -0.491018
0.0750751 -0.488686
0.0770771 -0.486347
0.0790791 -0.483999
0.0810811 -0.481645
0.0830831 -0.479282
0.0850851 -0.476912
0.0870871 -0.474534
0.0890891 -0.472148
0.0910911 -0.469755
0.0930931 -0.467354
0.0950951 -0.464945
0.0970971 -0.462529
0.0990991 -0.460105
0.101101 -0.457674
0.103103 -0.455234
0.105105 -0.452787
0.107107 -0.450333
0.109109 -0.447871
0.111111 -0.445401
0.113113 -0.442923
0.115115 -0.440438
0.117117 -0.437945
0.119119 -0.435445
0.121121 -0.432936
0.123123 -0.43042
0.125125 -0.427897
0.127127 -0.425366
0.129129 -0.422827
0.131131 -0.42028
0.133133 -0.417726
0.135135 -0.415164
0.137137 -0.412595
0.139139 -0.410017
0.141141 -0.407432
0.143143 -0.404839
0.145145 -0.402239
0.147147 -0.399631
0.149149 -0.397015
0.151151 -0.394391
0.153153 -0.39176
0.155155 -0.389121
0.157157 -0.386474
0.159159 -0.383819
0.161161 -0.381157
0.163163 -0.378487
0.165165 -0.375808
0.167167 -0.373123
0.169169 -0.370429
0.171171 -0.367727
0.173173 -0.365018
0.175175 -0.362301
0.177177 -0.359576
0.179179 -0.356843
0.181181 -0.354102
0.183183 -0.351353
0.185185 -0.348596
0.187187 -0.345831
0.189189 -0.343059
0.191191 -0.340278
0.193193 -0.337489
0.195195 -0.334693
0.197197 -0.331888
0.199199 -0.329075
0.201201 -0.326254
0.203203 -0.323425
0.205205 -0.320588
0.207207 -0.317743
0.209209 -0.31489
0.211211 -0.312028
0.213213 -0.309158
0.215215 -0.30628
0.217217 -0.303394
0.219219 -0.3005
0.221221 -0.297597
0.223223 -0.294686
0.225225 -0.291767
0.227227 -0.288839
0.229229 -0.285903
0.231231 -0.282959
0.233233 -0.280006
0.235235 -0.277044
0.237237 -0.274075
0.239239 -0.271096
0.241241 -0.26811
0.243243 -0.265114
0.245245 -0.26211
0.247247 -0.259098
0.249249 -0.256076
0.251251 -0.253047
0.253253 -0.250008
0.255255 -0.246961
0.257257 -0.243905
0.259259 -0.24084
0.261261 -0.237766
0.263263 -0.234684
0.265265 -0.231592
0.267267 -0.228492
0.269269 -0.225383
0.271271 -0.222265
0.273273 -0.219137
0.275275 -0.216001
0.277277 -0.212856
0.279279 -0.209702
0.281281 -0.206538
0.283283 -0.203365
0.285285 -0.200184
0.287287 -0.196993
0.289289 -0.193792
0.291291 -0.190583
0.293293 -0.187364
0.295295 -0.184135
0.297297 -0.180898
0.299299 -0.177651
0.301301 -0.174394
0.303303 -0.171128
0.305305 -0.167852
0.307307 -0.164567
0.309309 -0.161272
0.311311 -0.157968
0.313313 -0.154653
0.315315 -0.15133
0.317317 -0.147996
0.319319 -0.144653
0.321321 -0.141299
0.323323 -0.137936
0.325325 -0.134563
0.327327 -0.13118
0.329329 -0.127788
0.331331 -0.124385
0.333333 -0.120972
0.335335 -0.117549
0.337337 -0.114116
0.339339 -0.110672
0.341341 -0.107219
0.343343 -0.103755
0.345345 -0.100281
0.347347 -0.0967972
0.349349 -0.0933027
0.351351 -0.0897978
0.353353 -0.0862825
0.355355 -0.0827568
0.357357 -0.0792205
0.359359 -0.0756738
0.361361 -0.0721166
0.363363 -0.0685487
0.365365 -0.0649703
0.367367 -0.0613812
0.369369 -0.0577814
0.371371 -0.0541709
0.373373 -0.0505496
0.375375 -0.0469176
0.377377 -0.0432747
0.379379 -0.039621
0.381381 -0.0359564
0.383383 -0.0322808
0.385385 -0.0285943
0.387387 -0.0248968
0.389389 -0.0211883
0.391391 -0.0174688
0.393393 -0.0137381
0.395395 -0.00999635
0.397397 -0.00624343
0.399399 -0.00247933
0.401401 0.00129599
0.403403 0.00508254
0.405405 0.00888037
0.407407 0.0126895
0.409409 0.01651
0.411411 0.0203418
0.413413 0.024185
0.415415 0.0280396
0.417417 0.0319057
0.419419 0.0357833
0.421421 0.0396723
0.423423 0.0435729
0.425425 0.047485
0.427427 0.0514087
0.429429 0.055344
0.431431 0.059291
0.433433 0.0632496
0.435435 0.0672198
0.437437 0.0712018
0.439439 0.0751955
0.441441 0.0792009
0.443443 0.0832181
0.445445 0.0872471
0.447447 0.0912879
0.449449 0.0953405
0.451451 0.099405
0.453453 0.103481
0.455455 0.10757
0.457457 0.11167
0.459459 0.115782
0.461461 0.119906
0.463463 0.124042
0.465465 0.12819
0.467467 0.132349
0.469469 0.136521
0.471471 0.140705
0.473473 0.144901
0.475475 0.149109
0.477477 0.153329
0.479479 0.157561
0.481481 0.161805
0.483483 0.166061
0.485485 0.17033
0.487487 0.17461
0.489489 0.178903
0.491491 0.183207
0.493493 0.187524
0.495495 0.191853
0.497497 0.196194
0.499499 0.200547
0.501501 0.204912
0.503503 0.20929
0.505506 0.213679
0.507508 0.218081
0.50951 0.222495
0.511512 0.226921
0.513514 0.231359
0.515516 0.23581
0.517518 0.240272
0.51952 0.244747
0.521522 0.249234
0.523524 0.253733
0.525526 0.258244
0.527528 0.262767
0.52953 0.267302
0.531532 0.27185
0.533534 0.27641
0.535536 0.280981
0.537538 0.285565
0.53954 0.290161
0.541542 0.29477
0.543544 0.29939
0.545546 0.304022
0.547548 0.308667
0.54955 0.313323
0.551552 0.317992
0.553554 0.322672
0.555556 0.327365
0.557558 0.33207
0.55956 0.336786
0.561562 0.341515
0.563564 0.346256
0.565566 0.351009
0.567568 0.355773
0.56957 0.36055
0.571572 0.365339
0.573574 0.370139
0.575576 0.374952
0.577578 0.379776
0.57958 0.384613
0.581582 0.389461
0.583584 0.394321
0.585586 0.399193
0.587588 0.404077
0.58959 0.408973
0.591592 0.41388
0.593594 0.4188
0.595596 0.423731
0.597598 0.428674
0.5996 0.433628
0.601602 0.438595
0.603604 0.443573
0.605606 0.448563
0.607608 0.453565
0.60961 0.458578
0.611612 0.463604
0.613614 0.46864
0.615616 0.473689
0.617618 0.478749
0.61962 0.483821
0.621622 0.488905
0.623624 0.494
0.625626 0.499107
0.627628 0.504225
0.62963 0.509356
0.631632 0.514497
0.633634 0.519651
0.635636 0.524816
0.637638 0.529993
0.63964 0.535181
0.641642 0.540381
0.643644 0.545593
0.645646 0.550816
0.647648 0.556051
0.64965 0.561298
0.651652 0.566557
0.653654 0.571827
0.655656 0.577108
0.657658 0.582402
0.65966 0.587707
0.661662 0.593024
0.663664 0.598353
0.665666 0.603693
0.667668 0.609046
0.66967 0.61441
0.671672 0.619786
0.673674 0.625174
0.675676 0.630574
0.677678 0.635986
0.67968 0.64141
0.681682 0.646846
0.683684 0.652294
0.685686 0.657754
0.687688 0.663227
0.68969 0.668712
0.691692 0.674209
0.693694 0.679718
0.695696 0.68524
0.697698 0.690775
0.6997 0.696322
0.701702 0.701881
0.703704 0.707454
0.705706 0.713039
0.707708 0.718637
0.70971 0.724248
0.711712 0.729872
0.713714 0.73551
0.715716 0.74116
0.717718 0.746825
0.71972 0.752502
0.721722 0.758194
0.723724 0.763899
0.725726 0.769618
0.727728 0.775351
0.72973 0.781098
0.731732 0.786859
0.733734 0.792635
0.735736 0.798426
0.737738 0.804232
0.73974 0.810052
0.741742 0.815888
0.743744 0.821739
0.745746 0.827605
0.747748 0.833487
0.74975 0.839385
0.751752 0.8453
0.753754 0.85123
0.755756 0.857177
0.757758 0.863142
0.75976 0.869123
0.761762 0.875121
0.763764 0.881137
0.765766 0.887171
0.767768 0.893223
0.76977 0.899293
0.771772 0.905382
0.773774 0.911491
0.775776 0.917618
0.777778 0.923765
0.77978 0.929932
0.781782 0.93612
0.783784 0.942328
0.785786 0.948557
0.787788 0.954807
0.78979 0.961079
0.791792 0.967374
0.793794 0.973691
0.795796 0.980031
0.797798 0.986394
0.7998 0.992782
0.801802 0.999194
0.803804 1.00563
0.805806 1.01209
0.807808 1.01858
0.80981 1.02509
0.811812 1.03163
0.813814 1.0382
0.815816 1.0448
0.817818 1.05142
0.81982 1.05808
0.821822 1.06476
0.823824 1.07147
0.825826 1.07822
0.827828 1.08499
0.82983 1.0918
0.831832 1.09864
0.833834 1.10551
0.835836 1.11242
0.837838 1.11937
0.83984 1.12635
0.841842 1.13336
0.843844 1.14041
0.845846 1.1475
0.847848 1.15463
0.84985 1.1618
0.851852 1.16901
0.853854 1.17626
0.855856 1.18355
0.857858 1.19089
0.85986 1.19827
0.861862 1.20569
0.863864 1.21317
0.865866 1.22068
0.867868 1.22825
0.86987 1.23586
0.871872 1.24353
0.873874 1.25125
0.875876 1.25901
0.877878 1.26684
0.87988 1.27471
0.881882 1.28264
0.883884 1.29063
0.885886 1.29868
0.887888 1.30679
0.88989 1.31495
0.891892 1.32318
0.893894 1.33147
0.895896 1.33983
0.897898 1.34826
0.8999 1.35675
0.901902 1.36531
0.903904 1.37394
0.905906 1.38264
0.907908 1.39141
0.90991 1.40026
0.911912 1.40919
0.913914 1.4182
0.915916 1.42728
0.917918 1.43645
0.91992 1.4457
0.921922 1.45504
0.923924 1.46446
0.925926 1.47397
0.927928 1.48357
0.92993 1.49326
0.931932 1.50305
0.933934 1.51294
0.935936 1.52292
0.937938 1.53301
0.93994 1.54319
0.941942 1.55348
0.943944 1.56388
0.945946 1.57439
0.947948 1.585
0.94995 1.59574
0.951952 1.60658
0.953954 1.61755
0.955956 1.62863
0.957958 1.63984
0.95996 1.65118
0.961962 1.66264
0.963964 1.67423
0.965966 1.68596
0.967968 1.69782
0.96997 1.70982
0.971972 1.72197
0.973974 1.73425
0.975976 1.74669
0.977978 1.75927
0.97998 1.77201
0.981982 1.7849
0.983984 1.79795
0.985986 1.81117
0.987988 1.82455
0.98999 1.83809
0.991992 1.85181
0.993994 1.86571
0.995996 1.87978
0.997998 1.89404
1 1.90848
